query_order,round,flat_index,row_index,row_label,algorithm_index,algorithm,utility,acquisition,predicted_runtime_mean,predicted_runtime_sd,score,runtime
1,0,8948,1278,4jh6_FCN_A_202,2,diffdock,,,,,0.9769617,11.722627
2,0,2243,320,1pr0_NOS_B_1246,3,diffdock_l,,,,,0,41.183654
3,0,9855,1407,4qya_LU2_B_201,6,smina,,,,,1.862577e-09,2.0323993
4,0,15402,2200,6gl4_GLU_A_301,2,diffdock,,,,,0,21.67527
5,0,1179,168,1iri_E4P_A_601,3,diffdock_l,,,,,4.3296366e-105,37.772654
6,0,8699,1242,4i0g_1B9_A_504,5,autodock,,,,,0.00077628399,4.8116536
7,0,646,92,1g79_PLP_A_260,2,diffdock,,,,,1.9076807e-08,17.18079
8,0,17286,2469,6tof_NQE_A_201,3,diffdock_l,,,,,2.8512982e-33,28.791703
9,0,12083,1726,5goo_FRU_C_501,1,unimol,,,,,0,19.04
10,0,4373,624,2g21_L1B_B_985,5,autodock,,,,,0,20.627098
11,0,1680,240,1lqp_FCN_A_4004,0,surfdock,,,,,0,2.0970711
12,0,10136,1448,4ug6_H4B_A_902,0,surfdock,,,,,0.4849042,6.3408618
13,0,17662,2523,6zac_QDE_A_4000,1,unimol,,,,,0.9478002,23.68
14,0,4528,646,2i1v_F6P_B_720,6,smina,,,,,1.1663864e-07,1.7660731
15,0,8330,1190,4evq_PHB_A_406,0,surfdock,,,,,0.99542033,2.539842
16,0,3046,435,1w1a_NDG_2_1261,1,unimol,,,,,0.90850903,17.98
17,0,14416,2059,5yb7_ORN_D_603,3,diffdock_l,,,,,3.2594507e-72,40.819264
18,0,2190,312,1pi3_TZD_A_530,6,smina,,,,,0,9.3188683
19,0,7879,1125,4cmk_FQW_C_1270,4,gnina,,,,,0.00060229797,4.4933492
20,0,7632,1090,4c2p_X8Z_A_709,2,diffdock,,,,,0,29.081036
21,0,1710,244,1lti_GAL_D_104,2,diffdock,,,,,0,19.537357
22,0,551,78,1fqo_F6R_A_1268,5,autodock,,,,,0.037040356,14.673809
23,0,17735,2533,7bqu_EF2_A_501,4,gnina,,,,,0.99712986,2.6760591
24,0,5812,830,2xyj_WLM_A_1441,2,diffdock,,,,,0.98419857,34.010516
25,0,5479,782,2vlf_PLI_A_1457,5,autodock,,,,,0,23.137562
26,0,17627,2518,6y4z_TLA_D_301,1,unimol,,,,,0,29.42
27,0,640,91,1g72_PQQ_C_703,3,diffdock_l,,,,,0,53.440561
28,0,13704,1957,5uda_CAE_A_502,5,autodock,,,,,0,12.997915
29,0,6906,986,3wca_FPS_A_501,4,gnina,,,,,0.017159375,8.0192229
30,0,17457,2493,6v8n_QS1_A_1704,6,smina,,,,,0,16.367767
31,0,9823,1403,4qe1_RUU_A_403,2,diffdock,,,,,0.98901937,20.252438
32,0,5549,792,2w7k_PLP_A_501,5,autodock,,,,,1.9439347e-06,9.5577265
33,0,7373,1053,4ajj_88S_C_1334,2,diffdock,,,,,7.8162077e-39,38.757879
34,0,15792,2256,6krs_CIT_C_301,0,surfdock,,,,,0.032461642,2.9503466
35,0,13678,1954,5ud0_G3H_B_406,0,surfdock,,,,,0,2.5357622
36,0,13736,1962,5uio_8DM_E_202,2,diffdock,,,,,0,34.808154
37,0,17718,2531,7bp1_CAQ_C_401,1,unimol,,,,,0.99556071,23.19
38,0,15250,2178,6flu_DTK_A_402,4,gnina,,,,,4.0045066e-07,4.0243242
39,0,16515,2359,6pk1_PLP_A_501,2,diffdock,,,,,0,31.9881
40,0,2901,414,1ubs_SER_B_398,3,diffdock_l,,,,,0,36.490811
41,0,9851,1407,4qya_LU2_B_201,2,diffdock,,,,,0.79086406,15.883396
42,0,7381,1054,4ajj_88S_D_1332,3,diffdock_l,,,,,7.0424534e-39,37.468587
43,0,13734,1962,5uio_8DM_E_202,0,surfdock,,,,,0.98849882,3.343181
44,0,10544,1506,4ynu_LGC_A_603,2,diffdock,,,,,1.2966982e-46,18.281177
45,0,6319,902,3roe_THM_B_265,5,autodock,,,,,0,482.17336
46,0,3427,489,1zei_CRS_C_56,4,gnina,,,,,0.88448169,1.6180366
47,0,5585,797,2wdq_TEO_E_1589,6,smina,,,,,0.9623516,1.0322953
48,0,6329,904,3roe_THM_D_265,1,unimol,,,,,0,18.29
49,0,8978,1282,4jp3_CIT_A_301,4,gnina,,,,,0.060732711,2.1750515
50,0,2936,419,1uxi_FUM_B_1311,3,diffdock_l,,,,,7.7265714e-35,17.819571
51,0,174,24,1bit_BEN_A_247,6,smina,,,,,1.7893769e-07,0.59504661
52,0,7727,1103,4cjv_IV2_B_1215,6,smina,,,,,0.052108639,0.87846395
53,0,17784,2540,7joc_ARZ_A_302,4,gnina,,,,,0.96316359,3.0039637
54,0,7729,1104,4cjw_CBJ_A_1215,1,unimol,,,,,0.94785945,20.91
55,0,1158,165,1if4_FBS_A_555,3,diffdock_l,,,,,0.99561912,15.26321
56,0,5618,802,2wj4_HQD_B_1278,4,gnina,,,,,0.99123582,2.7892692
57,0,9228,1318,4lxi_22J_A_301,2,diffdock,,,,,0.75393012,28.707507
58,0,11428,1632,5di7_5CQ_B_601,4,gnina,,,,,0.91039536,3.641317
59,0,5118,731,2qd4_CHD_A_803,1,unimol,,,,,0.9894045,27.41
60,0,1695,242,1lro_PEP_A_1268,1,unimol,,,,,0.97226163,22.82
61,0,353,50,1dna_CB3_B_602,3,diffdock_l,,,,,0,28.001163
62,0,7212,1030,3zwt_ORO_A_1398,2,diffdock,,,,,1.5108151e-08,20.187791
63,0,14774,2110,6acn_TRC_A_899,4,gnina,,,,,4.7748096e-05,2.4009249
64,0,10073,1439,4u8p_UDP_C_603,0,surfdock,,,,,0.97078699,2.6824547
65,0,16259,2322,6nig_NAG_A_605,5,autodock,,,,,1.0605906e-08,6.1617433
66,0,12817,1831,5kcj_6RM_B_302,0,surfdock,,,,,0,4.1154145
67,0,2332,333,1q22_AND_A_401,1,unimol,,,,,0.99136811,15.91
68,0,5005,715,2pt6_S4M_B_502,0,surfdock,,,,,0,5.8572961
69,0,8211,1173,4e7v_CRS_K_101,0,surfdock,,,,,0.99652202,2.2220873
70,0,10713,1530,4zdz_TPF_A_602,3,diffdock_l,,,,,0.00016676997,41.244345
71,0,6099,871,2zut_A2G_A_4001,2,diffdock,,,,,0,30.149476
72,0,9326,1332,4mju_27S_A_501,2,diffdock,,,,,0,40.914213
73,0,8431,1204,4gcq_0JM_A_401,3,diffdock_l,,,,,2.8373621e-11,34.580545
74,0,11784,1683,5f79_4V7_A_4000,3,diffdock_l,,,,,0.0002429531,17.376955
75,0,9881,1411,4r2n_PLP_A_401,4,gnina,,,,,0.97958681,9.2934236
76,0,12841,1834,5kcp_PFB_A_379,3,diffdock_l,,,,,2.8523636e-27,27.865587
77,0,16296,2328,6nnp_G6P_A_502,0,surfdock,,,,,0.94313773,3.0576638
78,0,8675,1239,4i0b_CMP_A_301,2,diffdock,,,,,0,28.183251
79,0,1932,276,1njr_XYL_A_285,0,surfdock,,,,,0.9371685,2.4862078
80,0,1107,158,1hot_16G_B_271,1,unimol,,,,,0.968443,25.19
81,0,7775,1110,4cld_JUO_D_1270,5,autodock,,,,,0.00035335744,12.784138
82,0,8316,1188,4ekr_0R0_B_203,0,surfdock,,,,,0,2.5570276
83,0,8517,1216,4h0x_LAR_B_403,5,autodock,,,,,0,16.85523
84,0,1377,196,1jhv_NIO_A_991,5,autodock,,,,,0,9.350861
85,0,16157,2308,6nbw_LAB_A_403,1,unimol,,,,,0.99437893,22.7
86,0,5423,774,2v32_BEZ_D_1221,5,autodock,,,,,0.072531026,11.669397
87,0,8217,1173,4e7v_CRS_K_101,6,smina,,,,,0.98171348,0.80518463
88,0,16402,2343,6ofr_BOG_A_804,1,unimol,,,,,0,29.08
89,0,7647,1092,4c7g_NGO_A_1495,3,diffdock_l,,,,,0,28.724231
90,0,11184,1597,5bwr_4VT_A_402,5,autodock,,,,,2.6589126e-05,5.8202094
91,0,13042,1863,5m0t_AKG_B_302,1,unimol,,,,,0.92740159,22.23
92,0,13482,1926,5tch_MLI_G_301,0,surfdock,,,,,0.99705808,2.3257489
93,0,1197,171,1isx_XYP_A_1461,0,surfdock,,,,,0.032025759,2.0609899
94,0,2542,363,1sff_IK2_C_450,1,unimol,,,,,0.97676207,23.29
95,0,9303,1329,4mig_G3F_A_802,0,surfdock,,,,,0.95445049,2.6523262
96,0,15967,2281,6lx5_C5F_B_502,0,surfdock,,,,,5.4205958e-07,3.3250002
97,0,9863,1409,4r08_URI_B_901,0,surfdock,,,,,0.98503086,3.0891067
98,0,215,30,1ca7_ENO_B_601,5,autodock,,,,,0.98667335,24.172616
99,0,1444,206,1jyx_IPT_B_2001,2,diffdock,,,,,0,30.149476
100,0,11485,1640,5dnx_5LD_B_201,5,autodock,,,,,0,13.620499
101,0,6959,994,3wk1_O7E_A_301,1,unimol,,,,,0,23.09
102,0,17590,2512,6xim_XLS_C_397,6,smina,,,,,0.34211676,1.1136695
103,0,13365,1909,5ooa_URI_A_201,2,diffdock,,,,,0,10.575054
104,0,8874,1267,4itu_1HS_A_302,5,autodock,,,,,1.6021101e-06,9.2484648
105,0,16477,2353,6ooi_PGA_H_302,6,smina,,,,,0.53983538,1.044435
106,0,3146,449,1x29_PMG_A_413,3,diffdock_l,,,,,9.4348307e-38,15.3719
107,0,14342,2048,5y8p_3OH_B_301,6,smina,,,,,1.3522448e-08,0.69845922
108,0,2225,317,1pl6_572_D_411,6,smina,,,,,0,2.7356982
109,0,2324,332,1q20_PLO_A_401,0,surfdock,,,,,4.5957738e-07,3.7948015
110,0,12832,1833,5kcp_PFB_A_378,1,unimol,,,,,0.96046529,24.13
111,0,5890,841,2yjd_YJD_B_1498,3,diffdock_l,,,,,0.99529141,26.195688
112,0,11135,1590,5b4o_6DQ_C_201,5,autodock,,,,,0,7.3657974
113,0,6184,883,3qfx_CP6_B_702,3,diffdock_l,,,,,0.97853974,23.658341
114,0,11848,1692,5fes_9SE_A_409,4,gnina,,,,,0.12730118,2.1319385
115,0,7857,1122,4cme_KTZ_C_1270,3,diffdock_l,,,,,0,28.001163
116,0,7245,1035,4a01_2PN_B_1773,0,surfdock,,,,,0.99262336,2.6188898
117,0,9954,1422,4rp9_ASC_A_501,0,surfdock,,,,,0,2.7991588
118,0,10625,1517,4z69_DIF_A_1007,6,smina,,,,,0,3.2204887
119,0,13528,1932,5tdt_MBN_D_501,4,gnina,,,,,0.99751706,9.5945682
120,0,14998,2142,6dmi_5T5_A_504,4,gnina,,,,,0.57661169,5.4326481
121,0,11660,1665,5eo7_SFU_B_404,5,autodock,,,,,0.99570935,11.406977
122,0,10293,1470,4wca_CIT_A_401,3,diffdock_l,,,,,0,28.001163
123,0,8105,1157,4do1_ANN_B_502,6,smina,,,,,0,0.96018997
124,0,13900,1985,5vrj_R07_A_204,5,autodock,,,,,0,13.56395
125,0,6517,931,3tye_XHP_B_901,0,surfdock,,,,,0.99356677,2.8008604
126,0,2446,349,1rnd_DGP_A_126,3,diffdock_l,,,,,8.5571704e-14,12.992678
127,0,4887,698,2o7b_HC4_G_701,1,unimol,,,,,0.9905619,31.18
128,0,1707,243,1lro_PEP_B_2268,6,smina,,,,,0.59693929,0.95757428
129,0,7676,1096,4cdt_M48_A_801,4,gnina,,,,,3.4183517e-08,5.6012896
130,0,651,93,1g79_PLP_A_270,0,surfdock,,,,,3.2833526e-06,2.466289
131,0,16588,2369,6po9_OS7_A_803,5,autodock,,,,,3.7888357e-14,8.9453424
132,0,4129,589,2eup_LG4_A_400,6,smina,,,,,6.8116109e-08,0.60293489
133,0,15166,2166,6f77_PLP_D_600,4,gnina,,,,,0.98392027,7.3605864
134,0,6780,968,3vqe_FMQ_A_1006,4,gnina,,,,,0.94627712,2.0925718
135,0,20,2,1a49_OXL_D_2333,6,smina,,,,,2.9561683e-05,0.70891272
136,0,6304,900,3rgz_BLD_A_800,4,gnina,,,,,0.9708063,5.6475863
137,0,1492,213,1kar_HSM_B_503,1,unimol,,,,,0.97095689,19.41
138,0,14022,2003,5w8q_BU4_A_400,1,unimol,,,,,0.97220017,17.38
139,0,10058,1436,4u7g_K17_A_303,6,smina,,,,,0.0027742723,0.65359769
140,0,4962,708,2pin_LEG_A_501,6,smina,,,,,0,2.4674091
141,0,4817,688,2nu7_COA_B_1325,1,unimol,,,,,0.9252946,29.51
142,0,256,36,1ck6_SHA_A_900,4,gnina,,,,,3.130899e-07,1.7403715
143,0,4156,593,2f3s_7GP_A_998,5,autodock,,,,,0,14.390365
144,0,16571,2367,6png_OSG_A_803,2,diffdock,,,,,0,45.20038
145,0,6751,964,3vq4_0NX_A_304,3,diffdock_l,,,,,4.9142656e-18,16.584412
146,0,1682,240,1lqp_FCN_A_4004,2,diffdock,,,,,0,13.013843
147,0,16435,2347,6oha_XAN_A_501,6,smina,,,,,0.98474906,0.83852701
148,0,4589,655,2ij7_TPF_B_2470,4,gnina,,,,,0.0014848938,22.927304
149,0,14543,2077,5z54_0HZ_C_303,4,gnina,,,,,0.36996428,3.3456788
150,0,13931,1990,5vv0_9OM_A_803,1,unimol,,,,,0.98688188,21.58
151,0,9891,1413,4r3n_3GQ_B_404,0,surfdock,,,,,0.86026705,2.7528801
152,0,10459,1494,4xpq_FUL_A_1004,1,unimol,,,,,0,19.61
153,0,723,103,1gkc_NFH_A_1448,2,diffdock,,,,,0,18.58859
154,0,921,131,1h48_CDI_F_902,4,gnina,,,,,0.99193123,3.0821893
155,0,1155,165,1if4_FBS_A_555,0,surfdock,,,,,0.99666889,2.6735158
156,0,12784,1826,5jp9_DCM_A_401,2,diffdock,,,,,0,31.426423
157,0,13488,1926,5tch_MLI_G_301,6,smina,,,,,0.62485001,0.81403328
158,0,15452,2207,6hl9_SIN_A_402,3,diffdock_l,,,,,0,21.890399
159,0,5004,714,2prl_ORO_A_399,6,smina,,,,,0,0.78577325
160,0,10076,1439,4u8p_UDP_C_603,3,diffdock_l,,,,,0,31.486868
161,0,1868,266,1msv_PUT_A_355,6,smina,,,,,0.89947524,0.69653748
162,0,981,140,1h5r_THM_C_1292,1,unimol,,,,,0,21.46
163,0,15566,2223,6hsg_GM5_A_504,5,autodock,,,,,0,8.2453096
164,0,17362,2480,6u6c_P1T_F_805,2,diffdock,,,,,0,50.325924
165,0,2988,426,1vje_MSE_A_401,6,smina,,,,,1.1335214e-06,1.0245533
166,0,2525,360,1s83_4HA_A_5,5,autodock,,,,,0.0084111264,10.334272
167,0,807,115,1h18_DTL_B_9009,2,diffdock,,,,,0,36.214218
168,0,2378,339,1qjc_PNS_B_1163,5,autodock,,,,,1.6941437e-12,14.554013
169,0,13163,1880,5n8c_8Q8_B_403,3,diffdock_l,,,,,0,32.837723
170,0,8158,1165,4du7_DP6_B_401,3,diffdock_l,,,,,2.5978831e-51,30.860766
171,0,10157,1451,4ugg_S5D_A_904,0,surfdock,,,,,0.10672969,3.5479889
172,0,5041,720,2q28_TPP_B_5001,1,unimol,,,,,0.97857761,21.4
173,0,1875,267,1msv_PUT_B_355,6,smina,,,,,0.98670242,0.71380387
174,0,970,138,1h5r_THM_A_1293,4,gnina,,,,,0.56096788,3.5425287
175,0,15584,2226,6i4b_E2N_B_603,2,diffdock,,,,,0,31.721468
176,0,10168,1452,4uoc_NCN_A_400,4,gnina,,,,,0.97957049,4.4145639
177,0,6273,896,3r3z_GOA_B_305,1,unimol,,,,,0,20.07
178,0,15740,2248,6jyg_FLC_C_401,4,gnina,,,,,0.026896269,5.3898483
179,0,719,102,1giu_ADE_A_300,5,autodock,,,,,0.049243801,3.9859481
180,1,16471,2353,6ooi_PGA_H_302,0,surfdock,0.77513122,1.4418763,0.81314844,0,0.98955924,2.4886914
181,1,4586,655,2ij7_TPF_B_2470,1,unimol,0.66941106,1.4409758,0.81314844,0,0.96769021,36.53
182,1,253,36,1ck6_SHA_A_900,1,unimol,0.66941106,1.415129,1.052229,0,0.98775244,18.91
183,1,16429,2347,6oha_XAN_A_501,0,surfdock,1.0511529,1.3609912,1.5988228,0,0.0021679904,2.247587
184,1,8100,1157,4do1_ANN_B_502,1,unimol,0.66941106,1.3416557,1.7409415,0,0.98563776,18.17
185,1,449,64,1e8g_FCR_B_601,1,unimol,0.66941106,1.3355695,0.81314844,0,0.97599423,16.59
186,1,505,72,1fds_EST_A_350,1,unimol,0.66941106,1.3355695,0.81314844,0,0.83103234,21.76
187,1,1128,161,1hsr_BHO_A_800,1,unimol,0.66941106,1.3355695,0.81314844,0,0.99188539,21.33
188,1,1611,230,1kya_XYD_B_612,1,unimol,0.66941106,1.3355695,0.81314844,0,0.9752551,22.22
189,1,1968,281,1nrg_PLP_A_320,1,unimol,0.66941106,1.3355695,0.81314844,0,0.93683635,25.32
190,1,2528,361,1sep_BIO_A_801,1,unimol,0.66941106,1.3355695,0.81314844,0,0,14.61
191,1,2626,375,1t87_CAM_A_1422,1,unimol,0.66941106,1.3355695,0.81314844,0,0.98911503,19.79
192,1,2633,376,1t87_CAM_B_2422,1,unimol,0.66941106,1.3355695,0.81314844,0,0.97759823,16.62
193,1,2640,377,1t93_FLV_A_431,1,unimol,0.66941106,1.3355695,0.81314844,0,0.97238069,24.43
194,1,2647,378,1t93_FLV_A_432,1,unimol,0.66941106,1.3355695,0.81314844,0,0.9833779,16.77
195,1,2920,417,1uux_PPI_A_1165,1,unimol,0.66941106,1.3355695,0.81314844,0,0.93079883,20.12
196,1,3305,472,1yik_MM1_A_501,1,unimol,0.66941106,1.3355695,0.81314844,0,0.66515264,17.22
197,1,3326,475,1z11_8MO_A_501,1,unimol,0.66941106,1.3355695,0.81314844,0,0.94629097,22.9
198,1,3333,476,1z11_8MO_B_501,1,unimol,0.66941106,1.3355695,0.81314844,0,0.92397906,25.44
199,1,3340,477,1z11_8MO_C_501,1,unimol,0.66941106,1.3355695,0.81314844,0,0.94893196,21.72
200,1,3347,478,1z11_8MO_D_501,1,unimol,0.66941106,1.3355695,0.81314844,0,0.95399632,24.52
201,1,3459,494,1zg3_2HI_A_365,1,unimol,0.66941106,1.3355695,0.81314844,0,0.98039737,16.81
202,1,3599,514,2a1m_CAM_A_1422,1,unimol,0.66941106,1.3355695,0.81314844,0,0.9879787,16.74
203,1,3606,515,2a1m_CAM_B_2422,1,unimol,0.66941106,1.3355695,0.81314844,0,0.99117567,20.04
204,1,3655,522,2ahc_VNL_A_166,1,unimol,0.66941106,1.3355695,0.81314844,0,0.99258572,22.29
205,1,3662,523,2ahc_VNL_B_266,1,unimol,0.66941106,1.3355695,0.81314844,0,0.96299562,16.4
206,1,3669,524,2ahc_VNL_C_366,1,unimol,0.66941106,1.3355695,0.81314844,0,0.99022294,15.83
207,1,3676,525,2ahc_VNL_D_466,1,unimol,0.66941106,1.3355695,0.81314844,0,0,16.72
208,1,3690,527,2aiq_BEN_A_401,1,unimol,0.66941106,1.3355695,0.81314844,0,0.98338686,18.68
209,1,3998,571,2d0e_NQ_A_410,1,unimol,0.66941106,1.3355695,0.81314844,0,0.98804439,14.5
210,1,4159,594,2f64_12Q_A_472,1,unimol,0.66941106,1.3355695,0.81314844,0,1.3388283e-33,16.95
211,1,4166,595,2f64_12Q_B_471,1,unimol,0.66941106,1.3355695,0.81314844,0,1.1648884e-33,13.49
212,1,4180,597,2f78_BEZ_A_1003,1,unimol,0.66941106,1.3355695,0.81314844,0,0.99297058,15.91
213,1,4187,598,2f78_BEZ_B_1002,1,unimol,0.66941106,1.3355695,0.81314844,0,0.9960496,23.36
214,1,4194,599,2f78_BEZ_B_1004,1,unimol,0.66941106,1.3355695,0.81314844,0,0.99145624,23.28
215,1,4201,600,2f78_BEZ_B_1005,1,unimol,0.66941106,1.3355695,0.81314844,0,0.98672432,17.7
216,1,4257,608,2fpu_HSO_B_509,1,unimol,0.66941106,1.3355695,0.81314844,0,0,18.68
217,1,4488,641,2hi4_BHF_A_800,1,unimol,0.66941106,1.3355695,0.81314844,0,0.99804217,24.43
218,1,4579,654,2ij7_TPF_A_2472,1,unimol,0.66941106,1.3355695,0.81314844,0,0.67248848,29.57
219,1,4593,656,2ij7_TPF_D_2473,1,unimol,0.66941106,1.3355695,0.81314844,0,0.73624655,27.09
220,1,4600,657,2ij7_TPF_F_2474,1,unimol,0.66941106,1.3355695,0.81314844,0,0.12362351,27.72
221,1,4607,658,2ipf_FFA_B_4,1,unimol,0.66941106,1.3355695,0.81314844,0,0.98383379,21.43
222,1,4677,668,2j5z_GAL_A_1278,1,unimol,0.66941106,1.3355695,0.81314844,0,0.85290041,16.08
223,1,5237,748,2r0g_7CK_A_1355,1,unimol,0.66941106,1.3355695,0.81314844,0,0.98968096,24.16
224,1,5244,749,2r0g_7CK_B_1357,1,unimol,0.66941106,1.3355695,0.81314844,0,0.98391776,23.7
225,1,5426,775,2v60_C17_A_1503,1,unimol,0.66941106,1.3355695,0.81314844,0,0.99078766,23.68
226,1,5433,776,2v60_C17_B_1498,1,unimol,0.66941106,1.3355695,0.81314844,0,0.99522476,24.16
227,1,5454,779,2vjb_CCD_A_1539,1,unimol,0.66941106,1.3355695,0.81314844,0,0,24.42
228,1,5461,780,2vjb_CCD_A_1540,1,unimol,0.66941106,1.3355695,0.81314844,0,0.9720178,22.29
229,1,5720,817,2xmi_FLC_A_1379,1,unimol,0.66941106,1.3355695,0.81314844,0,0.9611541,16.84
230,2,1869,267,1msv_PUT_B_355,0,surfdock,1.0049392,1.4425308,0.91010809,0,0.93965909,2.4776504
231,2,5579,797,2wdq_TEO_E_1589,0,surfdock,1.0044823,1.4424487,0.91010809,0,0,2.4780091
232,2,1862,266,1msv_PUT_A_355,0,surfdock,1.0034153,1.4423666,0.91010809,0,0,2.2164919
233,2,14771,2110,6acn_TRC_A_899,1,unimol,1.0000043,1.4421203,0.91010809,0,0.21080806,20.4
234,2,6903,986,3wca_FPS_A_501,1,unimol,1.000004,1.4419561,0.91010809,0,0.82798246,33.4
235,2,15737,2248,6jyg_FLC_C_401,1,unimol,1.0000039,1.441874,0.91010809,0,0.74389791,24.29
236,2,11845,1692,5fes_9SE_A_409,1,unimol,1.0000025,1.4417098,0.91010809,0,0.97577998,18.3
237,2,984,140,1h5r_THM_C_1292,4,gnina,0.93518391,1.441094,0.91010809,0,0.16647514,3.3963155
238,2,4162,594,2f64_12Q_A_472,4,gnina,0.93518391,1.441094,0.91010809,0,0.10329489,1.9793988
239,2,4169,595,2f64_12Q_B_471,4,gnina,0.93518391,1.441094,0.91010809,0,6.7573112e-06,2.0018684
240,2,4260,608,2fpu_HSO_B_509,4,gnina,0.93518391,1.441094,0.91010809,0,7.5173096e-05,3.2524114
241,2,5457,779,2vjb_CCD_A_1539,4,gnina,0.93518391,1.441094,0.91010809,0,0.066573815,3.5134884
242,2,6332,904,3roe_THM_D_265,4,gnina,0.93518391,1.441094,0.91010809,0,0.98352505,9.8918127
243,2,10462,1494,4xpq_FUL_A_1004,4,gnina,0.93518391,1.441094,0.91010809,0,0.00046264559,1.968597
244,2,17630,2518,6y4z_TLA_D_301,4,gnina,0.93518391,1.441094,0.91010809,0,0.97516837,3.2956399
245,2,14540,2077,5z54_0HZ_C_303,1,unimol,0.88856669,1.4404783,0.91010809,0,0.97021343,21.81
246,2,2220,317,1pl6_572_D_411,1,unimol,0.80190025,1.4399446,0.91010809,0,0.95630496,25.19
247,2,4999,714,2prl_ORO_A_399,1,unimol,0.80190025,1.4399446,0.91010809,0,0.86085771,23.27
248,2,10620,1517,4z69_DIF_A_1007,1,unimol,0.80190025,1.4399446,0.91010809,0,0.98504842,23.84
249,2,169,24,1bit_BEN_A_247,1,unimol,0.80190022,1.439411,0.91010809,0,0.83814091,18.28
250,2,2983,426,1vje_MSE_A_401,1,unimol,0.80190009,1.4393289,0.91010809,0,0.89802039,18.57
251,2,15,2,1a49_OXL_D_2333,1,unimol,0.80189611,1.4392468,0.91010809,0,0.96645288,23.9
252,2,7722,1103,4cjv_IV2_B_1215,1,unimol,0.79460532,1.4390826,0.91010809,0,0.99581782,17.96
253,2,7876,1125,4cmk_FQW_C_1270,1,unimol,1.0000043,1.4389906,0.9362604,0,0.9273197,22.78
254,2,5006,715,2pt6_S4M_B_502,1,unimol,0.78045656,1.4385899,0.91010809,0,0.97815566,23.43
255,2,8317,1188,4ekr_0R0_B_203,1,unimol,0.78045656,1.4385899,0.91010809,0,0.99207739,21.16
256,2,1198,171,1isx_XYP_A_1461,1,unimol,0.77934721,1.4380973,0.91010809,0,0.96506034,15.52
257,2,15793,2256,6krs_CIT_C_301,1,unimol,0.77933211,1.4380152,0.91010809,0,0.92480209,30.61
258,2,16472,2353,6ooi_PGA_H_302,1,unimol,0.77640448,1.4376868,0.91010809,0,0.95599085,25.17
259,2,8331,1190,4evq_PHB_A_406,1,unimol,0.77618273,1.4376047,0.91010809,0,0.99270094,21.71
260,2,6518,931,3tye_XHP_B_901,1,unimol,0.77613199,1.4375226,0.91010809,0,0.99357731,19.36
261,2,9864,1409,4r08_URI_B_901,1,unimol,0.77589833,1.4373584,0.91010809,0,0,27.43
262,2,13483,1926,5tch_MLI_G_301,1,unimol,0.77261268,1.4368658,0.91010809,0,0.8127758,32.48
263,2,10074,1439,4u8p_UDP_C_603,1,unimol,0.77250608,1.4367837,0.91010809,0,0,26.53
264,2,9822,1403,4qe1_RUU_A_403,1,unimol,0.77050076,1.4366195,0.91010809,0,0,21.11
265,2,351,50,1dna_CB3_B_602,1,unimol,0.76349272,1.435429,0.91010809,0,0,29.86
266,2,638,91,1g72_PQQ_C_703,1,unimol,0.76349272,1.435429,0.91010809,0,0,22.33
267,2,1177,168,1iri_E4P_A_601,1,unimol,0.76349272,1.435429,0.91010809,0,0.95515978,27.99
268,2,2241,320,1pr0_NOS_B_1246,1,unimol,0.76349272,1.435429,0.91010809,0,0,26.39
269,2,7645,1092,4c7g_NGO_A_1495,1,unimol,0.76349272,1.435429,0.91010809,0,0,21.18
270,2,7855,1122,4cme_KTZ_C_1270,1,unimol,0.76349272,1.435429,0.91010809,0,0,18.72
271,2,8156,1165,4du7_DP6_B_401,1,unimol,0.76349272,1.435429,0.91010809,0,0.96139828,24.26
272,2,10291,1470,4wca_CIT_A_401,1,unimol,0.76349272,1.435429,0.91010809,0,0.85602974,24.42
273,2,17284,2469,6tof_NQE_A_201,1,unimol,0.76349272,1.435429,0.91010809,0,0.98998999,18.42
274,2,2444,349,1rnd_DGP_A_126,1,unimol,0.76349272,1.434649,0.91010809,0,0,22.83
275,2,8429,1204,4gcq_0JM_A_401,1,unimol,0.76349272,1.4345669,0.91010809,0,0.91666671,24.53
276,2,10711,1530,4zdz_TPF_A_602,1,unimol,0.76349178,1.4344848,0.91010809,0,0.99033853,18.71
277,2,11782,1683,5f79_4V7_A_4000,1,unimol,0.76349135,1.4344027,0.91010809,0,0,20.23
278,2,22,3,1a49_OXL_F_4133,1,unimol,0.76287765,1.4343206,0.91010809,0,0.87115368,33.36
279,2,29,4,1a59_CIT_A_379,1,unimol,0.76287765,1.4341564,0.91010809,0,0.93714712,20.12
280,3,12237,1748,5hpu_IPH_A_101,1,unimol,0.73195475,1.3379634,1.018117,0,0.98832659,18.52
281,3,12244,1749,5hpu_IPH_C_101,1,unimol,0.73195475,1.3379634,1.018117,0,0.97854959,15.88
282,3,16948,2421,6s23_KSW_A_402,1,unimol,0.73195475,1.3379634,1.018117,0,0.97221637,24.97
283,3,16955,2422,6s23_KSW_A_403,1,unimol,0.73195475,1.3379634,1.018117,0,0.99324105,24.23
284,3,10424,1489,4xf0_CYS_A_502,1,unimol,0.73195475,1.3366365,1.0297946,0,0.94212112,22.95
285,3,5804,829,2xum_OGA_A_601,1,unimol,0.73195475,1.3309111,1.0805428,0,0.97602299,17.25
286,3,16619,2374,6q4k_HHW_A_301,1,unimol,0.73195475,1.3245097,1.1379849,0,0.9802355,19.6
287,3,10606,1515,4z2w_AKG_A_401,1,unimol,0.73195475,1.3243769,1.1391844,0,0.87459617,18.49
288,3,10242,1463,4uzi_IMD_B_1456,1,unimol,0.73195475,1.3137122,1.2365918,0,0.99299115,23.87
289,3,9087,1298,4kwk_CSS_A_302,1,unimol,0.73195475,1.3112905,1.2590086,0,0,19.68
290,3,10235,1462,4uzi_IMD_B_1455,1,unimol,0.73195475,1.3092212,1.2782547,0,0.64089495,22.48
291,3,3970,567,2coj_GBN_A_420,1,unimol,0.73195475,1.3031696,1.335011,0,0.99189584,16.49
292,3,3977,568,2coj_GBN_B_420,1,unimol,0.73195475,1.3031696,1.335011,0,0.98307273,24.31
293,3,1856,265,1mrj_ADN_A_300,1,unimol,0.73195475,1.2980216,1.3838577,0,0.98721051,13.24
294,3,13532,1933,5thu_GGG_B_405,1,unimol,0.73195475,1.298007,1.3839955,0,0.97810953,22.32
295,3,16430,2347,6oha_XAN_A_501,1,unimol,0.8539349,1.2963013,2.3760867,0,0.08738534,19.61
296,3,6161,880,3kt7_AKG_A_702,1,unimol,0.73195475,1.2912032,1.4493684,0,0.98618209,20.29
297,3,3053,436,1w3t_3GR_A_1297,1,unimol,0.73195475,1.2895165,1.4657211,0,0.98621475,16.38
298,3,3060,437,1w3t_3GR_C_1297,1,unimol,0.73195475,1.2895165,1.4657211,0,0,22.3
299,3,10053,1436,4u7g_K17_A_303,1,unimol,0.8217211,1.2888075,2.4518044,0,0.95633956,18.23
300,3,4256,608,2fpu_HSO_B_509,0,surfdock,0.75591142,1.2886069,2.4198244,0,0.86161198,2.6344548
301,3,15030,2147,6e40_BBJ_B_502,1,unimol,0.73195475,1.2884138,1.4764419,0,0.91643021,21.52
302,3,15023,2146,6e40_BBJ_A_502,1,unimol,0.73195475,1.2878196,1.4822298,0,0.86917614,22.8
303,3,3067,438,1w3t_3GR_D_1297,1,unimol,0.73195475,1.2876544,1.4838395,0,0,24.46
304,3,9780,1397,4q40_VAL_A_403,1,unimol,0.73195475,1.2779409,1.5795258,0,0,21.06
305,3,9787,1398,4q40_VAL_B_403,1,unimol,0.73195475,1.2779409,1.5795258,0,0.00019816725,22.28
306,3,9794,1399,4q40_VAL_C_404,1,unimol,0.73195475,1.2779409,1.5795258,0,0,20.66
307,3,9801,1400,4q40_VAL_D_403,1,unimol,0.73195475,1.2768826,1.5900705,0,0.99115117,22.73
308,3,12811,1830,5kas_PC_A_517,1,unimol,0.73195475,1.2757538,1.6013442,0,0.93784104,21.32
309,3,6805,972,3w4i_8LG_A_402,1,unimol,0.73195475,1.2731626,1.6273282,0,0.96877712,20.25
310,3,6812,973,3w4i_8LG_B_402,1,unimol,0.73195475,1.2728259,1.6307145,0,0,20.96
311,3,12174,1739,5h8q_GLY_B_301,1,unimol,0.73195475,1.2723297,1.6357093,0,0,18.62
312,3,6819,974,3w4i_8LG_C_402,1,unimol,0.73195475,1.2692478,1.666857,0,0,22.07
313,3,6826,975,3w4i_8LG_D_402,1,unimol,0.73195475,1.2692478,1.666857,0,0,23.72
314,3,3620,517,2a5t_GLY_A_1001,1,unimol,0.73195475,1.2675626,1.6839758,0,0,16.64
315,3,13630,1947,5u5z_7VP_A_302,1,unimol,0.73195475,1.2638716,1.721688,0,0,25.11
316,3,14995,2142,6dmi_5T5_A_504,1,unimol,0.78160624,1.2570816,2.7918894,0,0.94616264,18.6
317,3,12082,1726,5goo_FRU_C_501,0,surfdock,0.73436937,1.2516846,2.8299081,0,0.99390848,2.7607518
318,3,2353,336,1q4g_BFL_A_701,1,unimol,0.73195475,1.2483267,1.883878,0,0.9863461,23.75
319,3,14127,2018,5x2m_GLN_B_951,1,unimol,0.73195475,1.2479303,1.8880856,0,0.76106608,28.3
320,3,14120,2017,5x2m_GLN_A_951,1,unimol,0.73195475,1.2476837,1.8907061,0,0,25.64
321,3,14134,2019,5x2m_GLN_D_951,1,unimol,0.73195475,1.2456549,1.9123138,0,0,27.01
322,3,3683,526,2ai1_P1G_A_293,1,unimol,0.73195475,1.2435111,1.9352514,0,0,21.02
323,3,4124,589,2eup_LG4_A_400,1,unimol,0.82262342,1.2409133,3.011678,0,0.98113768,19.89
324,3,16612,2373,6q4b_HHN_A_301,1,unimol,0.73195475,1.2406127,1.9664363,0,0.98043184,12.95
325,3,10578,1511,4yu7_DHC_B_204,1,unimol,0.73195475,1.2387416,1.9866751,0,0.87599011,24.88
326,3,2388,341,1qxa_GLY_B_245,1,unimol,0.73195475,1.2384523,1.9898114,0,0.01303997,26.37
327,3,10564,1509,4yu7_DHC_A_204,1,unimol,0.73195475,1.235139,2.0258799,0,0.88076034,18.71
328,3,13595,1942,5tzr_MLI_A_2403,1,unimol,0.73195475,1.2344351,2.0335758,0,0.93019761,23.76
329,3,452,64,1e8g_FCR_B_601,4,gnina,0.54399976,1.232573,1.018117,0,0.066671352,3.6890268
330,4,1684,240,1lqp_FCN_A_4004,4,gnina,0.77454309,1.4383187,1.0721288,0,0.0023448928,2.0142972
331,4,1709,244,1lti_GAL_D_104,1,unimol,0.74422941,1.4370802,1.0721288,0,0.92993194,23.04
332,4,12783,1826,5jp9_DCM_A_401,1,unimol,0.74422941,1.4370802,1.0721288,0,0.93097189,18.04
333,4,1,0,19gs_BSP_A_210,1,unimol,0.69401147,1.4348507,1.0721288,0,0.98557239,13.75
334,4,1681,240,1lqp_FCN_A_4004,1,unimol,0.92170805,1.4198148,1.254416,0,0,20.6
335,4,16433,2347,6oha_XAN_A_501,4,gnina,0.81881147,1.4158298,1.2731594,0,0,1.8827391
336,4,15246,2178,6flu_DTK_A_402,0,surfdock,0.80237557,1.4107373,1.3086194,0,0,3.3409787
337,4,7211,1030,3zwt_ORO_A_1398,1,unimol,0.74422941,1.4050481,1.326414,0,0,21.65
338,4,15583,2226,6i4b_E2N_B_603,1,unimol,0.74422941,1.3461728,1.8555006,0,0,25.47
339,4,183,26,1bqp_MAN_B_401,1,unimol,0.69401147,1.3396041,1.0721288,0,0.96333196,23.29
340,4,190,27,1bqp_MAN_C_402,1,unimol,0.69401147,1.3396041,1.0721288,0,0.97204432,20.81
341,4,337,48,1diw_GAL_A_1400,1,unimol,0.69401147,1.3396041,1.0721288,0,0.97379023,17.63
342,4,400,57,1e2j_THM_A_500,1,unimol,0.69401147,1.3396041,1.0721288,0,0,20.92
343,4,407,58,1e2j_THM_B_500,1,unimol,0.69401147,1.3396041,1.0721288,0,0,17.99
344,4,659,94,1g8z_GAL_F_104,1,unimol,0.69401147,1.3396041,1.0721288,0,0.97660964,18.35
345,4,666,95,1g8z_GAL_G_104,1,unimol,0.69401147,1.3396041,1.0721288,0,0.95916607,18.52
346,4,673,96,1g8z_GAL_H_104,1,unimol,0.69401147,1.3396041,1.0721288,0,0.96128231,20.6
347,4,736,105,1gsi_TMP_A_1210,1,unimol,0.69401147,1.3396041,1.0721288,0,0,17.44
348,4,1135,162,1i8a_BGC_A_189,1,unimol,0.69401147,1.3396041,1.0721288,0,0.89975852,19.59
349,4,1254,179,1j0n_CEG_A_780,1,unimol,0.69401147,1.3396041,1.0721288,0,0,22.72
350,4,1380,197,1jhv_PCR_A_990,1,unimol,0.69401147,1.3396041,1.0721288,0,0.99501148,20.84
351,4,1394,199,1jla_TNK_A_999,1,unimol,0.69401147,1.3396041,1.0721288,0,0,22.97
352,4,1632,233,1l5o_2MP_A_990,1,unimol,0.69401147,1.3396041,1.0721288,0,0.99368906,22.36
353,4,1884,269,1n3o_GYP_B_1101,1,unimol,0.69401147,1.3396041,1.0721288,0,0.96103598,22.24
354,4,1891,270,1n5i_TMP_A_217,1,unimol,0.69401147,1.3396041,1.0721288,0,0,23.9
355,4,2115,302,1ovk_NYL_A_405,1,unimol,0.69401147,1.3396041,1.0721288,0,0.98703406,18.5
356,4,2409,344,1rf2_BV4_D_104,1,unimol,0.69401147,1.3396041,1.0721288,0,0.9208132,19.9
357,4,2416,345,1rf2_BV4_E_105,1,unimol,0.69401147,1.3396041,1.0721288,0,0.92698486,22.41
358,5,15162,2166,6f77_PLP_D_600,0,surfdock,0.84500279,1.4420334,1.5171632,0,0,3.2995387
359,5,9877,1411,4r2n_PLP_A_401,0,surfdock,0.84496938,1.4419507,1.5171632,0,0,4.3457625
360,5,6300,900,3rgz_BLD_A_800,0,surfdock,0.8415134,1.4416199,1.5171632,0,0.025871044,4.6754073
361,5,15163,2166,6f77_PLP_D_600,1,unimol,0.83844732,1.4413718,1.5171632,0,0.97230485,22.75
362,5,9878,1411,4r2n_PLP_A_401,1,unimol,0.83721873,1.4412891,1.5171632,0,0,26.15
363,5,6301,900,3rgz_BLD_A_800,1,unimol,0.83472786,1.4410409,1.5171632,0,0,32.03
364,5,11425,1632,5di7_5CQ_B_601,1,unimol,0.8175904,1.4407101,1.5171632,0,0,23.37
365,5,3424,489,1zei_CRS_C_56,1,unimol,0.81023917,1.4406274,1.5171632,0,0.99193138,19.95
366,5,11424,1632,5di7_5CQ_B_601,0,surfdock,0.8031154,1.440462,1.5171632,0,0.98966724,3.6158434
367,5,14337,2048,5y8p_3OH_B_301,1,unimol,0.79073187,1.4398831,1.5171632,0,0.8388111,21.43
368,5,13679,1954,5ud0_G3H_B_406,1,unimol,0.78937826,1.439635,1.5171632,0,0,23.6
369,5,2325,332,1q20_PLO_A_401,1,unimol,0.78937816,1.4394696,1.5171632,0,0.98976784,17.55
370,5,13486,1926,5tch_MLI_G_301,4,gnina,0.72409051,1.4384771,1.5171632,0,0.18721962,7.5308486
371,5,9850,1407,4qya_LU2_B_201,1,unimol,0.72969462,1.4375516,1.5255415,0,0,20.97
372,5,722,103,1gkc_NFH_A_1448,1,unimol,0.70643318,1.4374433,1.5171632,0,0.97566059,23.24
373,5,16514,2359,6pk1_PLP_A_501,1,unimol,0.70643318,1.4374433,1.5171632,0,0.93649511,18.76
374,5,17361,2480,6u6c_P1T_F_805,1,unimol,0.70643318,1.4374433,1.5171632,0,0,26.51
375,5,8975,1282,4jp3_CIT_A_301,1,unimol,0.70568183,1.4367403,1.5171632,0,0.95892052,18.13
376,5,9825,1403,4qe1_RUU_A_403,4,gnina,0.69483735,1.4362441,1.5171632,0,0.66167179,2.1033612
377,5,9867,1409,4r08_URI_B_901,4,gnina,0.69059909,1.4361614,1.5171632,0,0.436084,12.690467
378,5,9892,1413,4r3n_3GQ_B_404,1,unimol,0.68411222,1.4355825,1.5171632,0,0.95777435,21.21
379,5,9853,1407,4qya_LU2_B_201,4,gnina,0.76779775,1.4334671,1.559622,0,9.3388017e-07,2.2739928
380,5,3423,489,1zei_CRS_C_56,0,surfdock,0.78664433,1.433279,1.5629954,0,0.99600051,2.0594273
381,5,2185,312,1pi3_TZD_A_530,1,unimol,0.79073188,1.4225071,1.653868,0,0,25.82
382,5,8950,1278,4jh6_FCN_A_202,4,gnina,0.69944296,1.4064945,1.7536855,0,0.64751537,1.3961277
383,5,17732,2533,7bqu_EF2_A_501,1,unimol,0.84216875,1.4059548,1.8003205,0,0.99578968,17.56
384,5,13364,1909,5ooa_URI_A_201,1,unimol,0.70643318,1.4051747,1.7726849,0,0,20.08
385,5,13524,1932,5tdt_MBN_D_501,0,surfdock,0.84509605,1.3988713,1.8640963,0,0.088836549,2.1487033
386,5,1936,276,1njr_XYL_A_285,4,gnina,0.70457891,1.3923438,1.8723921,0,6.1466915e-05,1.9269694
387,5,7631,1090,4c2p_X8Z_A_709,1,unimol,0.70643318,1.3840691,1.9485896,0,0.94641592,18.12
388,5,10165,1452,4uoc_NCN_A_400,1,unimol,0.8372141,1.3703708,2.0981057,0,0.93701261,21.07
389,5,15247,2178,6flu_DTK_A_402,1,unimol,0.71011836,1.3694162,2.0816262,0,0.94189285,20.72
390,5,8334,1190,4evq_PHB_A_406,4,gnina,0.76965592,1.3570065,2.1994865,0,0.99658743,2.6676801
391,5,10164,1452,4uoc_NCN_A_400,0,surfdock,0.84496926,1.3482319,2.302563,0,0.88952884,3.8517679
392,5,15968,2281,6lx5_C5F_B_502,1,unimol,0.78937815,1.3428719,2.3306284,0,0.83880029,25.07
393,5,1933,276,1njr_XYL_A_285,1,unimol,0.68432645,1.3412565,2.3134208,0,0.83104973,25
394,5,36,5,1ac4_TMT_A_296,1,unimol,0.68313512,1.3409687,1.5171632,0,0.98176216,17.91
395,5,43,6,1aer_TIA_B_700,1,unimol,0.68313512,1.3409687,1.5171632,0,0,21.82
396,5,78,11,1aj8_CIT_B_2000,1,unimol,0.68313512,1.3409687,1.5171632,0,0.94422312,21.36
397,5,85,12,1ajs_PLA_A_415,1,unimol,0.68313512,1.3409687,1.5171632,0,0.96056931,23.23
398,5,106,15,1aog_MAE_A_500,1,unimol,0.68313512,1.3409687,1.5171632,0,0,22.38
399,5,113,16,1aog_MAE_A_501,1,unimol,0.68313512,1.3409687,1.5171632,0,0.89660671,18.95
400,5,120,17,1aua_BOG_A_2,1,unimol,0.68313512,1.3409687,1.5171632,0,0,22.08
401,5,127,18,1axg_ETF_A_404,1,unimol,0.68313512,1.3409687,1.5171632,0,0.95193289,21.96
402,5,134,19,1axg_ETF_B_404,1,unimol,0.68313512,1.3409687,1.5171632,0,0.98447323,24.92
403,5,141,20,1axg_ETF_C_404,1,unimol,0.68313512,1.3409687,1.5171632,0,0.96246439,19.85
404,5,148,21,1axg_ETF_D_404,1,unimol,0.68313512,1.3409687,1.5171632,0,0.97108532,22.04
405,5,176,25,1bo8_U_A_318,1,unimol,0.68313512,1.3409687,1.5171632,0,0,22.23
406,5,274,39,1d3g_ORO_A_399,1,unimol,0.68313512,1.3409687,1.5171632,0,0,17.3
407,5,295,42,1d6u_PEA_A_2003,1,unimol,0.68313512,1.3409687,1.5171632,0,0.97472167,20.41
408,6,1562,223,1kuj_MMA_C_502,1,unimol,0.67019035,1.3444086,1.7480819,0,0.94943352,21.97
409,6,1569,224,1kuj_MMA_E_503,1,unimol,0.67019035,1.3444086,1.7480819,0,0.96051019,24
410,6,1576,225,1kuj_MMA_G_504,1,unimol,0.67019035,1.3444086,1.7480819,0,0.96582449,15.3
411,6,2759,394,1toq_AMG_A_501,1,unimol,0.67019035,1.3444086,1.7480819,0,0.95893793,24.01
412,6,2766,395,1toq_AMG_C_502,1,unimol,0.67019035,1.3444086,1.7480819,0,0.92745487,15.74
413,6,2773,396,1toq_AMG_E_503,1,unimol,0.67019035,1.3444086,1.7480819,0,0.9581768,20.3
414,6,2780,397,1toq_AMG_G_504,1,unimol,0.67019035,1.3444086,1.7480819,0,0.94595247,17.56
415,6,3858,551,2bx7_34D_B_1313,1,unimol,0.67019035,1.3444086,1.7480819,0,0.86320922,16.28
416,6,4915,702,2oci_TYC_A_401,1,unimol,0.67019035,1.3444086,1.7480819,0,0.85657699,18.5
417,6,5839,834,2y00_Y00_A_601,1,unimol,0.67019035,1.3444086,1.7480819,0,0.98996936,20.55
418,6,6203,886,3qhd_CTN_A_165,1,unimol,0.67019035,1.3444086,1.7480819,0,0.91463334,18.22
419,6,6210,887,3qhd_CTN_B_165,1,unimol,0.67019035,1.3444086,1.7480819,0,0.97521263,23.01
420,6,7449,1064,4aw0_MJF_A_600,1,unimol,0.67019035,1.3444086,1.7480819,0,0,19.76
421,6,6189,884,3qgz_ADN_A_127,1,unimol,0.67019035,1.3395684,1.786446,0,0.98362888,15.46
422,6,1873,267,1msv_PUT_B_355,4,gnina,0.68223645,1.3205851,2.7287855,0,0.92001553,2.3397728
423,6,17634,2519,6yaw_P9H_A_301,1,unimol,0.67019035,1.3174072,1.9669732,0,0.95287341,21.3
424,6,6196,885,3qhd_795_A_167,1,unimol,0.67019035,1.3128185,2.0053868,0,5.4053409e-05,22.95
425,6,4782,683,2nry_STU_D_501,1,unimol,0.67019035,1.3121312,2.0111713,0,0.974346,26.3
426,6,4768,681,2nry_STU_B_502,1,unimol,0.67019035,1.3115193,2.0163279,0,0.92595381,22.3
427,6,4775,682,2nry_STU_C_503,1,unimol,0.67019035,1.3104479,2.0253739,0,0.98307711,24.04
428,6,13392,1913,5r9o_54F_A_401,1,unimol,0.67019035,1.3029852,2.0889397,0,0.98521549,21.41
429,6,14750,2107,6a6s_FSA_A_502,1,unimol,0.67019035,1.3004818,2.1104863,0,0.96672292,17.5
430,6,2311,330,1pzy_NAG_B_405,1,unimol,0.67019035,1.2989791,2.1234732,0,0.96923682,22.14
431,6,2318,331,1pzy_NAG_D_406,1,unimol,0.67019035,1.2989791,2.1234732,0,0.92616841,20.97
432,6,12881,1840,5kjz_PCG_A_401,1,unimol,0.67019035,1.2941332,2.1656342,0,0,19.82
433,6,4614,659,2isf_PAC_A_317,1,unimol,0.67019035,1.2792922,2.2974677,0,0.97666544,24.89
434,6,7988,1141,4d2c_ALA_A_508,1,unimol,0.67019035,1.2719735,2.3640304,0,0.97327179,25.56
435,6,6224,889,3qss_MTG_A_405,1,unimol,0.67019035,1.2683923,2.3969831,0,0.9762163,19.67
436,6,6231,890,3qss_MTG_B_405,1,unimol,0.67019035,1.2683923,2.3969831,0,0.97090356,20.07
437,6,11026,1575,5afy_WCE_H_1248,1,unimol,0.67019035,1.2666156,2.4134259,0,0.99125566,18.77
438,6,13763,1966,5uio_LG3_E_201,1,unimol,0.67019035,1.265803,2.4209678,0,0.99514181,22.7
439,6,13742,1963,5uio_LG3_A_201,1,unimol,0.67019035,1.263863,2.4390259,0,0,20.24
440,6,13749,1964,5uio_LG3_B_201,1,unimol,0.67019035,1.263863,2.4390259,0,0.32725675,20.81
441,6,13756,1965,5uio_LG3_C_201,1,unimol,0.67019035,1.263863,2.4390259,0,0.99352153,15.71
442,6,16969,2424,6s37_SAL_A_601,1,unimol,0.67019035,1.2624119,2.4525821,0,0.9883116,17.74
443,6,1940,277,1nmm_NAG_B_403,1,unimol,0.67019035,1.2552681,2.5199523,0,0.97401938,20.97
444,6,1947,278,1nmm_NAG_D_527,1,unimol,0.67019035,1.2552681,2.5199523,0,0.97198781,24.96
445,6,10123,1446,4ud9_FQI_H_1257,1,unimol,0.67019035,1.251743,2.5535839,0,0.99824518,15.75
446,6,6042,863,2zi2_24U_H_801,1,unimol,0.67019035,1.2497263,2.5729425,0,0.98034485,19.83
447,6,14554,2079,5z9b_HX3_A_303,1,unimol,0.67019035,1.2495991,2.5741663,0,0.99146747,19.12
448,6,14561,2080,5z9b_HX3_B_303,1,unimol,0.67019035,1.2495991,2.5741663,0,0.98667353,19.18
449,6,15779,2254,6jzh_ZMA_A_2002,1,unimol,0.67019035,1.2488967,2.5809312,0,0.99274981,21.35
450,6,8215,1173,4e7v_CRS_K_101,4,gnina,0.70944334,1.2464193,3.4935873,0,0.98189861,2.4312182
451,6,11257,1608,5cga_KP6_A_301,1,unimol,0.67019035,1.2434959,2.6332917,0,0.98172379,23.47
452,6,11264,1609,5cga_KP6_B_301,1,unimol,0.67019035,1.2434959,2.6332917,0,0.98382462,20.2
453,6,11271,1610,5cga_KP6_C_301,1,unimol,0.67019035,1.2434959,2.6332917,0,0.98213717,20.93
454,6,11278,1611,5cga_KP6_E_301,1,unimol,0.67019035,1.2434959,2.6332917,0,0.96607774,23.68
455,6,11292,1613,5cga_KP6_H_301,1,unimol,0.67019035,1.2434959,2.6332917,0,0.98654367,23.84
456,6,16346,2335,6o1s_7SD_E_803,1,unimol,0.67019035,1.2430793,2.6373577,0,0.96773219,18.91
457,6,11285,1612,5cga_KP6_F_301,1,unimol,0.67019035,1.2427645,2.6404319,0,0.9762993,22.14
458,7,1866,266,1msv_PUT_A_355,4,gnina,0.81010863,1.44178,1.9181234,0,0.90418271,1.9319796
459,7,17731,2533,7bqu_EF2_A_501,0,surfdock,0.83215294,1.3752475,2.4298,0,0.78958698,4.8244849
460,7,1079,154,1hkn_N2M_C_4138,1,unimol,0.70625895,1.3462048,1.9181234,0,0.98289347,17.54
461,7,1296,185,1j3i_WRA_A_609,1,unimol,0.70625895,1.3462048,1.9181234,0,0.99015522,23.9
462,7,1303,186,1j3i_WRA_B_709,1,unimol,0.70625895,1.3462048,1.9181234,0,0.99489507,28
463,7,1324,189,1j3k_WRA_A_609,1,unimol,0.70625895,1.3462048,1.9181234,0,0.9934278,21.93
464,7,1331,190,1j3k_WRA_B_709,1,unimol,0.70625895,1.3462048,1.9181234,0,0.99566085,26.18
465,7,1387,198,1jl0_PUT_B_401,1,unimol,0.70625895,1.3462048,1.9181234,0,0.92266115,21.08
466,7,3081,440,1w55_GPP_A_1374,1,unimol,0.70625895,1.3462048,1.9181234,0,0.74513912,23.11
467,7,4866,695,2o7b_HC4_A_701,1,unimol,0.70625895,1.3462048,1.9181234,0,0.98904931,29.57
468,7,4873,696,2o7b_HC4_D_701,1,unimol,0.70625895,1.3462048,1.9181234,0,0,29.06
469,7,4880,697,2o7b_HC4_E_701,1,unimol,0.70625895,1.3462048,1.9181234,0,0.9877603,33.49
470,7,6259,894,3qxx_8AC_A_221,1,unimol,0.70625895,1.3462048,1.9181234,0,0.97202613,23.89
471,7,6532,933,3tye_YTZ_B_902,1,unimol,0.70625895,1.3462048,1.9181234,0,0.40113449,18.95
472,7,6644,949,3vbn_TYD_A_301,1,unimol,0.70625895,1.3462048,1.9181234,0,0,18.59
473,7,6651,950,3vbn_TYD_C_301,1,unimol,0.70625895,1.3462048,1.9181234,0,0,17.64
474,7,6658,951,3vbn_TYD_E_301,1,unimol,0.70625895,1.3462048,1.9181234,0,0,21.27
475,7,10263,1466,4v36_LYN_A_1851,1,unimol,0.70625895,1.3462048,1.9181234,0,1.1230582e-09,21.27
476,7,12181,1740,5h9i_XAN_A_301,1,unimol,0.70625895,1.3462048,1.9181234,0,0,17.79
477,7,14225,2032,5xj7_87O_A_309,1,unimol,0.70625895,1.3462048,1.9181234,0,0,31.29
478,7,14568,2081,5z9p_AX7_A_301,1,unimol,0.70625895,1.3462048,1.9181234,0,0,21.64
479,7,14575,2082,5z9p_AX7_B_301,1,unimol,0.70625895,1.3462048,1.9181234,0,0,15.29
480,7,17270,2467,6to7_SUV_A_401,1,unimol,0.70625895,1.3462048,1.9181234,0,0.9844912,28.12
481,7,17277,2468,6to7_SUV_B_401,1,unimol,0.70625895,1.3462048,1.9181234,0,0.98395451,22.93
482,7,17319,2474,6tot_NRK_A_401,1,unimol,0.70625895,1.3462048,1.9181234,0,0.97666494,23.69
483,7,17389,2484,6uqd_QF4_A_501,1,unimol,0.70625895,1.3462048,1.9181234,0,0.91513294,26.7
484,7,17396,2485,6uqd_QF4_B_501,1,unimol,0.70625895,1.3462048,1.9181234,0,0.9267378,27.05
485,7,17494,2499,6vmz_R3P_A_404,1,unimol,0.70625895,1.3462048,1.9181234,0,0.88964592,24.18
486,7,17501,2500,6vmz_R3P_C_404,1,unimol,0.70625895,1.3462048,1.9181234,0,0.95983833,22.77
487,7,2178,311,1pbd_PAB_A_396,1,unimol,0.70625895,1.32811,2.0597715,0,0.98465301,22.17
488,7,6413,916,3sj1_DXC_X_75,1,unimol,0.70625895,1.3146003,2.1689746,0,0.98290361,20.61
489,7,5251,750,2r3d_ACM_A_303,1,unimol,0.70625895,1.293575,2.3451121,0,0.99277008,19.43
490,7,10613,1516,4z69_DIF_A_1006,1,unimol,0.70625895,1.2820487,2.4450181,0,0.43761168,24.33
491,7,5349,764,2tmk_ATM_B_217,1,unimol,0.70625895,1.2801087,2.4620755,0,0,20.06
492,7,10634,1519,4z69_DIF_I_1006,1,unimol,0.70625895,1.2766775,2.4924173,0,0.4758969,21.73
493,7,6476,925,3te7_TE7_A_1,1,unimol,0.70625895,1.2759191,2.4991534,0,0.96806214,19.11
494,7,10627,1518,4z69_DIF_A_1008,1,unimol,0.70625895,1.2736908,2.5190091,0,0,19.19
495,7,8191,1170,4e7v_CRS_A_101,1,unimol,0.70625895,1.2659242,2.5889654,0,0.98615407,18.41
496,7,8198,1171,4e7v_CRS_C_101,1,unimol,0.70625895,1.2642269,2.6044109,0,0.99096455,20.88
497,7,8205,1172,4e7v_CRS_I_101,1,unimol,0.70625895,1.2642269,2.6044109,0,0.98707028,18.44
498,7,8219,1174,4e7v_CRS_M_101,1,unimol,0.70625895,1.2642269,2.6044109,0,0.98743952,18.92
499,7,8226,1175,4e7v_CRS_O_101,1,unimol,0.70625895,1.2642269,2.6044109,0,0.98736929,20.43
500,7,8233,1176,4e7v_CRS_Q_101,1,unimol,0.70625895,1.2642269,2.6044109,0,0.98753869,20.18
501,7,8240,1177,4e7v_CRS_U_101,1,unimol,0.70625895,1.2642269,2.6044109,0,0.99039757,20.67
502,7,5342,763,2tmk_ATM_A_217,1,unimol,0.70625895,1.2615054,2.6292925,0,0,18
503,7,6521,931,3tye_XHP_B_901,4,gnina,0.77553941,1.259641,3.4858422,0,0.99656712,2.2280397
504,7,6483,926,3te7_TE7_B_1,1,unimol,0.70625895,1.2587191,2.6549215,0,0.97099631,19.58
505,7,10200,1457,4ur9_BK9_A_1717,1,unimol,0.70625895,1.2569047,2.6716943,0,0.99511855,24.41
506,7,10207,1458,4ur9_BK9_B_1717,1,unimol,0.70625895,1.2569047,2.6716943,0,0.99591362,23.65
507,7,1863,266,1msv_PUT_A_355,1,unimol,0.68228735,1.25221,1.9181234,0,0.91784837,21.86
508,8,2402,343,1r4s_MUA_A_800,1,unimol,0.70327339,1.3477611,1.9718376,0,0.97175427,19.24
509,8,2885,412,1uay_ADN_A_1001,1,unimol,0.70327339,1.3477611,1.9718376,0,0.97851728,18.72
510,8,2892,413,1uay_ADN_B_1002,1,unimol,0.70327339,1.3477611,1.9718376,0,0.95467063,20.09
511,8,3291,470,1y8j_STS_A_900,1,unimol,0.70327339,1.3477611,1.9718376,0,0,21.09
512,8,6049,864,2zka_AZA_A_302,1,unimol,0.70327339,1.3477611,1.9718376,0,0.97175762,17.7
513,8,7106,1015,3wxo_NIZ_A_802,1,unimol,0.70327339,1.3477611,1.9718376,0,0.94829447,23.47
514,8,7113,1016,3wxo_NIZ_A_803,1,unimol,0.70327339,1.3477611,1.9718376,0,0.99258045,25.42
515,8,7120,1017,3wxo_NIZ_A_804,1,unimol,0.70327339,1.3477611,1.9718376,0,0.0018437698,17.65
516,8,7911,1130,4cw2_XDS_A_1303,1,unimol,0.70327339,1.3477611,1.9718376,0,0,20.75
517,8,9451,1350,4n9v_AZA_A_401,1,unimol,0.70327339,1.3477611,1.9718376,0,0.97544483,15.23
518,8,9458,1351,4n9v_AZA_A_402,1,unimol,0.70327339,1.3477611,1.9718376,0,0.69008367,18.08
519,8,9577,1368,4o7g_ASC_A_303,1,unimol,0.70327339,1.3477611,1.9718376,0,0,18.72
520,8,9584,1369,4o7g_ASC_B_303,1,unimol,0.70327339,1.3477611,1.9718376,0,0.97739772,23.43
521,8,9591,1370,4o7g_ASC_B_304,1,unimol,0.70327339,1.3477611,1.9718376,0,0,16.88
522,8,11453,1636,5dky_NOJ_A_1000,1,unimol,0.70327339,1.3477611,1.9718376,0,0.99009643,19.67
523,8,11509,1644,5dw3_TRP_A_402,1,unimol,0.70327339,1.3477611,1.9718376,0,0,17.82
524,8,11516,1645,5dw3_TRP_B_402,1,unimol,0.70327339,1.3477611,1.9718376,0,0,21.49
525,8,11523,1646,5dw3_TRP_C_402,1,unimol,0.70327339,1.3477611,1.9718376,0,0,24.02
526,8,11530,1647,5dw3_TRP_D_402,1,unimol,0.70327339,1.3477611,1.9718376,0,0,25.06
527,8,13413,1916,5syi_NIZ_A_805,1,unimol,0.70327339,1.3477611,1.9718376,0,0.98768055,23.06
528,8,13420,1917,5syi_NIZ_B_805,1,unimol,0.70327339,1.3477611,1.9718376,0,0.86008703,24.91
529,8,16976,2425,6s39_K5Z_A_301,1,unimol,0.70327339,1.3477611,1.9718376,0,0.97379937,26.44
530,8,7162,1023,3zjq_NCA_A_300,1,unimol,0.70327339,1.3356232,2.0650344,0,0.98903597,21.59
531,8,11320,1617,5clo_NS8_M_101,1,unimol,0.70327339,1.3310885,2.1004422,0,0.98830412,18.69
532,8,12776,1825,5joy_6LW_A_602,1,unimol,0.70327339,1.3301732,2.1076283,0,0.95993939,21.93
533,8,10032,1433,4tsk_TLA_A_404,1,unimol,0.70327339,1.3287615,2.1187387,0,0,24.19
534,8,12370,1767,5i8z_JA1_A_302,1,unimol,0.70327339,1.3244362,2.1529772,0,0.97862476,23.61
535,8,11943,1706,5fuv_THM_B_1385,1,unimol,0.70327339,1.3221905,2.1708748,0,0,20.75
536,9,3088,441,1w62_PYC_A_700,1,unimol,0.69309467,1.3486934,1.9951276,0,0,17.88
537,9,5559,794,2wdq_CBE_G_1130,1,unimol,0.69309467,1.3486934,1.9951276,0,0.98345321,28.97
538,9,5566,795,2wdq_CBE_K_1130,1,unimol,0.69309467,1.3486934,1.9951276,0,0.98989522,23.24
539,9,5727,818,2xoz_AMP_B_1664,1,unimol,0.69309467,1.3486934,1.9951276,0,0,16.81
540,9,7064,1009,3wur_O4B_A_202,1,unimol,0.69309467,1.3486934,1.9951276,0,0.38204476,28.43
541,9,7071,1010,3wur_O4B_B_201,1,unimol,0.69309467,1.3486934,1.9951276,0,0.10187215,15.47
542,9,7078,1011,3wur_O4B_B_202,1,unimol,0.69309467,1.3486934,1.9951276,0,0.86049093,23.87
543,9,7085,1012,3wur_O4B_B_204,1,unimol,0.69309467,1.3486934,1.9951276,0,0.057226008,23.25
544,9,7505,1072,4b98_PXG_A_470,1,unimol,0.69309467,1.3486934,1.9951276,0,0.95105891,22.6
545,9,7512,1073,4b98_PXG_B_470,1,unimol,0.69309467,1.3486934,1.9951276,0,0.98621689,31.97
546,9,7519,1074,4b98_PXG_D_470,1,unimol,0.69309467,1.3486934,1.9951276,0,0,23.49
547,9,10872,1553,4zvz_4TF_B_503,1,unimol,0.69309467,1.3486934,1.9951276,0,0.81991149,19.07
548,9,10879,1554,4zvz_4TF_C_503,1,unimol,0.69309467,1.3486934,1.9951276,0,0.82818961,22.78
549,9,10886,1555,4zvz_4TF_D_503,1,unimol,0.69309467,1.3486934,1.9951276,0,0.85398393,24.32
550,9,11327,1618,5cpn_531_A_401,1,unimol,0.69309467,1.3486934,1.9951276,0,0.95912631,24
551,9,11334,1619,5cpn_531_B_401,1,unimol,0.69309467,1.3486934,1.9951276,0,0,21.68
552,9,11817,1688,5fal_SKT_A_502,1,unimol,0.69309467,1.3486934,1.9951276,0,0,24.09
553,9,12216,1745,5hfa_FP1_A_607,1,unimol,0.69309467,1.3486934,1.9951276,0,0.99142359,23.72
554,9,12223,1746,5hfa_FP1_A_608,1,unimol,0.69309467,1.3486934,1.9951276,0,0.99015668,19.7
555,9,12230,1747,5hfa_FP1_B_609,1,unimol,0.69309467,1.3486934,1.9951276,0,0.98771627,22.31
556,9,12307,1758,5i0d_GLC_A_1124,1,unimol,0.69309467,1.3486934,1.9951276,0,0.9889307,29.7
557,9,12314,1759,5i0d_GLC_B_1122,1,unimol,0.69309467,1.3486934,1.9951276,0,0.99150468,24.85
558,9,14260,2037,5xsm_8EO_A_705,1,unimol,0.69309467,1.3486934,1.9951276,0,0,24.12
559,9,14946,2135,6cqu_HI6_B_601,1,unimol,0.69309467,1.3486934,1.9951276,0,0,21.86
560,9,15688,2241,6jmd_ORO_A_402,1,unimol,0.69309467,1.3486934,1.9951276,0,0.86529912,18.34
561,9,15702,2243,6jme_ORO_A_402,1,unimol,0.69309467,1.3486934,1.9951276,0,0.85171822,15.94
562,9,1926,275,1ngp_NPA_H_302,1,unimol,0.69309467,1.3443691,2.0278678,0,0.95306656,20.68
563,9,4026,575,2dm5_ODI_A_312,1,unimol,0.69309467,1.3439659,2.0309346,0,0.96308835,17.76
564,9,785,112,1h0v_UN4_A_1299,1,unimol,0.69309467,1.3303506,2.1359818,0,0.93373407,17.8
565,9,16486,2355,6p9t_O5D_A_307,1,unimol,0.69309467,1.3299921,2.1387875,0,0.91543393,29.41
566,9,1401,200,1jtk_THU_A_138,1,unimol,0.69309467,1.3220896,2.201148,0,0.95567749,19.1
567,9,1408,201,1jtk_THU_B_1138,1,unimol,0.69309467,1.3220896,2.201148,0,0.96226708,20.91
568,9,9895,1413,4r3n_3GQ_B_404,4,gnina,0.71647449,1.3213387,2.9400914,0,0.087253294,2.5532345
569,9,2654,379,1tc2_7HP_B_810,1,unimol,0.69309467,1.3203911,2.2146823,0,0,19.8
570,9,16941,2420,6rum_TOP_A_301,1,unimol,0.69309467,1.3200778,2.2171838,0,0.9743454,20.54
571,9,3522,503,1zng_HE4_A_202,1,unimol,0.69309467,1.3197092,2.2201297,0,0.96792676,21.29
572,9,11992,1713,5g09_6DF_D_1476,1,unimol,0.69309467,1.3147286,2.2601488,0,0,23.41
573,9,13623,1946,5u5x_TP5_A_302,1,unimol,0.69309467,1.3134724,2.2703078,0,0.98966674,17.05
574,9,11978,1711,5g09_6DF_B_1474,1,unimol,0.69309467,1.3133255,2.271497,0,0.97162296,22.63
575,9,11985,1712,5g09_6DF_C_1475,1,unimol,0.69309467,1.3123228,2.2796276,0,0,25.58
576,9,5398,771,2uza_HTL_B_1236,1,unimol,0.69309467,1.3068999,2.3238895,0,0,26.43
577,9,3389,484,1zdq_MSM_A_1507,1,unimol,0.69309467,1.3032491,2.3539701,0,0.99225512,21.29
578,9,3396,485,1zdq_MSM_B_1508,1,unimol,0.69309467,1.3032491,2.3539701,0,0.98801844,22.13
579,9,3403,486,1zdq_MSM_C_1509,1,unimol,0.69309467,1.3032491,2.3539701,0,0.99510619,21.62
580,9,4446,635,2gyw_OBI_A_952,1,unimol,0.69309467,1.3019298,2.3648968,0,0.97968827,19.32
581,9,5594,799,2whq_HI6_A_1543,1,unimol,0.69309467,1.3017859,2.3660908,0,0,20.18
582,9,11824,1689,5fay_CHT_A_908,1,unimol,0.69309467,1.2997225,2.3832459,0,0.96037222,26.74
583,9,5601,800,2whq_HI6_B_1545,1,unimol,0.69309467,1.2980936,2.3968415,0,0,19.32
584,9,421,60,1e5f_PLP_A_405,1,unimol,0.69309467,1.2980698,2.3970394,0,0,21.47
585,9,428,61,1e5f_PLP_B_405,1,unimol,0.69309467,1.2980698,2.3970394,0,0,22.52
586,10,13738,1962,5uio_8DM_E_202,4,gnina,0.77514916,1.4416894,2.0378048,0,0.97693308,4.3878384
587,10,12086,1726,5goo_FRU_C_501,4,gnina,0.7709809,1.4416056,2.0378048,0,4.083696e-07,6.2185475
588,10,16475,2353,6ooi_PGA_H_302,4,gnina,0.88359125,1.396836,2.3712213,0,0.92883191,6.2565969
589,10,13735,1962,5uio_8DM_E_202,1,unimol,0.69508991,1.3658905,2.5912619,0,0.97354823,21.23
590,10,239,34,1cib_HDA_A_437,1,unimol,0.68286843,1.3505573,2.0378048,0,0.93051469,21.74
591,10,386,55,1dy3_87Y_A_201,1,unimol,0.68286843,1.3505573,2.0378048,0,0.97766173,23.26
592,10,512,73,1fhv_OSB_A_789,1,unimol,0.68286843,1.3505573,2.0378048,0,0.94487042,18.03
593,10,519,74,1fk1_DAO_A_201,1,unimol,0.68286843,1.3505573,2.0378048,0,0.97035544,26.96
594,10,701,100,1gim_HDA_A_438,1,unimol,0.68286843,1.3505573,2.0378048,0,0.95115893,13.94
595,10,1044,149,1h82_GZZ_B_590,1,unimol,0.68286843,1.3505573,2.0378048,0,0.96076084,37.09
596,10,1051,150,1h82_GZZ_C_590,1,unimol,0.68286843,1.3505573,2.0378048,0,0.95350798,41.71
597,10,1086,155,1ho5_ADN_A_1604,1,unimol,0.68286843,1.3505573,2.0378048,0,0.94587035,23.07
598,10,1093,156,1ho5_ADN_B_2604,1,unimol,0.68286843,1.3505573,2.0378048,0,0.97888497,21.86
599,10,1114,159,1hq2_PH2_A_181,1,unimol,0.68286843,1.3505573,2.0378048,0,0.96316756,18.5
600,10,1142,163,1ia1_TQ3_A_194,1,unimol,0.68286843,1.3505573,2.0378048,0,0,20.61
601,10,1149,164,1ia1_TQ3_B_196,1,unimol,0.68286843,1.3505573,2.0378048,0,0.96735884,20.41
602,10,1170,167,1iki_DAL_A_500,1,unimol,0.68286843,1.3505573,2.0378048,0,0,15.01
603,10,1338,191,1j54_TMP_A_2000,1,unimol,0.68286843,1.3505573,2.0378048,0,0,17.48
604,10,1352,193,1jf0_CZH_A_197,1,unimol,0.68286843,1.3505573,2.0378048,0,0.99184997,25.99
605,10,1415,202,1jw0_GUA_B_999,1,unimol,0.68286843,1.3505573,2.0378048,0,0.88972707,19.41
606,10,1471,210,1k8z_IAG_A_501,1,unimol,0.68286843,1.3505573,2.0378048,0,0.96225639,21.73
607,10,1499,214,1kbq_936_A_703,1,unimol,0.68286843,1.3505573,2.0378048,0,0.98181182,22.38
608,10,1506,215,1kbq_936_B_704,1,unimol,0.68286843,1.3505573,2.0378048,0,0.98518428,20.74
609,10,1513,216,1kbq_936_D_702,1,unimol,0.68286843,1.3505573,2.0378048,0,0.98973226,27.19
610,10,1534,219,1kfc_IPL_A_674,1,unimol,0.68286843,1.3505573,2.0378048,0,0.94924874,21.32
611,10,1653,236,1lfw_AEP_A_683,1,unimol,0.68286843,1.3505573,2.0378048,0,0.96861445,19.43
612,10,2122,303,1oxp_IK2_A_411,1,unimol,0.68286843,1.3505573,2.0378048,0,0.94966152,21.62
613,10,2206,315,1pl6_572_A_405,1,unimol,0.68286843,1.3505573,2.0378048,0,0.95325612,19.46
614,10,2213,316,1pl6_572_B_407,1,unimol,0.68286843,1.3505573,2.0378048,0,0.94468091,29.62
615,10,2227,318,1poc_GEL_A_420,1,unimol,0.68286843,1.3505573,2.0378048,0,0.95165088,30.1
616,10,2297,328,1pym_OXL_A_1001,1,unimol,0.68286843,1.3505573,2.0378048,0,0.87602299,14.99
617,10,2304,329,1pym_OXL_B_1002,1,unimol,0.68286843,1.3505573,2.0378048,0,0.92552503,22.29
618,10,2360,337,1q6r_LX1_A_7301,1,unimol,0.68286843,1.3505573,2.0378048,0,0,18.31
619,10,2556,365,1sjc_SMG_A_1000,1,unimol,0.68286843,1.3505573,2.0378048,0,0.93730527,21.23
620,10,2563,366,1sjc_SMG_B_1100,1,unimol,0.68286843,1.3505573,2.0378048,0,0.93954584,22.88
621,10,2570,367,1sjc_SMG_C_1200,1,unimol,0.68286843,1.3505573,2.0378048,0,0.93408809,20.41
622,10,2577,368,1sjc_SMG_D_1300,1,unimol,0.68286843,1.3505573,2.0378048,0,0.95002002,25.49
623,10,2661,380,1tf8_TRP_A_911,1,unimol,0.68286843,1.3505573,2.0378048,0,0,41.44
624,10,2668,381,1tf8_TRP_A_913,1,unimol,0.68286843,1.3505573,2.0378048,0,0,22.25
625,10,2710,387,1tkh_DPN_A_911,1,unimol,0.68286843,1.3505573,2.0378048,0,0.96400167,24.25
626,10,2717,388,1tkh_DPN_A_913,1,unimol,0.68286843,1.3505573,2.0378048,0,0,18.27
627,10,2724,389,1tkj_MED_A_913,1,unimol,0.68286843,1.3505573,2.0378048,0,0,18
628,10,2829,404,1u1g_BBB_A_3300,1,unimol,0.68286843,1.3505573,2.0378048,0,0.9690152,29.51
629,10,2836,405,1u1g_BBB_B_4300,1,unimol,0.68286843,1.3505573,2.0378048,0,0.95564832,27
630,10,2843,406,1u1g_BBB_C_5300,1,unimol,0.68286843,1.3505573,2.0378048,0,0.98152727,22.03
631,10,2850,407,1u1g_BBB_D_6300,1,unimol,0.68286843,1.3505573,2.0378048,0,0.95308125,26.28
632,10,2857,408,1u1g_BBB_E_7300,1,unimol,0.68286843,1.3505573,2.0378048,0,0,28.56
633,10,2864,409,1u1g_BBB_F_8300,1,unimol,0.68286843,1.3505573,2.0378048,0,0,25.68
634,10,2871,410,1u2o_NEC_A_1001,1,unimol,0.68286843,1.3505573,2.0378048,0,0.9842777,17.75
635,10,2948,421,1v3v_5OP_A_1360,1,unimol,0.68286843,1.3505573,2.0378048,0,0.98622764,20.61
636,11,7249,1035,4a01_2PN_B_1773,4,gnina,0.79593661,1.4234272,2.215585,0,0,3.4526837
637,11,6776,968,3vqe_FMQ_A_1006,0,surfdock,0.78296753,1.3738882,2.5911918,0,0.98665076,2.7816948
638,11,2339,334,1q3a_NGH_B_479,1,unimol,0.69036211,1.35239,2.0830972,0,0.95346286,21.68
639,11,2346,335,1q3a_NGH_C_481,1,unimol,0.69036211,1.35239,2.0830972,0,0,31.09
640,11,2591,370,1sz6_NAG_A_5003,1,unimol,0.69036211,1.35239,2.0830972,0,0,19.96
641,11,2598,371,1sz6_NAG_B_5001,1,unimol,0.69036211,1.35239,2.0830972,0,0.9388798,15.94
642,11,2605,372,1sz6_NAG_B_5002,1,unimol,0.69036211,1.35239,2.0830972,0,0.96908857,25.62
643,11,2612,373,1sz6_NAG_B_5004,1,unimol,0.69036211,1.35239,2.0830972,0,0,20.44
644,11,7190,1027,3zv6_4HB_A_1277,1,unimol,0.69036211,1.35239,2.0830972,0,0.89869674,15.63
645,11,8268,1181,4ejh_0QA_D_502,1,unimol,0.69036211,1.35239,2.0830972,0,0.68886984,27.46
646,11,9185,1312,4lo1_GAL_A_301,1,unimol,0.69036211,1.35239,2.0830972,0,0.96615984,19.86
647,11,9192,1313,4lo1_GAL_B_301,1,unimol,0.69036211,1.35239,2.0830972,0,0.95478858,22.25
648,11,10529,1504,4y6n_3PG_A_402,1,unimol,0.69036211,1.35239,2.0830972,0,0,22.37
649,11,12202,1743,5hc0_NPO_A_402,1,unimol,0.69036211,1.35239,2.0830972,0,0.96444565,17.96
650,11,14505,2072,5ysh_5AD_D_605,1,unimol,0.69036211,1.35239,2.0830972,0,0.98677077,27.34
651,11,14512,2073,5ysh_5AD_G_605,1,unimol,0.69036211,1.35239,2.0830972,0,0.98270107,30.89
652,11,14519,2074,5ysh_5AD_J_605,1,unimol,0.69036211,1.35239,2.0830972,0,0.98087692,24.5
653,11,12209,1744,5hc0_NPO_A_407,1,unimol,0.69036211,1.3495209,2.1045771,0,0.94634404,19.63
654,11,9948,1421,4rm3_FOA_B_1000,1,unimol,0.69036211,1.338433,2.188755,0,0.99223581,23.17
655,11,16300,2328,6nnp_G6P_A_502,4,gnina,0.76436331,1.3325443,2.9305358,0,0.00010054437,2.6417994
656,11,14176,2025,5xdt_MB3_A_404,1,unimol,0.69036211,1.3257114,2.2876861,0,0.99568175,18.64
657,11,9941,1420,4rm3_FOA_A_1000,1,unimol,0.69036211,1.3051194,2.4533849,0,0.99066461,18.09
658,11,9388,1341,4mr8_2BW_A_507,1,unimol,0.69036211,1.2783018,2.6801367,0,0.95022785,21.18
659,11,729,104,1gkc_NFH_B_1449,1,unimol,0.69036211,1.2713316,2.7412181,0,0.93849705,23.14
660,11,5097,728,2qcx_PF1_A_300,1,unimol,0.69036211,1.2699091,2.7537966,0,0.97400987,19.95
661,11,7246,1035,4a01_2PN_B_1773,1,unimol,0.69439731,1.2639278,3.5507972,0,0,22.45
662,11,8359,1194,4f8n_GAL_A_204,1,unimol,0.69036211,1.2612756,2.8309743,0,0.96241952,18.93
663,11,17786,2540,7joc_ARZ_A_302,6,smina,0.50863509,1.2576307,2.0830972,0,0,2.6522039
664,11,4957,708,2pin_LEG_A_501,1,unimol,0.71286547,1.2573401,3.6317761,0,0.94859176,27.99
665,11,1201,171,1isx_XYP_A_1461,4,gnina,0.55291152,1.25714,2.1289551,0,0.97624465,2.6410294
666,11,6782,968,3vqe_FMQ_A_1006,6,smina,0.50064354,1.2488901,2.0830972,0,0,1.5744252
667,11,12240,1748,5hpu_IPH_A_101,4,gnina,0.49981968,1.2441837,2.0830972,0,0.98905824,1.1539476
668,11,12247,1749,5hpu_IPH_C_101,4,gnina,0.49914205,1.2392251,2.0830972,0,3.1054782e-07,1.3860409
669,11,14330,2047,5y8k_SER_B_301,1,unimol,0.69036211,1.23826,3.0439785,0,0.0027195521,20.7
670,11,3312,473,1yqc_GLV_A_1001,1,unimol,0.69036211,1.2348699,3.0762796,0,0.97675436,17.91
671,11,10928,1561,5a66_3PO_A_1000,1,unimol,0.69036211,1.2311333,3.1121657,0,0.80998541,24.78
672,11,9307,1329,4mig_G3F_A_802,4,gnina,0.77158119,1.229743,3.9297018,0,0.0076048913,7.4356154
673,11,12236,1748,5hpu_IPH_A_101,0,surfdock,0.49713353,1.2269547,2.0830972,0,0.99360749,3.9853029
674,11,721,103,1gkc_NFH_A_1448,0,surfdock,0.50946392,1.2254545,2.351306,0,0.99085417,3.5488832
675,11,17780,2540,7joc_ARZ_A_302,0,surfdock,0.79334449,1.2244018,3.9918928,0,0.98923768,3.7009592
676,11,1159,165,1if4_FBS_A_555,4,gnina,0.82582179,1.223828,4.0029063,0,0.99503764,1.822094
677,11,11733,1676,5eso_ISC_B_602,1,unimol,0.69036211,1.2233452,3.1879387,0,0,22.4
678,11,12243,1749,5hpu_IPH_C_101,0,surfdock,0.4970993,1.2219961,2.0830972,0,0.99534277,1.9071538
679,11,340,48,1diw_GAL_A_1400,4,gnina,0.49881219,1.2213005,2.2151897,0,0.0009117094,1.7511232
680,11,17207,2458,6t5p_VD8_B_302,1,unimol,0.69036211,1.2204443,3.2165048,0,0.97990153,18.91
681,11,17214,2459,6t5p_VD8_D_302,1,unimol,0.69036211,1.2204443,3.2165048,0,0.96797953,21.4
682,11,17200,2457,6t5p_VD8_A_302,1,unimol,0.69036211,1.2201243,3.2196677,0,0.88937562,25.04
683,11,1072,153,1hdi_3PG_A_419,1,unimol,0.69036211,1.2158369,3.2622645,0,0.95282995,14.87
684,11,3487,498,1zha_R5P_A_1269,1,unimol,0.69036211,1.2157789,3.2628434,0,0,22.74
685,11,725,103,1gkc_NFH_A_1448,4,gnina,0.50189089,1.2041774,2.4678898,0,0.98274896,4.4025068
686,12,526,75,1foi_14W_A_810,1,unimol,0.69266386,1.3541492,2.0179176,0,0.99540042,18.25
687,12,533,76,1foi_14W_B_810,1,unimol,0.69266386,1.3541492,2.0179176,0,0.99301916,22.3
688,12,540,77,1fp2_HMO_A_2000,1,unimol,0.69266386,1.3541492,2.0179176,0,0.92100725,20.05
689,12,4145,592,2exs_TRP_B_2100,1,unimol,0.69266386,1.3541492,2.0179176,0,0,27.08
690,12,5538,791,2w5t_GP9_A_1644,1,unimol,0.69266386,1.3541492,2.0179176,0,0.22158762,17.62
691,12,9752,1393,4q3a_2YC_A_904,1,unimol,0.69266386,1.3541492,2.0179176,0,0.98231189,23.45
692,12,9759,1394,4q3a_2YC_B_904,1,unimol,0.69266386,1.3541492,2.0179176,0,0.98686118,23.95
693,12,9766,1395,4q3a_2YC_C_904,1,unimol,0.69266386,1.3541492,2.0179176,0,0,18.25
694,12,9773,1396,4q3a_2YC_D_904,1,unimol,0.69266386,1.3541492,2.0179176,0,0,24.96
695,12,15317,2188,6fs7_E4Z_A_903,1,unimol,0.69266386,1.3541492,2.0179176,0,0,20.9
696,12,15324,2189,6fs7_E4Z_C_903,1,unimol,0.69266386,1.3541492,2.0179176,0,0,23.74
697,12,15338,2191,6fs7_E4Z_E_903,1,unimol,0.69266386,1.3541492,2.0179176,0,0,28.81
698,12,15345,2192,6fs7_E4Z_F_903,1,unimol,0.69266386,1.3541492,2.0179176,0,0,27.35
699,12,17473,2496,6vlu_CIT_A_701,1,unimol,0.69266386,1.3541492,2.0179176,0,0.5216739,29.97
700,12,17613,2516,6xzx_O5H_A_302,1,unimol,0.69266386,1.3541492,2.0179176,0,0.98847073,26.29
701,12,15331,2190,6fs7_E4Z_D_903,1,unimol,0.69266386,1.3522311,2.0321147,0,0,25.87
702,12,4726,675,2jig_PD2_A_1254,1,unimol,0.69266386,1.3478168,2.0649962,0,0.99521059,21.17
703,12,5293,756,2r5e_QLP_B_430,1,unimol,0.69266386,1.3460773,2.0780344,0,0,27.57
704,12,1800,257,1m9j_CLW_B_907,1,unimol,0.69266386,1.3359847,2.1545818,0,0,21.6
705,12,7050,1007,3wug_XYP_B_1,1,unimol,0.69266386,1.3329814,2.1776631,0,0,18.09
706,12,9626,1375,4ox5_DAL_A_307,1,unimol,0.69266386,1.3186199,2.2900083,0,0,17.83
707,12,1590,227,1kwu_MMA_A_501,1,unimol,0.69266386,1.3109683,2.3512297,0,0.95346127,23.22
708,12,1597,228,1kwu_MMA_B_601,1,unimol,0.69266386,1.3109683,2.3512297,0,0.93323504,18.01
709,12,1604,229,1kwu_MMA_C_701,1,unimol,0.69266386,1.3109683,2.3512297,0,0.93401632,23.09
710,12,17417,2488,6urx_JMG_A_316,1,unimol,0.69266386,1.3028868,2.4169545,0,0.98789856,14.91
711,12,14036,2005,5wct_GY4_A_303,1,unimol,0.69266386,1.2983515,2.4543269,0,0,18.7
712,12,6014,859,2zce_PYL_A_601,1,unimol,0.69266386,1.2973812,2.462369,0,0,23.56
713,12,12965,1852,5lik_W8X_X_402,1,unimol,0.69266386,1.2796912,2.6119068,0,0.91823304,22.41
714,13,17095,2442,6syz_M1E_A_601,1,unimol,0.67859473,1.3551861,2.0486162,0,0.9932638,19.41
715,13,17102,2443,6syz_M1E_B_601,1,unimol,0.67859473,1.3551861,2.0486162,0,0.99006114,16.62
716,13,4537,648,2i6p_4NP_A_401,1,unimol,0.67859473,1.3260355,2.2686567,0,0.90016554,20.66
717,13,2723,389,1tkj_MED_A_913,0,surfdock,0.5632815,1.2603319,2.0486162,0,0.83885921,2.5725439
718,13,11922,1703,5fp9_4SV_A_1342,1,unimol,0.67859473,1.2553852,2.860465,0,0.95046191,19.41
719,13,7932,1133,4cxr_2BG_A_502,1,unimol,0.67859473,1.2526347,2.8853645,0,0.9942728,21.35
720,13,16611,2373,6q4b_HHN_A_301,0,surfdock,0.55205036,1.2442907,2.0486162,0,0.99333107,2.1057988
721,13,4165,595,2f64_12Q_B_471,0,surfdock,0.60575948,1.243202,2.24073,0,0.0054556519,2.5532196
722,13,4158,594,2f64_12Q_A_472,0,surfdock,0.59202733,1.2404595,2.2586284,0,0,2.4722166
723,13,4613,659,2isf_PAC_A_317,0,surfdock,0.55200922,1.2282272,2.1681013,0,0.99146936,2.4236797
724,13,4348,621,2fzb_TOL_A_800,1,unimol,0.67859473,1.2093617,3.2978585,0,0.96882965,24.11
725,13,9689,1384,4pbr_2L7_A_401,1,unimol,0.67859473,1.2085181,3.3063078,0,0.98982832,19.23
726,13,12958,1851,5la2_ARB_B_606,1,unimol,0.67859473,1.2076842,3.3146772,0,0,17.57
727,13,2982,426,1vje_MSE_A_401,0,surfdock,0.66438421,1.2073895,2.5662434,0,0.93868149,2.8363636
728,13,9883,1411,4r2n_PLP_A_401,6,smina,0.57403434,1.1998834,2.6064587,0,0.97918659,11.09552
729,13,5583,797,2wdq_TEO_E_1589,4,gnina,0.75209702,1.1992224,4.2028804,0,0.96847194,10.370341
730,13,4341,620,2fzb_TOL_A_700,1,unimol,0.67859473,1.1974653,3.4185469,0,0.98333428,25.3
731,13,8974,1282,4jp3_CIT_A_301,0,surfdock,0.60635268,1.1973668,2.6395693,0,0,2.9394392
732,13,4355,622,2fzb_TOL_A_900,1,unimol,0.67859473,1.1967218,3.4262011,0,0.96631681,26.78
733,13,12951,1850,5la1_XYP_A_601,1,unimol,0.67859473,1.1920731,3.4743586,0,0,21.27
734,13,16618,2374,6q4k_HHW_A_301,0,surfdock,0.55204822,1.190634,2.5011554,0,0.98913197,3.0744412
735,13,1701,243,1lro_PEP_B_2268,0,surfdock,0.60906642,1.1823225,2.7817383,0,0.0035607623,2.4424603
736,13,7448,1064,4aw0_MJF_A_600,0,surfdock,0.5632815,1.1815494,2.7264912,0,0,3.6839195
737,13,1470,210,1k8z_IAG_A_501,0,surfdock,0.55185181,1.1730273,2.6113784,0,0.99442625,3.3719875
738,13,7189,1027,3zv6_4HB_A_1277,0,surfdock,0.55115755,1.1724219,2.5561485,0,0,2.7463224
739,13,624,89,1g6t_S3P_A_601,1,unimol,0.67859473,1.1567729,3.8578396,0,0.96177999,20.1
740,13,12748,1821,5jg5_EVF_B_302,1,unimol,0.67859473,1.1557577,3.8693566,0,0.98420915,19.8
741,13,1694,242,1lro_PEP_A_1268,0,surfdock,0.55196111,1.1552227,2.8100667,0,0,2.2685667
742,13,14336,2048,5y8p_3OH_B_301,0,surfdock,0.66512619,1.1536008,3.0809259,0,0.41505808,2.0536081
743,13,12741,1820,5jg5_EVF_B_301,1,unimol,0.67859473,1.1495394,3.940522,0,0.98036964,19.29
744,13,14890,2127,6bxk_MTA_A_401,1,unimol,0.67859473,1.1484656,3.9529221,0,0.9580954,17.21
745,13,1925,275,1ngp_NPA_H_302,0,surfdock,0.55175142,1.1478489,2.833061,0,0,2.8359082
746,13,7161,1023,3zjq_NCA_A_300,0,surfdock,0.55214436,1.1476568,2.9541273,0,0.0025526084,2.3904477
747,13,1841,263,1moo_4MZ_A_264,0,surfdock,0.54886542,1.1434422,2.0486162,0,0.055030513,1.8718611
748,13,1848,264,1moo_4MZ_A_265,0,surfdock,0.54886542,1.1434422,2.0486162,0,0.99139843,1.8446556
749,13,2380,340,1qmh_CIT_B_401,0,surfdock,0.54886542,1.1434422,2.0486162,0,0.95803441,2.439304
750,13,4011,573,2d20_NPO_B_953,0,surfdock,0.54886542,1.1434422,2.0486162,0,0.99645267,2.2700549
751,13,4039,577,2e1a_MSE_D_301,0,surfdock,0.54886542,1.1434422,2.0486162,0,0.98007347,2.5671216
752,13,4340,620,2fzb_TOL_A_700,0,surfdock,0.54886542,1.1434422,2.0486162,0,0.87667258,3.8355486
753,13,4347,621,2fzb_TOL_A_800,0,surfdock,0.54886542,1.1434422,2.0486162,0,0.97663223,3.4131322
754,13,4354,622,2fzb_TOL_A_900,0,surfdock,0.54886542,1.1434422,2.0486162,0,0,2.5189083
755,13,5187,741,2qui_LTN_A_501,0,surfdock,0.54886542,1.1434422,2.0486162,0,0,3.1416823
756,13,5194,742,2qui_LTN_B_478,0,surfdock,0.54886542,1.1434422,2.0486162,0,0,3.0400293
757,13,6027,861,2zgw_BTN_A_1401,0,surfdock,0.54886542,1.1434422,2.0486162,0,0.95145951,3.2053579
758,13,6034,862,2zgw_BTN_B_1402,0,surfdock,0.54886542,1.1434422,2.0486162,0,0.96774481,3.321372
759,13,6069,867,2ztl_3HL_A_301,0,surfdock,0.54886542,1.1434422,2.0486162,0,0.99795886,2.0843456
760,13,6076,868,2ztl_3HL_B_301,0,surfdock,0.54886542,1.1434422,2.0486162,0,0.987304,2.2379403
761,13,6083,869,2ztl_3HL_C_301,0,surfdock,0.54886542,1.1434422,2.0486162,0,0.99514346,2.1943142
762,13,6090,870,2ztl_3HL_D_301,0,surfdock,0.54886542,1.1434422,2.0486162,0,0,2.1596996
763,13,6391,913,3se2_3AB_C_4,0,surfdock,0.54886542,1.1434422,2.0486162,0,0.9965687,2.4909066
764,14,13525,1932,5tdt_MBN_D_501,1,unimol,0.77162798,1.4417636,2.0541899,0,0.99120345,26.39
765,14,6395,913,3se2_3AB_C_4,4,gnina,0.7001846,1.4388,2.0541899,0,0.98961868,2.1561149
766,14,2986,426,1vje_MSE_A_401,4,gnina,0.69191031,1.4373605,2.0541899,0,3.1162682e-06,2.4980363
767,14,5887,841,2yjd_YJD_B_1498,0,surfdock,0.77065328,1.365116,2.6109533,0,0,6.6417426
768,14,1240,177,1ixo_G3P_A_1001,1,unimol,0.683319,1.3536168,2.0541899,0,0,24.24
769,14,1247,178,1ixo_G3P_D_1004,1,unimol,0.683319,1.3536168,2.0541899,0,0,22.65
770,14,1478,211,1kae_HSO_A_1001,1,unimol,0.683319,1.3536168,2.0541899,0,0,15.62
771,14,2269,324,1pt8_OXL_A_802,1,unimol,0.683319,1.3536168,2.0541899,0,0.94714412,14.66
772,14,2276,325,1pt8_OXL_B_801,1,unimol,0.683319,1.3536168,2.0541899,0,0.9804017,16.93
773,14,2822,403,1u18_HSM_B_402,1,unimol,0.683319,1.3536168,2.0541899,0,0,21.72
774,14,2927,418,1uxi_FUM_A_1311,1,unimol,0.683319,1.3536168,2.0541899,0,0.91529939,19.82
775,14,2955,422,1v3v_5OP_B_2360,1,unimol,0.683319,1.3536168,2.0541899,0,0.98491371,15.9
776,14,3298,471,1yik_MM1_A_500,1,unimol,0.683319,1.3536168,2.0541899,0,0,25.83
777,14,3963,566,2cjz_PTR_A_1537,1,unimol,0.683319,1.3536168,2.0541899,0,0.52913761,25.47
778,14,4131,590,2euq_BVC_A_401,1,unimol,0.683319,1.3536168,2.0541899,0,0.70256923,14.56
779,14,4138,591,2eus_ABN_A_400,1,unimol,0.683319,1.3536168,2.0541899,0,0.99203182,16.45
780,14,4215,602,2fcu_AKG_A_897,1,unimol,0.683319,1.3536168,2.0541899,0,0.97442057,23.79
781,14,4404,629,2gn2_C5P_A_400,1,unimol,0.683319,1.3536168,2.0541899,0,0.96464922,21.87
782,14,5321,760,2rtn_IMI_B_300,1,unimol,0.683319,1.3536168,2.0541899,0,0.98033077,19.19
783,14,5328,761,2rtn_IMI_D_300,1,unimol,0.683319,1.3536168,2.0541899,0,0.97334573,19.76
784,14,5909,844,2z20_PLP_A_701,1,unimol,0.683319,1.3536168,2.0541899,0,0.93983054,18.56
785,14,5916,845,2z20_PLP_B_801,1,unimol,0.683319,1.3536168,2.0541899,0,0.99387726,21.5
786,14,6350,907,3rop_NCA_A_302,1,unimol,0.683319,1.3536168,2.0541899,0,0.0047277993,18.92
787,14,6357,908,3rop_NCA_B_302,1,unimol,0.683319,1.3536168,2.0541899,0,0.009204335,16.14
788,14,6595,942,3uud_EST_A_600,1,unimol,0.683319,1.3536168,2.0541899,0,0.97890557,21.92
789,14,6602,943,3uud_EST_B_600,1,unimol,0.683319,1.3536168,2.0541899,0,0.99303972,25.61
790,14,6616,945,3v1s_0LH_B_401,1,unimol,0.683319,1.3536168,2.0541899,0,0.99579135,24.28
791,14,7001,1000,3wr4_GDE_B_502,1,unimol,0.683319,1.3536168,2.0541899,0,0.98741293,18.99
792,14,7092,1013,3wwc_BUA_A_402,1,unimol,0.683319,1.3536168,2.0541899,0,0,15.67
793,14,7099,1014,3wwc_BUA_A_403,1,unimol,0.683319,1.3536168,2.0541899,0,0.98285024,14.45
794,14,7309,1044,4a9j_TYL_A_1188,1,unimol,0.683319,1.3536168,2.0541899,0,0.99128895,21.84
795,14,7316,1045,4a9j_TYL_B_1187,1,unimol,0.683319,1.3536168,2.0541899,0,0.99386227,21.14
796,14,7323,1046,4a9j_TYL_C_1184,1,unimol,0.683319,1.3536168,2.0541899,0,0.99584009,16.66
797,14,7526,1075,4bbx_LKF_A_1760,1,unimol,0.683319,1.3536168,2.0541899,0,0,22.85
798,14,7568,1081,4buf_F36_A_2162,1,unimol,0.683319,1.3536168,2.0541899,0,0,22.89
799,14,7575,1082,4buf_F36_B_2162,1,unimol,0.683319,1.3536168,2.0541899,0,0,20.15
800,14,7582,1083,4buv_16I_A_2165,1,unimol,0.683319,1.3536168,2.0541899,0,0,19.24
801,14,7589,1084,4bux_F35_A_2166,1,unimol,0.683319,1.3536168,2.0541899,0,0,17.15
802,14,7708,1101,4cju_JNS_B_1214,1,unimol,0.683319,1.3536168,2.0541899,0,0.98273282,19.28
803,14,7778,1111,4cle_JR2_A_1270,1,unimol,0.683319,1.3536168,2.0541899,0,0,24.04
804,14,7792,1113,4cle_JR2_C_1270,1,unimol,0.683319,1.3536168,2.0541899,0,0,22.51
805,14,7799,1114,4cle_JR2_D_1270,1,unimol,0.683319,1.3536168,2.0541899,0,0,17.73
806,14,7813,1116,4clo_XP0_B_1270,1,unimol,0.683319,1.3536168,2.0541899,0,0,19.28
807,14,7820,1117,4clo_XP0_D_1270,1,unimol,0.683319,1.3536168,2.0541899,0,0,20.04
808,14,7897,1128,4cpp_ADM_A_422,1,unimol,0.683319,1.3536168,2.0541899,0,0.9350857,15.99
809,14,7960,1137,4d06_NAR_F_302,1,unimol,0.683319,1.3536168,2.0541899,0,0.22789637,22.34
810,14,8450,1207,4ghf_4NC_A_402,1,unimol,0.683319,1.3536168,2.0541899,0,0.93823821,24.95
811,14,8457,1208,4ghf_4NC_C_402,1,unimol,0.683319,1.3536168,2.0541899,0,0.94652896,19.13
812,14,8464,1209,4ghf_4NC_D_402,1,unimol,0.683319,1.3536168,2.0541899,0,0.93203626,19.96
813,14,8471,1210,4gim_PSU_A_400,1,unimol,0.683319,1.3536168,2.0541899,0,0.86227518,21.81
814,15,6073,867,2ztl_3HL_A_301,4,gnina,0.71383189,1.4405719,2.0750034,0,0.99201901,2.213477
815,15,6087,869,2ztl_3HL_C_301,4,gnina,0.71240367,1.4402322,2.0750034,0,0.99533857,2.1229134
816,15,6080,868,2ztl_3HL_B_301,4,gnina,0.70842677,1.4398076,2.0750034,0,0.97108292,2.9448393
817,15,4043,577,2e1a_MSE_D_301,4,gnina,0.70475878,1.4397227,2.0750034,0,0.99486628,1.9194645
818,15,6038,862,2zgw_BTN_B_1402,4,gnina,0.69850455,1.439383,2.0750034,0,0.9698386,3.8491562
819,15,6031,861,2zgw_BTN_A_1401,4,gnina,0.69024314,1.4385337,2.0750034,0,0.97960222,3.5096533
820,15,16622,2374,6q4k_HHW_A_301,4,gnina,0.72566105,1.4009081,2.3561406,0,0.00049452879,4.5078589
821,15,218,31,1cdk_MYR_A_403,1,unimol,0.6735943,1.3557325,2.0750034,0,0,16.59
822,15,225,32,1cdk_MYR_B_403,1,unimol,0.6735943,1.3557325,2.0750034,0,0.88011681,17.59
823,15,1121,160,1hsb_ALA_A_1001,1,unimol,0.6735943,1.3557325,2.0750034,0,1.1247562e-05,22.46
824,15,1667,238,1lo3_AN1_Y_500,1,unimol,0.6735943,1.3557325,2.0750034,0,0.97975166,18.98
825,15,1716,245,1luq_BTN_A_5100,1,unimol,0.6735943,1.3557325,2.0750034,0,0,22.33
826,15,1807,258,1mex_RAC_H_601,1,unimol,0.6735943,1.3557325,2.0750034,0,0.98557876,18.74
827,15,2472,353,1rvz_NAG_A_3321,1,unimol,0.6735943,1.3557325,2.0750034,0,0,30.77
828,15,3095,442,1wc7_PP3_A_1214,1,unimol,0.6735943,1.3557325,2.0750034,0,0.92140223,18.49
829,15,4656,665,2j1s_FUL_B_1153,1,unimol,0.6735943,1.3557325,2.0750034,0,0.94123959,20.88
830,15,4705,672,2jhp_GUN_A_1647,1,unimol,0.6735943,1.3557325,2.0750034,0,0.98384697,17.65
831,15,4712,673,2jhp_GUN_A_1648,1,unimol,0.6735943,1.3557325,2.0750034,0,0.96686583,20.69
832,15,5132,733,2qg6_NMN_A_301,1,unimol,0.6735943,1.3557325,2.0750034,0,0.96742342,19.48
833,15,7330,1047,4adl_LMR_D_1468,1,unimol,0.6735943,1.3557325,2.0750034,0,0,26.03
834,15,7337,1048,4adm_SRT_C_1466,1,unimol,0.6735943,1.3557325,2.0750034,0,0,27.09
835,15,10732,1533,4zib_4OG_A_512,1,unimol,0.6735943,1.3557325,2.0750034,0,0.97114356,20.64
836,15,12272,1753,5hss_650_B_402,1,unimol,0.6735943,1.3557325,2.0750034,0,0.94607063,21.47
837,15,12279,1754,5hss_650_C_401,1,unimol,0.6735943,1.3557325,2.0750034,0,0.96225441,27.16
838,15,13126,1875,5mzp_CFF_A_2401,1,unimol,0.6735943,1.3557325,2.0750034,0,0.98745026,23.6
839,15,13371,1910,5r0i_SYV_A_2501,1,unimol,0.6735943,1.3557325,2.0750034,0,0.99338809,16.11
840,15,15457,2208,6hl9_SIN_B_402,1,unimol,0.6735943,1.3557325,2.0750034,0,0.84672457,21.91
841,15,15996,2285,6m9b_BTN_C_201,1,unimol,0.6735943,1.3557325,2.0750034,0,0.98202831,21.13
842,15,16003,2286,6m9b_BTN_D_201,1,unimol,0.6735943,1.3557325,2.0750034,0,0.96285678,18.91
843,15,16598,2371,6ps7_ZMA_A_1201,1,unimol,0.6735943,1.3557325,2.0750034,0,0.96276576,22.82
844,15,16794,2399,6r4j_GLU_A_704,1,unimol,0.6735943,1.3557325,2.0750034,0,0,24.31
845,15,17760,2537,7cwd_GAL_A_902,1,unimol,0.6735943,1.3557325,2.0750034,0,0.44292045,18.99
846,15,8982,1283,4jwx_1N4_A_301,1,unimol,0.6735943,1.3464501,2.1416543,0,0.96906381,20.28
847,15,12426,1775,5ice_2H4_A_402,1,unimol,0.6735943,1.3244116,2.3049719,0,0.97953153,18.2
848,15,3851,550,2bsc_NAG_A_1176,1,unimol,0.6735943,1.3223627,2.3205316,0,0.98456683,18.52
849,15,17753,2536,7cne_SIN_A_402,1,unimol,0.6735943,1.3219206,2.3238959,0,0.73499798,16.47
850,15,11369,1624,5d9w_ASC_A_301,1,unimol,0.6735943,1.3205074,2.3346763,0,0,18.73
851,15,13168,1881,5nh9_XLS_A_503,1,unimol,0.6735943,1.3193479,2.3435433,0,0.9841186,22.77
852,15,13175,1882,5nh9_XLS_B_503,1,unimol,0.6735943,1.3193479,2.3435433,0,0,22.28
853,15,13182,1883,5nh9_XLS_D_504,1,unimol,0.6735943,1.3193479,2.3435433,0,0.98417865,25.22
854,15,9290,1327,4ma8_Z80_C_301,1,unimol,0.6735943,1.3157277,2.3713655,0,0.73788609,26.63
855,15,13854,1979,5ve5_GSH_B_402,1,unimol,0.6735943,1.3092781,2.4214523,0,0.48849352,20.17
856,15,14029,2004,5w8q_BU4_B_400,1,unimol,0.6735943,1.3075455,2.4350221,0,0.995276,23.21
857,15,9821,1403,4qe1_RUU_A_403,0,surfdock,0.67727266,1.307127,3.0697813,0,0,2.480637
858,15,14106,2015,5x23_LSN_A_503,1,unimol,0.6735943,1.2994603,2.498996,0,0,21.85
859,15,14113,2016,5x23_LSN_A_504,1,unimol,0.6735943,1.2965405,2.5223663,0,0,25.09
860,15,4351,621,2fzb_TOL_A_800,4,gnina,0.71871055,1.2924213,3.2298164,0,0.00014165223,4.5722485
861,15,6063,866,2zm9_ACA_A_501,1,unimol,0.6735943,1.2918156,2.5604899,0,0.98674316,28.32
862,15,8324,1189,4evi_C9M_A_402,1,unimol,0.6735943,1.2915583,2.5625758,0,0.97820645,22.26
863,15,3466,495,1zgj_P1S_A_0,1,unimol,0.6735943,1.2857574,2.6099303,0,0.98577978,20.44
864,16,917,131,1h48_CDI_F_902,0,surfdock,0.8592017,1.442695,2.0930216,0,0,2.9350578
865,16,6328,904,3roe_THM_D_265,0,surfdock,0.85625255,1.4425247,2.0930216,0,0,3.3217274
866,16,17626,2518,6y4z_TLA_D_301,0,surfdock,0.85609871,1.4424395,2.0930216,0,0.99618235,3.0096055
867,16,5891,841,2yjd_YJD_B_1498,4,gnina,0.83588662,1.4423543,2.0930216,0,0.0016560646,5.0063115
868,16,17781,2540,7joc_ARZ_A_302,1,unimol,0.82000847,1.442184,2.0930216,0,0.98719574,27.77
869,16,4617,659,2isf_PAC_A_317,4,gnina,0.77904323,1.4411619,2.0930216,0,0.0012259024,1.7842649
870,16,1852,264,1moo_4MZ_A_265,4,gnina,0.77041001,1.4409915,2.0930216,0,8.5848719e-06,1.2601579
871,16,918,131,1h48_CDI_F_902,1,unimol,0.74625666,1.4408212,2.0930216,0,0,19.8
872,16,1849,264,1moo_4MZ_A_265,1,unimol,0.72657664,1.4403953,2.0930216,0,0,15.86
873,16,4344,620,2fzb_TOL_A_700,4,gnina,0.71407242,1.4400546,2.0930216,0,2.1866441e-09,3.5983637
874,16,4523,646,2i1v_F6P_B_720,1,unimol,0.7036917,1.4397991,2.0930216,0,0.95616508,23.52
875,16,5188,741,2qui_LTN_A_501,1,unimol,0.69667229,1.4395436,2.0930216,0,0,19.06
876,16,5195,742,2qui_LTN_B_478,1,unimol,0.69667229,1.4395436,2.0930216,0,0,25.14
877,16,12818,1831,5kcj_6RM_B_302,1,unimol,0.69667229,1.4395436,2.0930216,0,0.99481248,20.38
878,16,1842,263,1moo_4MZ_A_264,1,unimol,0.69426855,1.4392029,2.0930216,0,0,18.15
879,16,1702,243,1lro_PEP_B_2268,1,unimol,0.68456714,1.4389473,2.0930216,0,0.9731796,18.95
880,16,7372,1053,4ajj_88S_C_1334,1,unimol,0.68448192,1.4385215,2.0930216,0,0.98744677,23.96
881,16,8674,1239,4i0b_CMP_A_301,1,unimol,0.68448192,1.4385215,2.0930216,0,0.99449971,15.67
882,16,10543,1506,4ynu_LGC_A_603,1,unimol,0.68448192,1.4385215,2.0930216,0,0,21.65
883,16,15401,2200,6gl4_GLU_A_301,1,unimol,0.68448192,1.4385215,2.0930216,0,0,19.39
884,16,967,138,1h5r_THM_A_1293,1,unimol,0.68101979,1.4380104,2.0930216,0,0,22.04
885,16,8,1,19gs_BSP_B_210,1,unimol,0.67339554,1.4378401,2.0930216,0,0.98854669,17.23
886,16,6777,968,3vqe_FMQ_A_1006,1,unimol,0.81707405,1.4067618,2.3348053,0,0.44565346,15.78
887,16,17452,2493,6v8n_QS1_A_1704,1,unimol,0.70369171,1.4029669,2.3470247,0,0.99183913,26.53
888,16,6392,913,3se2_3AB_C_4,1,unimol,0.79905029,1.3964983,2.4065292,0,0.97637724,21.86
889,16,1156,165,1if4_FBS_A_555,1,unimol,0.83309282,1.3956156,2.4165027,0,0.98795365,17.58
890,16,10077,1439,4u8p_UDP_C_603,4,gnina,0.73171595,1.3882286,2.4583836,0,1.9734331e-05,5.8281538
891,16,4040,577,2e1a_MSE_D_301,1,unimol,0.79801885,1.3703739,2.5997641,0,0.96764968,19.22
892,17,4015,573,2d20_NPO_B_953,4,gnina,0.73665164,1.4415006,2.0884588,0,0.0015166757,2.1015765
893,17,1786,255,1m7p_G3H_A_5401,1,unimol,0.66984489,1.3598958,2.0884588,0,0.97335821,19.27
894,17,1793,256,1m7p_G3H_B_6401,1,unimol,0.66984489,1.3598958,2.0884588,0,0.96292308,17.14
895,17,2913,416,1uqx_MMA_A_1116,1,unimol,0.66984489,1.3598958,2.0884588,0,0.92333776,22.96
896,17,6217,888,3qk1_BEN_A_1010,1,unimol,0.66984489,1.3598958,2.0884588,0,0.99167222,16.17
897,17,6791,970,3vv5_SLZ_A_300,1,unimol,0.66984489,1.3598958,2.0884588,0,0,20.85
898,17,6798,971,3vv5_SLZ_B_301,1,unimol,0.66984489,1.3598958,2.0884588,0,0.88280155,18.76
899,17,8163,1166,4dvw_0M4_A_512,1,unimol,0.66984489,1.3598958,2.0884588,0,0.98815446,24.86
900,17,8170,1167,4dvw_0M4_B_512,1,unimol,0.66984489,1.3598958,2.0884588,0,0.99097395,21.15
901,17,8912,1273,4j0k_EGR_B_501,1,unimol,0.66984489,1.3598958,2.0884588,0,0.77542336,16.87
902,17,9031,1290,4k5u_GAL_A_301,1,unimol,0.66984489,1.3598958,2.0884588,0,0.989861,16.84
903,17,9220,1317,4lvb_20N_A_601,1,unimol,0.66984489,1.3598958,2.0884588,0,0.99096027,24.78
904,17,9444,1349,4n94_2HO_A_401,1,unimol,0.66984489,1.3598958,2.0884588,0,0.99624085,20.18
905,17,9598,1371,4o95_245_A_602,1,unimol,0.66984489,1.3598958,2.0884588,0,0.98405158,19.81
906,17,10305,1472,4wdx_WDX_A_402,1,unimol,0.66984489,1.3598958,2.0884588,0,0,18.15
907,17,10312,1473,4wdx_WDX_B_402,1,unimol,0.66984489,1.3598958,2.0884588,0,0,19.49
908,17,10592,1513,4ywd_NTM_A_704,1,unimol,0.66984489,1.3598958,2.0884588,0,0.94738022,15.79
909,17,11299,1614,5ci9_549_A_401,1,unimol,0.66984489,1.3598958,2.0884588,0,0.00047604393,22.62
910,17,11306,1615,5ci9_549_A_402,1,unimol,0.66984489,1.3598958,2.0884588,0,0.98041395,18.55
911,17,12391,1770,5i9m_69K_A_302,1,unimol,0.66984489,1.3598958,2.0884588,0,0.98917837,17.37
912,17,12398,1771,5i9m_69K_B_302,1,unimol,0.66984489,1.3598958,2.0884588,0,0.9888055,19.09
913,17,12405,1772,5i9m_69K_C_302,1,unimol,0.66984489,1.3598958,2.0884588,0,0.9894816,15.74
914,17,13140,1877,5n5k_HAE_A_306,1,unimol,0.66984489,1.3598958,2.0884588,0,0.96926924,21
915,17,13266,1895,5o4j_PJL_A_304,1,unimol,0.66984489,1.3598958,2.0884588,0,0.93433296,24.27
916,17,14246,2035,5xoi_SIN_A_401,1,unimol,0.66984489,1.3598958,2.0884588,0,0.92729051,24.92
917,17,14274,2039,5xvv_AKG_A_508,1,unimol,0.66984489,1.3598958,2.0884588,0,0.97411038,24.53
918,17,14281,2040,5xvv_AKG_B_506,1,unimol,0.66984489,1.3598958,2.0884588,0,0,29.73
919,17,14288,2041,5xvv_AKG_C_504,1,unimol,0.66984489,1.3598958,2.0884588,0,0.94491382,24.81
920,17,15002,2143,6dqt_LEU_B_1,1,unimol,0.66984489,1.3598958,2.0884588,0,0.9205872,20.97
921,17,15912,2273,6l8a_BAL_D_507,1,unimol,0.66984489,1.3598958,2.0884588,0,0.9740703,29.06
922,17,15919,2274,6l8a_BAL_E_503,1,unimol,0.66984489,1.3598958,2.0884588,0,0.86044633,24.64
923,17,16325,2332,6o04_DNA_A_601,1,unimol,0.66984489,1.3598958,2.0884588,0,0.9909206,26.11
924,17,16332,2333,6o04_DNA_B_601,1,unimol,0.66984489,1.3598958,2.0884588,0,0.99467557,25.76
925,17,16339,2334,6o04_DNA_D_603,1,unimol,0.66984489,1.3598958,2.0884588,0,0.99178724,18.31
926,17,16920,2417,6rlt_MLI_A_508,1,unimol,0.66984489,1.3598958,2.0884588,0,0.54215619,15.97
927,17,16927,2418,6rlt_MLI_B_511,1,unimol,0.66984489,1.3598958,2.0884588,0,0.38015543,26.17
928,17,16934,2419,6rlt_MLI_B_512,1,unimol,0.66984489,1.3598958,2.0884588,0,0.81859592,18.47
929,17,10536,1505,4ynu_LGC_A_602,1,unimol,0.66984489,1.3548729,2.1238456,0,0,14.55
930,17,8765,1252,4i6y_MEV_A_501,1,unimol,0.66984489,1.3312691,2.2949862,0,0.97424084,24.19
931,17,8772,1253,4i6y_MEV_B_1001,1,unimol,0.66984489,1.3312691,2.2949862,0,0.97619063,17.73
932,17,17564,2509,6x9d_HYP_B_2002,1,unimol,0.66984489,1.3144385,2.4221237,0,0,29.72
933,17,4012,573,2d20_NPO_B_953,1,unimol,0.75908086,1.3122383,3.0636322,0,0.99162815,20.71
934,17,9094,1299,4kwl_3SS_A_302,1,unimol,0.66984489,1.3114572,2.445106,0,0.99136081,18.31
935,17,7169,1024,3zog_A2Q_A_200,1,unimol,0.66984489,1.3108199,2.450038,0,0,20.03
936,17,5146,735,2qhv_OC9_A_1001,1,unimol,0.66984489,1.3008899,2.5277278,0,0.98433836,20.85
937,17,211,30,1ca7_ENO_B_601,1,unimol,0.66984489,1.2833417,2.669045,0,0.95974611,21.01
938,17,8099,1157,4do1_ANN_B_502,0,surfdock,0.62891891,1.2782909,2.0884588,0,0.99638973,2.6886339
939,17,4123,589,2eup_LG4_A_400,0,surfdock,0.62887656,1.2781203,2.0884588,0,0.99484732,2.2853423
940,17,4998,714,2prl_ORO_A_399,0,surfdock,0.62818136,1.2776937,2.0884588,0,0.0026259815,2.5062175
941,17,168,24,1bit_BEN_A_247,0,surfdock,0.6281394,1.2776084,2.0884588,0,0.010075766,2.1390975
942,18,1474,210,1k8z_IAG_A_501,4,gnina,0.72005703,1.3888166,2.4680731,0,0.0056558862,2.8631098
943,18,2703,386,1tke_SER_A_500,1,unimol,0.67626628,1.3623884,2.1015766,0,0,19.34
944,18,4516,645,2huu_ALA_A_701,1,unimol,0.67626628,1.3623884,2.1015766,0,0,23.67
945,18,10081,1440,4u8y_MIY_B_1102,1,unimol,0.67626628,1.3623884,2.1015766,0,0.9426336,33.94
946,18,12433,1776,5icf_SAU_A_402,1,unimol,0.67626628,1.3623884,2.1015766,0,0.9098824,15.06
947,18,16171,2310,6ncx_ADA_B_601,1,unimol,0.67626628,1.3591927,2.1239774,0,0,26.62
948,18,16178,2311,6ncx_ADA_D_601,1,unimol,0.67626628,1.3591927,2.1239774,0,0,23.41
949,18,16164,2309,6ncx_ADA_A_601,1,unimol,0.67626628,1.3576009,2.1351891,0,0,24.92
950,18,3375,482,1z8p_DEB_A_420,1,unimol,0.67626628,1.3527166,2.169811,0,0,24.95
951,18,10417,1488,4x36_CHT_A_411,1,unimol,0.67626628,1.3371704,2.2822926,0,0.92654684,23.04
952,18,484,69,1eyw_PEL_A_404,1,unimol,0.67626628,1.3359641,2.2911682,0,0.96758981,17.15
953,18,10396,1485,4x36_CHT_A_408,1,unimol,0.67626628,1.3348914,2.2990789,0,0.97509629,23.3
954,18,10403,1486,4x36_CHT_A_409,1,unimol,0.67626628,1.331471,2.3244205,0,0.97188093,17.76
955,18,10410,1487,4x36_CHT_A_410,1,unimol,0.67626628,1.3305585,2.3312106,0,0.94872947,19.83
956,18,8940,1277,4jb0_ENO_A_402,1,unimol,0.67626628,1.3279048,2.3510294,0,0,14.74
957,18,6742,963,3vnm_SDD_D_301,1,unimol,0.67626628,1.3040818,2.5338805,0,0,18.19
958,18,6735,962,3vnm_SDD_C_301,1,unimol,0.67626628,1.303852,2.5356886,0,0,24.08
959,18,6728,961,3vnm_SDD_B_301,1,unimol,0.67626628,1.3035566,2.5380149,0,0.89647037,23.99
960,18,6707,958,3vnj_PSJ_A_301,1,unimol,0.67626628,1.2959244,2.5986021,0,0,17.99
961,18,6721,960,3vnj_PSJ_C_301,1,unimol,0.67626628,1.2959244,2.5986021,0,0,23.83
962,18,6714,959,3vnj_PSJ_B_301,1,unimol,0.67626628,1.2954205,2.6026368,0,0,19.22
963,18,13007,1858,5lwy_OLB_A_406,1,unimol,0.67626628,1.2948996,2.606812,0,0,28.83
964,18,3802,543,2bjf_DXC_A_330,1,unimol,0.67626628,1.291415,2.6348596,0,0.98847693,20.05
965,18,17053,2436,6sjs_THH_B_901,1,unimol,0.67626628,1.2905493,2.6418591,0,0,17.29
966,18,448,64,1e8g_FCR_B_601,0,surfdock,0.6007074,1.2805416,2.1015766,0,0.99606219,2.5708759
967,18,9955,1422,4rp9_ASC_A_501,1,unimol,0.70813493,1.280186,3.3533399,0,0.93065976,21.65
968,18,6216,888,3qk1_BEN_A_1010,0,surfdock,0.55162962,1.2730971,2.1015766,0,0.99840518,2.3687816
969,18,8169,1167,4dvw_0M4_B_512,0,surfdock,0.55157028,1.2721558,2.1015766,0,0.62514079,3.747556
970,18,9940,1420,4rm3_FOA_A_1000,0,surfdock,0.551544,1.271728,2.1015766,0,0.97910876,2.3501219
971,18,9947,1421,4rm3_FOA_B_1000,0,surfdock,0.55167751,1.2710473,2.1207874,0,0.98819616,2.2897393
972,18,5117,731,2qd4_CHD_A_803,0,surfdock,0.55143692,1.2703589,2.1015766,0,0,3.5896988
973,18,8162,1166,4dvw_0M4_A_512,0,surfdock,0.5513307,1.2695032,2.1015766,0,0.74357877,3.6476084
974,18,1806,258,1mex_RAC_H_601,0,surfdock,0.55111182,1.2668505,2.1015766,0,0.95570862,4.0864098
975,18,9597,1371,4o95_245_A_602,0,surfdock,0.55098205,1.2656526,2.1015766,0,0.93665459,3.1366686
976,18,3689,527,2aiq_BEN_A_401,0,surfdock,0.55092557,1.264968,2.1015766,0,0.98927238,2.3602387
977,18,11305,1615,5ci9_549_A_402,0,surfdock,0.55067294,1.2634278,2.1015766,0,0.91531654,2.3774403
978,18,2275,325,1pt8_OXL_B_801,0,surfdock,0.5506719,1.2633422,2.1015766,0,0.99860125,2.2146645
979,18,1666,238,1lo3_AN1_Y_500,0,surfdock,0.55061666,1.2628288,2.1015766,0,0.99192112,3.6125652
980,18,3641,520,2agw_TSS_D_3001,1,unimol,0.67626628,1.2609768,2.8889318,0,0,16.65
981,18,9443,1349,4n94_2HO_A_401,0,surfdock,0.55201785,1.2604473,2.2313321,0,0.0019292408,2.3723205
982,18,9219,1317,4lvb_20N_A_601,0,surfdock,0.55156912,1.2599256,2.1929963,0,0.99175998,3.2958316
983,18,3648,521,2agw_TSS_H_2001,1,unimol,0.67626628,1.2590518,2.9055686,0,0,20.21
984,18,2352,336,1q4g_BFL_A_701,0,surfdock,0.55117703,1.258229,2.1715169,0,0.98606175,3.4801705
985,18,6804,972,3w4i_8LG_A_402,0,surfdock,0.54968411,1.2578658,2.1015766,0,0.35536132,4.2170304
986,18,2268,324,1pt8_OXL_A_802,0,surfdock,0.54784589,1.2516192,2.1015766,0,0.99584749,2.0933613
987,18,4495,642,2hjp_PPR_A_291,1,unimol,0.67626628,1.2511077,2.9749722,0,0,23.59
988,18,3094,442,1wc7_PP3_A_1214,0,surfdock,0.54565862,1.2478542,2.1015766,0,0,3.5430115
989,18,1723,246,1lzz_IHG_A_830,1,unimol,0.67626628,1.2474339,3.0074799,0,0.92919724,17.55
990,18,10466,1495,4xti_IMP_A_601,1,unimol,0.67626628,1.2466045,3.0148556,0,0,21.29
991,18,10473,1496,4xti_IMP_B_601,1,unimol,0.67626628,1.2466045,3.0148556,0,0,25.94
992,19,1058,151,1h8p_PC_A_1111,1,unimol,0.66215023,1.3632224,2.1045799,0,0.90533677,28.01
993,19,1065,152,1h8p_PC_B_1111,1,unimol,0.66215023,1.3632224,2.1045799,0,0.9354496,17.32
994,19,2976,425,1vje_MSE_A_301,1,unimol,0.66215023,1.3632224,2.1045799,0,0.96711162,18.29
995,19,2990,427,1vkf_CIT_C_502,1,unimol,0.66215023,1.3632224,2.1045799,0,0.757633,19.31
996,19,2997,428,1vkf_CIT_D_503,1,unimol,0.66215023,1.3632224,2.1045799,0,0.90373428,26.79
997,19,3186,455,1x82_PA5_A_301,1,unimol,0.66215023,1.3632224,2.1045799,0,0.95094844,15.25
998,19,12139,1734,5h5k_C5P_A_206,1,unimol,0.66215023,1.3632224,2.1045799,0,0.97518633,19.61
999,19,12146,1735,5h5k_C5P_B_203,1,unimol,0.66215023,1.3632224,2.1045799,0,0.98134925,23.72
1000,19,13672,1953,5ud0_13P_B_405,1,unimol,0.66215023,1.3632224,2.1045799,0,0.7669521,23.47
1001,19,13875,1982,5vka_AKG_A_402,1,unimol,0.66215023,1.3632224,2.1045799,0,0,16.21
1002,19,13882,1983,5vl0_BNF_A_404,1,unimol,0.66215023,1.3632224,2.1045799,0,0.98251589,21.92
1003,19,13889,1984,5vl0_BNF_D_404,1,unimol,0.66215023,1.3632224,2.1045799,0,0.98820202,25.95
1004,19,14302,2043,5y1g_AKB_A_401,1,unimol,0.66215023,1.3632224,2.1045799,0,0,15.05
1005,19,15716,2245,6jx9_CQC_A_501,1,unimol,0.66215023,1.3632224,2.1045799,0,0.971403,21.41
1006,19,15618,2231,6ijp_IMP_A_402,1,unimol,0.66215023,1.3304455,2.3408401,0,0,15.62
1007,19,9479,1354,4nf4_2JK_A_301,1,unimol,0.66215023,1.3185138,2.4308121,0,0,21.92
1008,19,14631,2090,5zi4_OAA_A_401,1,unimol,0.66215023,1.312801,2.4746778,0,0.96906793,15.75
1009,19,14638,2091,5zi4_OAA_B_401,1,unimol,0.66215023,1.3118576,2.481972,0,0.94449702,16.64
1010,19,17312,2473,6tor_PMP_B_504,1,unimol,0.66215023,1.2979468,2.5912025,0,0,27.52
1011,19,17305,2472,6tor_PMP_A_504,1,unimol,0.66215023,1.2961933,2.6051991,0,0.98341715,19.47
1012,19,6560,937,3u1t_MLI_B_350,1,unimol,0.66215023,1.2931944,2.6292555,0,0.94240646,20.24
1013,19,6553,936,3u1t_MLI_A_351,1,unimol,0.66215023,1.2919423,2.6393449,0,0.93668993,22.09
1014,19,17333,2476,6tt4_FT8_B_711,1,unimol,0.66215023,1.2886246,2.6662083,0,0.94421967,22.49
1015,19,7630,1090,4c2p_X8Z_A_709,0,surfdock,0.61875951,1.2822907,2.1045799,0,0.98923888,2.8254865
1016,19,9688,1384,4pbr_2L7_A_401,0,surfdock,0.60149805,1.2744807,2.1045799,0,0.99532386,3.7151166
1017,19,10228,1461,4uy7_HIS_B_800,1,unimol,0.66215023,1.2705723,2.815753,0,0,22.69
1018,19,10221,1460,4uy7_HIS_A_800,1,unimol,0.66215023,1.2681709,2.8360863,0,0,16.3
1019,19,3311,473,1yqc_GLV_A_1001,0,surfdock,0.6000752,1.2659842,2.1045799,0,0.78960375,2.0490209
1020,19,1610,230,1kya_XYD_B_612,0,surfdock,0.59991204,1.2652976,2.1045799,0,0.9916317,2.0882567
1021,19,8981,1283,4jwx_1N4_A_301,0,surfdock,0.59923823,1.262208,2.1045799,0,0.99003527,3.0227432
1022,19,4403,629,2gn2_C5P_A_400,0,surfdock,0.59875779,1.2608348,2.1045799,0,0,3.1093533
1023,19,12369,1767,5i8z_JA1_A_302,0,surfdock,0.60027876,1.2596031,2.1586864,0,0.98746334,3.8467733
1024,19,13531,1933,5thu_GGG_B_405,0,surfdock,0.60022269,1.2564575,2.1801298,0,0,2.5972632
1025,19,7896,1128,4cpp_ADM_A_422,0,surfdock,0.59554036,1.2536256,2.1045799,0,0.99500518,2.4479121
1026,19,13265,1895,5o4j_PJL_A_304,0,surfdock,0.59545844,1.2535398,2.1045799,0,0.24224215,2.8153998
1027,19,2919,417,1uux_PPI_A_1165,0,surfdock,0.59507381,1.2530248,2.1045799,0,0.99515914,1.9075096
1028,19,252,36,1ck6_SHA_A_900,0,surfdock,0.634324,1.2519069,2.3479106,0,0.98848707,2.3814523
1029,19,6223,889,3qss_MTG_A_405,0,surfdock,0.60001664,1.2517253,2.2106938,0,0.81927462,2.2464463
1030,19,2912,416,1uqx_MMA_A_1116,0,surfdock,0.59426182,1.2515658,2.1045799,0,0.90406872,2.4706624
1031,19,17438,2491,6uzr_QM1_B_301,1,unimol,0.66215023,1.2499617,2.9937797,0,0.98665208,21.53
1032,19,1414,202,1jw0_GUA_B_999,0,surfdock,0.59060394,1.2495919,2.1045799,0,0,2.5519531
1033,19,6230,890,3qss_MTG_B_405,0,surfdock,0.59943845,1.2487545,2.2106938,0,0,2.3504004
1034,19,11572,1653,5e4r_40E_A_504,1,unimol,0.66215023,1.2457563,3.0311034,0,0.94907426,25.37
1035,19,1393,199,1jla_TNK_A_999,0,surfdock,0.58936894,1.2425544,2.1045799,0,0.9910065,4.5223507
1036,19,7329,1047,4adl_LMR_D_1468,0,surfdock,0.58936894,1.2425544,2.1045799,0,0,2.5132483
1037,19,7336,1048,4adm_SRT_C_1466,0,surfdock,0.58936894,1.2425544,2.1045799,0,0,2.726333
1038,19,12867,1838,5kjw_53C_A_800,1,unimol,0.66215023,1.2410196,3.07356,0,0.98725683,20.24
1039,19,12874,1839,5kjw_53C_B_800,1,unimol,0.66215023,1.2396535,3.0858886,0,0.99665836,18.33
1040,19,12097,1728,5gwt_SIN_B_302,1,unimol,0.66215023,1.2380804,3.1001308,0,0.21047902,20.46
1041,19,12104,1729,5gwt_SIN_C_301,1,unimol,0.66215023,1.2380804,3.1001308,0,0.22806921,27.04
1042,20,7721,1103,4cjv_IV2_B_1215,0,surfdock,0.67022042,1.4403709,2.1033611,0,0.9945621,2.492782
1043,20,1184,169,1iri_E4P_C_603,1,unimol,0.66306933,1.3644056,2.1033611,0,0.96082443,25.41
1044,20,1191,170,1iri_E4P_D_604,1,unimol,0.66306933,1.3644056,2.1033611,0,0.97216147,28.89
1045,20,8380,1197,4fh7_TBP_A_202,1,unimol,0.66306933,1.3644056,2.1033611,0,0.020652629,14.67
1046,20,10480,1497,4xv4_25T_A_302,1,unimol,0.66306933,1.3644056,2.1033611,0,0.99723952,11.68
1047,20,10487,1498,4xv4_25T_A_303,1,unimol,0.66306933,1.3644056,2.1033611,0,0.99754875,23.1
1048,20,12412,1773,5iav_MLI_A_302,1,unimol,0.66306933,1.3644056,2.1033611,0,0.64405971,20.28
1049,20,12419,1774,5iav_MLI_B_302,1,unimol,0.66306933,1.3644056,2.1033611,0,0.62897078,20.35
1050,20,13847,1978,5v7y_AKG_B_302,1,unimol,0.66306933,1.3644056,2.1033611,0,0.89361154,20.14
1051,20,15093,2156,6f3s_PLP_A_901,1,unimol,0.66306933,1.3341301,2.3198991,0,0.95540007,20.74
1052,20,16654,2379,6qa7_PLP_A_902,1,unimol,0.66306933,1.3274299,2.3696337,0,0.95106431,20.89
1053,20,8513,1216,4h0x_LAR_B_403,1,unimol,0.66139102,1.2866006,2.1099329,0,0.98401795,22.49
1054,20,6615,945,3v1s_0LH_B_401,0,surfdock,0.61710073,1.283792,2.1033611,0,0.99373495,2.6767541
1055,20,15778,2254,6jzh_ZMA_A_2002,0,surfdock,0.61669606,1.2812957,2.1033611,0,0.94377523,3.9031446
1056,20,11319,1617,5clo_NS8_M_101,0,surfdock,0.61610458,1.2774221,2.1033611,0,0,4.9052157
1057,20,13125,1875,5mzp_CFF_A_2401,0,surfdock,0.61599098,1.2765613,2.1033611,0,0.045077042,2.7470474
1058,20,6160,880,3kt7_AKG_A_702,0,surfdock,0.61582225,1.2749258,2.1033611,0,0,2.6802666
1059,20,3465,495,1zgj_P1S_A_0,0,surfdock,0.61576873,1.2747536,2.1033611,0,0,3.3084767
1060,20,2177,311,1pbd_PAB_A_396,0,surfdock,0.61561881,1.2742371,2.1033611,0,0.99647336,2.5861419
1061,20,1176,168,1iri_E4P_A_601,0,surfdock,0.61483493,1.2704496,2.1033611,0,0.99636509,4.7028776
1062,20,9583,1369,4o7g_ASC_B_303,0,surfdock,0.61465352,1.2699332,2.1033611,0,0.98358203,2.5026878
1063,20,2975,425,1vje_MSE_A_301,0,surfdock,0.613285,1.2651988,2.1033611,0,0.98028098,2.7929635
1064,20,14749,2107,6a6s_FSA_A_502,0,surfdock,0.61323328,1.2650266,2.1033611,0,0,3.2258419
1065,20,4025,575,2dm5_ODI_A_312,0,surfdock,0.61274971,1.2642519,2.1033611,0,0,2.9760139
1066,20,12831,1833,5kcp_PFB_A_378,0,surfdock,0.61240073,1.2628746,2.1033611,0,0,2.664243
1067,20,11025,1575,5afy_WCE_H_1248,0,surfdock,0.61649727,1.2597705,2.2556164,0,0.99677034,2.5709864
1068,20,1491,213,1kar_HSM_B_503,0,surfdock,0.61379659,1.2590885,2.1597774,0,0.0036272461,2.2950561
1069,20,17332,2476,6tt4_FT8_B_711,0,surfdock,0.61023931,1.2577099,2.1033611,0,0.43769216,3.9702784
1070,21,4522,646,2i1v_F6P_B_720,0,surfdock,0.6691764,1.4400221,2.1126447,0,0,3.1286495
1071,21,9619,1374,4ovl_1TD_B_308,1,unimol,0.66543136,1.3039505,2.5591207,0,0.95866923,15.77
1072,21,7707,1101,4cju_JNS_B_1214,0,surfdock,0.6052685,1.2737828,2.1126447,0,0,3.3328344
1073,21,16052,2293,6mry_FLC_C_102,1,unimol,0.66543136,1.2733974,2.8054664,0,0.76214548,18.56
1074,21,16940,2420,6rum_TOP_A_301,0,surfdock,0.60414992,1.2704201,2.1126447,0,0.99616858,3.8720112
1075,21,1407,201,1jtk_THU_B_1138,0,surfdock,0.60253911,1.2650742,2.1126447,0,0.98802818,3.0898941
1076,21,12278,1754,5hss_650_C_401,0,surfdock,0.60253742,1.264988,2.1126447,0,0.99721166,2.8167592
1077,21,1400,200,1jtk_THU_A_138,0,surfdock,0.6016603,1.263436,2.1126447,0,0,3.2125064
1078,21,13139,1877,5n5k_HAE_A_306,0,surfdock,0.60347295,1.2613566,2.1591372,0,0.26727682,2.0405031
1079,21,7728,1104,4cjw_CBJ_A_1215,0,surfdock,0.60061766,1.2602457,2.1126447,0,0.975414,3.6972605
1080,21,12271,1753,5hss_650_B_402,0,surfdock,0.60037909,1.2597283,2.1126447,0,0.99662284,2.8775997
1081,21,3374,482,1z8p_DEB_A_420,0,surfdock,0.58999932,1.2463205,2.1126447,0,0,4.235781
1082,21,14301,2043,5y1g_AKB_A_401,0,surfdock,0.58999932,1.2463205,2.1126447,0,0.9331461,2.481586
1083,21,6195,885,3qhd_795_A_167,0,surfdock,0.58999722,1.2394658,2.1126447,0,0.82748813,2.5951686
1084,21,17340,2477,6u30_PQM_A_501,1,unimol,0.66543136,1.2380966,3.1110728,0,0.96138617,14.66
1085,21,17759,2537,7cwd_GAL_A_902,0,surfdock,0.57275723,1.2348959,2.1126447,0,0.92003339,2.509627
1086,21,13622,1946,5u5x_TP5_A_302,0,surfdock,0.60619323,1.2331214,2.4725482,0,0.99792246,2.3799534
1087,21,13391,1913,5r9o_54F_A_401,0,surfdock,0.6055996,1.2248149,2.5127263,0,0.99296671,2.8990852
1088,21,8155,1165,4du7_DP6_B_401,0,surfdock,0.60546368,1.21503,2.5880611,0,0.98082006,3.4735105
1089,21,11368,1624,5d9w_ASC_A_301,0,surfdock,0.58999932,1.2135203,2.3695197,0,0.19998192,3.9290551
1090,21,17661,2523,6zac_QDE_A_4000,0,surfdock,0.60060976,1.2093549,2.5139771,0,0,4.1168236
1091,21,10535,1505,4ynu_LGC_A_602,0,surfdock,0.58999932,1.2073793,2.4197214,0,0,2.5284983
1092,21,1821,260,1mmx_FUC_A_348,1,unimol,0.66543136,1.1920873,3.5474789,0,0.95600972,18.56
1093,21,8058,1151,4dch_GLC_A_501,1,unimol,0.66543136,1.1910351,3.5580111,0,0.98351441,19.51
1094,21,7687,1098,4cjs_L0Y_A_1217,1,unimol,0.66543136,1.1860756,3.6080048,0,0.98316231,19.26
1095,21,7694,1099,4cjs_L0Y_B_1217,1,unimol,0.66543136,1.1860756,3.6080048,0,0.96678194,23.5
1096,21,17717,2531,7bp1_CAQ_C_401,0,surfdock,0.60697927,1.1825171,2.9506121,0,0.99441545,2.3096333
1097,21,1835,262,1mmy_G6D_B_348,1,unimol,0.66543136,1.1824178,3.6452553,0,0,21.2
1098,21,16597,2371,6ps7_ZMA_A_1201,0,surfdock,0.60260562,1.1822661,2.7905173,0,0,3.7921448
1099,21,1828,261,1mmy_G6D_A_348,1,unimol,0.66543136,1.1805767,3.6641259,0,0,20.08
1100,21,16850,2407,6rbo_JXQ_A_302,1,unimol,0.66543136,1.1793494,3.6767526,0,0.94318625,26.96
1101,21,1975,282,1ns4_BGC_A_1400,1,unimol,0.66543136,1.1772265,3.6986778,0,0,19.58
1102,21,7715,1102,4cjv_IV2_A_1212,1,unimol,0.66543136,1.1742942,3.7291455,0,0.99705003,18.04
1103,21,1982,283,1ns4_BGC_B_2400,1,unimol,0.66543136,1.1732314,3.7402415,0,0.77234344,21.85
1104,21,10052,1436,4u7g_K17_A_303,0,surfdock,0.66823763,1.1682534,4.4876571,0,0,2.5175371
1105,21,9590,1370,4o7g_ASC_B_304,0,surfdock,0.58999932,1.1666873,2.7707138,0,0.12732296,2.6571622
1106,21,1989,284,1nsm_GAL_A_1400,1,unimol,0.66543136,1.1663887,3.8123646,0,0,22.94
1107,21,504,72,1fds_EST_A_350,0,surfdock,0.58503716,1.1655587,2.7062221,0,0.99721255,3.3758382
1108,21,1996,285,1nsm_GLA_B_2400,1,unimol,0.66543136,1.1647936,3.8293467,0,0.93132093,19.19
1109,21,9962,1423,4rql_SNE_A_505,1,unimol,0.66543136,1.1624849,3.8540447,0,0.89078395,27.53
1110,21,9969,1424,4rql_SNE_B_502,1,unimol,0.66543136,1.1624849,3.8540447,0,0,26.61
1111,21,4914,702,2oci_TYC_A_401,0,surfdock,0.58844389,1.1619601,2.7444177,0,0.99565989,2.8094256
1112,21,10542,1506,4ynu_LGC_A_603,0,surfdock,0.6254761,1.1617931,3.1621726,0,0.003144213,2.1836065
1113,21,8673,1239,4i0b_CMP_A_301,0,surfdock,0.62096489,1.1607933,3.1688349,0,0.53440727,3.9218496
1114,21,9576,1368,4o7g_ASC_A_303,0,surfdock,0.58999932,1.1604133,2.8278403,0,0.10506859,2.5716507
1115,21,1820,260,1mmx_FUC_A_348,0,surfdock,0.56409823,1.156303,2.1126447,0,0.12276465,2.4095924
1116,21,1827,261,1mmy_G6D_A_348,0,surfdock,0.56409823,1.156303,2.1126447,0,0.060535724,2.3685495
1117,21,1834,262,1mmy_G6D_B_348,0,surfdock,0.56409823,1.156303,2.1126447,0,0,2.3112388
1118,21,1974,282,1ns4_BGC_A_1400,0,surfdock,0.56409823,1.156303,2.1126447,0,0.071644719,2.5279651
1119,21,1981,283,1ns4_BGC_B_2400,0,surfdock,0.56409823,1.156303,2.1126447,0,0,2.6040604
1120,22,10137,1448,4ug6_H4B_A_902,1,unimol,0.6721386,1.3871915,2.4953609,0,0.98518447,22.81
1121,22,9297,1328,4mgj_CPZ_A_502,1,unimol,0.66534043,1.3489097,2.2497087,0,0.98116181,19.88
1122,22,7596,1085,4bvh_OCZ_A_1393,1,unimol,0.66534043,1.3391022,2.3197222,0,0,24.03
1123,22,7603,1086,4bvh_OCZ_C_1394,1,unimol,0.66534043,1.3391022,2.3197222,0,0,19.19
1124,22,9423,1346,4n4j_HG1_A_605,1,unimol,0.66534043,1.3294497,2.3899977,0,0.94848261,20.71
1125,22,5076,725,2qb4_DSM_A_802,1,unimol,0.66534043,1.3214011,2.4496632,0,0.97583341,18.78
1126,22,16633,2376,6q4r_MLT_A_1041,1,unimol,0.66534043,1.2962303,2.6427953,0,0,21.35
1127,22,2381,340,1qmh_CIT_B_401,1,unimol,0.85251466,1.2786505,3.3792024,0,0.89325502,22.09
1128,22,3809,544,2bk3_FOF_A_1503,1,unimol,0.66534043,1.2774325,2.7938435,0,0.9905141,27.89
1129,22,3816,545,2bk3_FOF_B_1498,1,unimol,0.66534043,1.2774325,2.7938435,0,0.98677395,24.21
1130,22,5013,716,2ptm_CMP_A_401,1,unimol,0.66534043,1.27224,2.8366477,0,0,19.96
1131,22,14848,2121,6b9p_D0J_A_1001,1,unimol,0.66534043,1.2637662,2.9075408,0,0.20965552,37.57
1132,22,13594,1942,5tzr_MLI_A_2403,0,surfdock,0.59776119,1.2601312,2.131036,0,0.97586197,2.1853968
1133,22,5614,802,2wj4_HQD_B_1278,0,surfdock,0.59209905,1.2569314,2.131036,0,0,2.1524075
1134,22,3857,551,2bx7_34D_B_1313,0,surfdock,0.58384051,1.2551153,2.131036,0,0.98041028,2.6511915
1135,22,1337,191,1j54_TMP_A_2000,0,surfdock,0.58268478,1.2481967,2.131036,0,0.98734221,3.4149292
1136,22,3087,441,1w62_PYC_A_700,0,surfdock,0.58268478,1.2481967,2.131036,0,0,2.2743319
1137,22,5706,815,2xhk_AKG_A_519,1,unimol,0.66534043,1.2428168,3.0885441,0,0.85769051,17.79
1138,22,5713,816,2xhk_AKG_B_519,1,unimol,0.66534043,1.2414127,3.1009774,0,0,18.01
1139,22,13853,1979,5ve5_GSH_B_402,0,surfdock,0.55448259,1.2364351,2.131036,0,0,2.487357
1140,22,3619,517,2a5t_GLY_A_1001,0,surfdock,0.58268478,1.2249564,2.3092847,0,0,2.2861217
1141,22,12173,1739,5h8q_GLY_B_301,0,surfdock,0.58268478,1.2243376,2.3141568,0,0,2.152815
1142,22,17655,2522,6ypv_AKG_A_302,1,unimol,0.66534043,1.2195219,3.299968,0,0.95992978,25.72
1143,22,4368,624,2g21_L1B_B_985,0,surfdock,0.54476169,1.2164115,2.2744875,0,0.98792541,4.3942794
1144,22,17795,2542,8icd_ICT_A_418,1,unimol,0.66534043,1.19692,3.5161035,0,0.93969954,14.26
1145,22,11796,1685,5faj_DCS_B_401,1,unimol,0.66534043,1.1929661,3.5550897,0,0.9597297,26.47
1146,22,11803,1686,5faj_DCS_C_401,1,unimol,0.66534043,1.1917381,3.5672705,0,0.94729317,24.61
1147,22,11789,1684,5faj_DCS_A_401,1,unimol,0.66534043,1.1880561,3.6040096,0,0.94322705,27.11
1148,22,9450,1350,4n9v_AZA_A_401,0,surfdock,0.6071639,1.1871539,2.8254564,0,0.017437472,2.16655
1149,22,5615,802,2wj4_HQD_B_1278,1,unimol,0.74153318,1.1832103,4.332973,0,0.9934234,17.98
1150,22,6048,864,2zka_AZA_A_302,0,surfdock,0.60639767,1.1798465,2.872026,0,0.1524748,2.1536613
1151,22,13385,1912,5r28_RDJ_A_401,1,unimol,0.66534043,1.1774723,3.7114043,0,0.97562402,18.73
1152,22,7910,1130,4cw2_XDS_A_1303,0,surfdock,0.58268478,1.1761362,2.715209,0,0,2.6790148
1153,22,9457,1351,4n9v_AZA_A_402,0,surfdock,0.54786375,1.1757495,2.6172352,0,0,1.9147094
1154,22,12496,1785,5in3_G1P_A_416,1,unimol,0.66534043,1.1751636,3.7351923,0,0.98369825,19.81
1155,22,12503,1786,5in3_G1P_B_418,1,unimol,0.66534043,1.1751636,3.7351923,0,0.98134431,23.55
1156,22,98,14,1anc_BEN_A_290,0,surfdock,0.54428159,1.1588607,2.131036,0,0,2.4341044
1157,22,3808,544,2bk3_FOF_A_1503,0,surfdock,0.54428159,1.1588607,2.131036,0,0.91868267,3.5393407
1158,22,3815,545,2bk3_FOF_B_1498,0,surfdock,0.54428159,1.1588607,2.131036,0,0,3.6093233
1159,22,5012,716,2ptm_CMP_A_401,0,surfdock,0.54428159,1.1588607,2.131036,0,0,3.4552826
1160,22,5075,725,2qb4_DSM_A_802,0,surfdock,0.54428159,1.1588607,2.131036,0,0.97363166,3.1255423
1161,22,5607,801,2wj4_HQD_A_1281,0,surfdock,0.54428159,1.1588607,2.131036,0,0,2.157455
1162,22,5621,803,2wj4_HQD_D_1278,0,surfdock,0.54428159,1.1588607,2.131036,0,0.0048803844,2.1757588
1163,22,5705,815,2xhk_AKG_A_519,0,surfdock,0.54428159,1.1588607,2.131036,0,0.92365457,2.4277778
1164,22,5712,816,2xhk_AKG_B_519,0,surfdock,0.54428159,1.1588607,2.131036,0,0.95040386,2.6028196
1165,22,7595,1085,4bvh_OCZ_A_1393,0,surfdock,0.54428159,1.1588607,2.131036,0,2.4791712e-05,2.8906889
1166,22,7602,1086,4bvh_OCZ_C_1394,0,surfdock,0.54428159,1.1588607,2.131036,0,0.98447356,3.214962
1167,22,9296,1328,4mgj_CPZ_A_502,0,surfdock,0.54428159,1.1588607,2.131036,0,8.6485453e-05,2.7426395
1168,22,9422,1346,4n4j_HG1_A_605,0,surfdock,0.54428159,1.1588607,2.131036,0,0.96596352,2.5352834
1169,22,9429,1347,4n4j_HG1_A_606,0,surfdock,0.54428159,1.1588607,2.131036,0,0.5819457,3.3646501
1170,23,5468,781,2vkg_CF4_A_1064,1,unimol,0.6669095,1.3666222,2.1429398,0,0,24.17
1171,23,7218,1031,3zyx_MBT_A_601,1,unimol,0.6669095,1.3666222,2.1429398,0,0,19.41
1172,23,7225,1032,3zyx_MBT_B_601,1,unimol,0.6669095,1.3666222,2.1429398,0,0,19.29
1173,23,8849,1264,4ioq_BAQ_A_201,1,unimol,0.6669095,1.3666222,2.1429398,0,0.98961076,14.19
1174,23,14001,2000,5w3k_9TY_A_401,1,unimol,0.6669095,1.3666222,2.1429398,0,0.9492589,20.15
1175,23,15100,2157,6f48_XQB_A_302,1,unimol,0.6669095,1.3666222,2.1429398,0,0,14.35
1176,23,16304,2329,6nsu_DYA_A_402,1,unimol,0.6669095,1.3666222,2.1429398,0,0.90184971,20
1177,23,16710,2387,6qli_4LR_A_301,1,unimol,0.6669095,1.3666222,2.1429398,0,0.8430435,25.74
1178,23,12972,1853,5lqs_NTM_A_302,1,unimol,0.6669095,1.3640848,2.1602812,0,0.94638099,17.99
1179,23,12895,1842,5kts_CIZ_A_402,1,unimol,0.6669095,1.3264971,2.427722,0,0.023160639,19.56
1180,23,13056,1865,5m62_BGC_A_409,1,unimol,0.6669095,1.3102386,2.5498857,0,0,15.22
1181,23,11019,1574,5af9_SJR_H_1250,1,unimol,0.6669095,1.2946635,2.6708505,0,5.5768495e-07,21.26
1182,23,10122,1446,4ud9_FQI_H_1257,0,surfdock,0.6043957,1.2892482,2.1429398,0,0.99553818,2.5610052
1183,23,14175,2025,5xdt_MB3_A_404,0,surfdock,0.60375755,1.2882941,2.1429398,0,0.38395684,2.1826779
1184,23,4725,675,2jig_PD2_A_1254,0,surfdock,0.60364026,1.2878603,2.1429398,0,0,2.7679589
1185,23,1379,197,1jhv_PCR_A_990,0,surfdock,0.60359069,1.2875134,2.1429398,0,0.99831,1.9348193
1186,23,1631,233,1l5o_2MP_A_990,0,surfdock,0.60326149,1.2869062,2.1429398,0,0.99710042,2.0019325
1187,23,1520,217,1kdo_C_A_5407,1,unimol,0.6669095,1.286462,2.7361605,0,0.97707829,18.57
1188,23,17746,2535,7c7g_FJR_A_402,1,unimol,0.6669095,1.285885,2.740798,0,0,16.53
1189,23,1527,218,1kdo_C_B_6407,1,unimol,0.6669095,1.2844004,2.7527564,0,0.96558044,18.16
1190,23,13888,1984,5vl0_BNF_D_404,0,surfdock,0.60189553,1.2823088,2.1429398,0,0,2.7367667
1191,23,13881,1983,5vl0_BNF_A_404,0,surfdock,0.60048001,1.2772778,2.1429398,0,0,2.5549648
1192,23,6041,863,2zi2_24U_H_801,0,surfdock,0.59993954,1.2761502,2.1429398,0,0.94760229,3.8489437
1193,23,13203,1886,5nov_93B_A_201,1,unimol,0.6669095,1.2726682,2.848609,0,0.99266668,12.69
1194,23,3123,446,1wq4_TYR_A_501,1,unimol,0.6669095,1.2726452,2.8487995,0,0,14.01
1195,23,1106,158,1hot_16G_B_271,0,surfdock,0.59697666,1.2713793,2.1429398,0,0.27312227,2.4670409
1196,23,11775,1682,5f35_FLC_A_302,1,unimol,0.6669095,1.2680331,2.8871496,0,0.89337888,15.93
1197,23,11844,1692,5fes_9SE_A_409,0,surfdock,0.59242738,1.2655676,2.1429398,0,0.00058938415,2.6339988
1198,23,16849,2407,6rbo_JXQ_A_302,0,surfdock,0.59068917,1.2635725,2.1429398,0,0.77378289,2.9805958
1199,23,10060,1437,4u7g_K17_B_303,1,unimol,0.6669095,1.2613423,2.9434698,0,0.96404198,15.06
1200,23,13363,1909,5ooa_URI_A_201,0,surfdock,0.58654145,1.2605799,2.1429398,0,0.98805986,3.1419623
1201,23,12432,1776,5icf_SAU_A_402,0,surfdock,0.58239841,1.2588885,2.1429398,0,0,3.7455659
1202,23,3045,435,1w1a_NDG_2_1261,0,surfdock,0.58205652,1.2588017,2.1429398,0,0.89520071,2.9342111
1203,23,9093,1299,4kwl_3SS_A_302,0,surfdock,0.60268189,1.2565936,2.3538785,0,0.98946674,2.3327833
1204,23,8394,1199,4fxr_BMP_A_301,1,unimol,0.6669095,1.2560396,2.988694,0,0.9526753,18.12
1205,23,4536,648,2i6p_4NP_A_401,0,surfdock,0.57997946,1.2536278,2.1795051,0,0.96173383,2.6319467
1206,23,175,25,1bo8_U_A_318,0,surfdock,0.56836255,1.249477,2.1429398,0,0.95434796,3.4683795
1207,23,1169,167,1iki_DAL_A_500,0,surfdock,0.56836255,1.249477,2.1429398,0,0.63914911,2.163937
1208,23,1799,257,1m9j_CLW_B_907,0,surfdock,0.56836255,1.249477,2.1429398,0,0.54462011,2.3748651
1209,23,2359,337,1q6r_LX1_A_7301,0,surfdock,0.56836255,1.249477,2.1429398,0,0.99215021,3.063702
1210,23,6958,994,3wk1_O7E_A_301,0,surfdock,0.56836255,1.249477,2.1429398,0,0.98620248,3.5634024
1211,23,9478,1354,4nf4_2JK_A_301,0,surfdock,0.56836255,1.249477,2.1429398,0,0,3.0677445
1212,23,11816,1688,5fal_SKT_A_502,0,surfdock,0.56836255,1.249477,2.1429398,0,0,6.9604075
1213,23,14035,2005,5wct_GY4_A_303,0,surfdock,0.56836255,1.249477,2.1429398,0,0,7.0097659
1214,23,14119,2017,5x2m_GLN_A_951,0,surfdock,0.56836255,1.249477,2.1429398,0,0.93053849,2.7294114
1215,23,14133,2019,5x2m_GLN_D_951,0,surfdock,0.56836255,1.249477,2.1429398,0,0,2.4284769
1216,23,1705,243,1lro_PEP_B_2268,4,gnina,0.64740371,1.2448929,2.4843328,0,0.22775219,1.8763821
1217,23,12425,1775,5ice_2H4_A_402,0,surfdock,0.59973707,1.2447726,2.3772001,0,0,3.7571836
1218,23,8401,1200,4fxr_BMP_B_301,1,unimol,0.6669095,1.2434448,3.0982444,0,0.96170767,20.69
1219,23,966,138,1h5r_THM_A_1293,0,surfdock,0.56830529,1.2427544,2.1429398,0,0.98071657,3.039413
1220,24,3501,500,1zk0_SS2_A_1260,1,unimol,0.66350662,1.3673063,2.1383815,0,0.96934391,13.76
1221,24,9983,1426,4s38_CDI_A_900,1,unimol,0.66350662,1.3673063,2.1383815,0,0,24.61
1222,24,10984,1569,5ack_SVQ_A_600,1,unimol,0.66350662,1.3673063,2.1383815,0,0.78258648,19.68
1223,24,12979,1854,5lu8_5KN_A_306,1,unimol,0.66350662,1.3673063,2.1383815,0,1.5998133e-06,19.75
1224,24,15436,2205,6hl7_CP_A_401,1,unimol,0.66350662,1.3673063,2.1383815,0,0.9671758,25.13
1225,24,15443,2206,6hl7_CP_C_401,1,unimol,0.66350662,1.3673063,2.1383815,0,0.90433662,16.76
1226,24,15604,2229,6i6r_H62_A_704,1,unimol,0.66350662,1.3673063,2.1383815,0,0.60889849,19.27
1227,24,16045,2292,6mry_FLC_B_101,1,unimol,0.66350662,1.3673063,2.1383815,0,0.76706195,25.28
1228,24,16059,2294,6mry_FLC_I_102,1,unimol,0.66350662,1.3673063,2.1383815,0,0.29354884,29.89
1229,24,16066,2295,6mry_FLC_K_101,1,unimol,0.66350662,1.3673063,2.1383815,0,0.32610286,23.05
1230,24,16479,2354,6oph_6QB_A_401,1,unimol,0.66350662,1.3673063,2.1383815,0,0,21.8
1231,24,16640,2377,6q4y_MAN_A_402,1,unimol,0.66350662,1.3673063,2.1383815,0,0,22.03
1232,24,16647,2378,6q4y_MAN_B_402,1,unimol,0.66350662,1.3673063,2.1383815,0,0,23.44
1233,24,15268,2181,6flu_DTK_A_406,1,unimol,0.66350662,1.3402835,2.3262444,0,0.99025352,18.31
1234,24,12251,1750,5hss_64Z_A_402,1,unimol,0.66350662,1.3335913,2.3743637,0,0.98992821,22.7
1235,24,12258,1751,5hss_64Z_D_403,1,unimol,0.66350662,1.3335913,2.3743637,0,0.97149108,27.13
1236,24,12265,1752,5hss_64Z_E_402,1,unimol,0.66350662,1.3335913,2.3743637,0,0.86807189,25.11
1237,24,15289,2184,6flu_DTK_B_403,1,unimol,0.66350662,1.3238195,2.4458146,0,0.97592084,19.98
1238,24,15261,2180,6flu_DTK_A_405,1,unimol,0.66350662,1.3183255,2.4866195,0,0.97813573,16.18
1239,24,15296,2185,6flu_DTK_B_404,1,unimol,0.66350662,1.3183255,2.4866195,0,0.97802153,23.57
1240,24,17094,2442,6syz_M1E_A_601,0,surfdock,0.60250711,1.2884375,2.1383815,0,0.99781947,2.6155291
1241,24,9800,1400,4q40_VAL_D_403,0,surfdock,0.6020092,1.2864364,2.1383815,0,0.99675676,2.3675743
1242,24,17101,2443,6syz_M1E_B_601,0,surfdock,0.60175229,1.2855664,2.1383815,0,0,2.5529194
1243,24,5565,795,2wdq_CBE_K_1130,0,surfdock,0.60171319,1.2853924,2.1383815,0,0.991867,3.0709437
1244,24,3801,543,2bjf_DXC_A_330,0,surfdock,0.60137892,1.2843483,2.1383815,0,0,4.2791142
1245,24,16968,2424,6s37_SAL_A_601,0,surfdock,0.60133995,1.2841743,2.1383815,0,0.99590925,2.5703762
1246,24,456,65,1ei6_PPF_A_410,1,unimol,0.66350662,1.2823573,2.7656105,0,0.83340009,24.62
1247,24,8512,1216,4h0x_LAR_B_403,0,surfdock,0.60053667,1.2814772,2.1383815,0,0,4.0764693
1248,25,9171,1310,4lcq_URQ_A_603,1,unimol,0.66270889,1.3680939,2.1498146,0,0.92246362,20.89
1249,25,14190,2027,5xh2_NPO_A_305,1,unimol,0.66270889,1.3680939,2.1498146,0,0.96943591,16.24
1250,25,14834,2119,6b5k_TYD_B_304,1,unimol,0.66270889,1.3376956,2.3615546,0,0,22.49
1251,25,14827,2118,6b5k_TYD_A_304,1,unimol,0.66270889,1.3276949,2.4340954,0,0,25.96
1252,25,5258,751,2r4j_13P_A_1968,1,unimol,0.66270889,1.3232952,2.4664803,0,0.95327715,24.13
1253,25,5265,752,2r4j_13P_B_816,1,unimol,0.66270889,1.3232952,2.4664803,0,0,21.47
1254,25,12090,1727,5gto_MYR_A_502,1,unimol,0.66270889,1.3151513,2.5272033,0,0.91446168,24.16
1255,25,8436,1205,4gcq_0JM_B_401,1,unimol,0.66270889,1.3113087,2.5562119,0,0.97055429,21.85
1256,25,4985,712,2pnz_UDP_A_250,1,unimol,0.66270889,1.3093412,2.5711553,0,0.86432154,29.69
1257,25,17451,2493,6v8n_QS1_A_1704,0,surfdock,0.61702505,1.2928827,2.1498146,0,0,4.8363203
1258,25,17283,2469,6tof_NQE_A_201,0,surfdock,0.60478522,1.2919241,2.1498146,0,0.99410309,3.0767051
1259,25,7322,1046,4a9j_TYL_C_1184,0,surfdock,0.60456527,1.2915755,2.1498146,0,0.99701044,2.6364611
1260,25,2184,312,1pi3_TZD_A_530,0,surfdock,0.60445844,1.291314,2.1498146,0,0.88033853,4.1706101
1261,25,7315,1045,4a9j_TYL_B_1187,0,surfdock,0.60409757,1.2903554,2.1498146,0,0.99918209,2.3689557
1262,25,7112,1016,3wxo_NIZ_A_803,0,surfdock,0.60379445,1.2893096,2.1498146,0,0.0014440756,2.3828514
1263,25,7308,1044,4a9j_TYL_A_1188,0,surfdock,0.60348904,1.2882637,2.1498146,0,0.99415303,2.5292931
1264,25,17304,2472,6tor_PMP_A_504,0,surfdock,0.60162755,1.2819017,2.1498146,0,0.98598829,3.3116397
1265,25,16975,2425,6s39_K5Z_A_301,0,surfdock,0.59935318,1.2772827,2.1498146,0,1.0010585e-05,2.9312891
1266,25,14967,2138,6cwr_6LA_A_201,1,unimol,0.66270889,1.2770278,2.8256183,0,0,17.67
1267,25,15715,2245,6jx9_CQC_A_501,0,surfdock,0.59878649,1.2758883,2.1498146,0,0,4.0933421
1268,25,652,93,1g79_PLP_A_270,1,unimol,0.73373187,1.2758331,3.4057024,0,0.002583767,17.38
1269,25,645,92,1g79_PLP_A_260,1,unimol,0.66934954,1.2757947,3.3977568,0,0.90095242,26.15
1270,25,8400,1200,4fxr_BMP_B_301,0,surfdock,0.59649378,1.2725766,2.1498146,0,0.99338946,3.873482
1271,25,17339,2477,6u30_PQM_A_501,0,surfdock,0.59641776,1.2724894,2.1498146,0,0.88886852,2.8841587
1272,25,8393,1199,4fxr_BMP_A_301,0,surfdock,0.59435785,1.2694392,2.1498146,0,0.9869602,3.9055576
1273,25,7105,1015,3wxo_NIZ_A_802,0,surfdock,0.59332189,1.2679576,2.1498146,0,0,2.4534414
1274,25,10080,1440,4u8y_MIY_B_1102,0,surfdock,0.59198323,1.2666503,2.1498146,0,0,4.4687855
1275,25,728,104,1gkc_NFH_B_1449,0,surfdock,0.59100504,1.2659531,2.1498146,0,0.96347199,2.6122122
1276,25,8428,1204,4gcq_0JM_A_401,0,surfdock,0.58743706,1.2630772,2.1498146,0,0,5.0412717
1277,25,15029,2147,6e40_BBJ_B_502,0,surfdock,0.58578676,1.2625542,2.1498146,0,0,3.8960328
1278,25,15022,2146,6e40_BBJ_A_502,0,surfdock,0.57461233,1.2597654,2.1498146,0,0.96757395,4.0744624
1279,25,12517,1788,5ioq_DUR_C_302,1,unimol,0.66270889,1.2593655,2.9723177,0,0,22.21
1280,25,10494,1499,4xz9_G3P_B_302,1,unimol,0.66270889,1.2572235,2.9904947,0,0.94481558,20.26
1281,25,3486,498,1zha_R5P_A_1269,0,surfdock,0.5701551,1.2524012,2.1498146,0,0.51672359,6.5832868
1282,25,15617,2231,6ijp_IMP_A_402,0,surfdock,0.5701551,1.2524012,2.1498146,0,0,3.9231299
1283,25,17311,2473,6tor_PMP_B_504,0,surfdock,0.5701551,1.2524012,2.1498146,0,0,3.1503947
1284,25,12510,1787,5ioq_DUR_B_302,1,unimol,0.66270889,1.2508467,3.0451171,0,0,21.2
1285,25,11298,1614,5ci9_549_A_401,0,surfdock,0.57012412,1.2454727,2.1498146,0,0,2.5298094
1286,25,7119,1017,3wxo_NIZ_A_804,0,surfdock,0.57003513,1.2453855,2.1498146,0,0.0010568972,2.3119009
1287,25,5537,791,2w5t_GP9_A_1644,0,surfdock,0.5557376,1.2435554,2.1498146,0,0,2.6654587
1288,25,12524,1789,5ioq_DUR_D_302,1,unimol,0.66270889,1.2420975,3.1213229,0,0,24.74
1289,25,644,92,1g79_PLP_A_260,0,surfdock,0.54775741,1.2417252,2.1498146,0,8.7059167e-05,2.799278
1290,25,10088,1441,4ubp_HAE_C_800,1,unimol,0.66270889,1.2415302,3.1263154,0,0.96412458,16.75
1291,25,2808,401,1tuu_PIS_B_2854,1,unimol,0.66270889,1.2401694,3.1383169,0,0.89805393,21.12
1292,25,6748,964,3vq4_0NX_A_304,0,surfdock,0.53459442,1.2399822,2.1498146,0,0,2.7978799
1293,25,13160,1880,5n8c_8Q8_B_403,0,surfdock,0.53459442,1.2399822,2.1498146,0,0.78343251,5.8373082
1294,25,8267,1181,4ejh_0QA_D_502,0,surfdock,0.53197427,1.2395464,2.1498146,0,0,3.2009156
1295,25,6756,965,3vq4_0NX_B_303,1,unimol,0.66270889,1.2380307,3.1572526,0,0.97810158,17.71
1296,25,8939,1277,4jb0_ENO_A_402,0,surfdock,0.5701551,1.2374437,2.2620268,0,0.93883266,3.0241779
1297,25,1533,219,1kfc_IPL_A_674,0,surfdock,0.59354755,1.2334177,2.4138873,0,0.99350644,3.3409396
1298,26,7456,1065,4b1f_DGL_A_1257,1,unimol,0.66014266,1.3686109,2.153492,0,0.98003017,16.7
1299,26,7463,1066,4b1f_DGL_B_1256,1,unimol,0.66014266,1.3686109,2.153492,0,0.97911739,22.33
1300,26,9675,1382,4pb4_PLP_A_401,1,unimol,0.66014266,1.3686109,2.153492,0,0.94958664,21.11
1301,26,9682,1383,4pb4_PLP_B_401,1,unimol,0.66014266,1.3686109,2.153492,0,0.81198516,22.55
1302,26,10046,1435,4u2a_A2G_A_303,1,unimol,0.66014266,1.3686109,2.153492,0,0.92950045,21.92
1303,26,12902,1843,5kxb_NGA_A_307,1,unimol,0.66014266,1.3686109,2.153492,0,0.91079338,21.04
1304,26,12909,1844,5kxb_NGA_C_305,1,unimol,0.66014266,1.3686109,2.153492,0,0.94395803,12.36
1305,26,12916,1845,5kxb_NGA_D_301,1,unimol,0.66014266,1.3686109,2.153492,0,0.95943679,18.77
1306,26,15863,2266,6l68_ALL_A_201,1,unimol,0.66014266,1.3686109,2.153492,0,0,20.94
1307,26,15870,2267,6l68_ALL_A_202,1,unimol,0.66014266,1.3686109,2.153492,0,0,17.12
1308,26,14498,2071,5ylf_BGC_A_401,1,unimol,0.66014266,1.3667131,2.1663198,0,0.95010361,15.73
1309,26,16787,2398,6qrn_RIP_A_500,1,unimol,0.66014266,1.3648971,2.1786389,0,0,14.98
1310,26,11579,1654,5e9m_BAE_A_2001,1,unimol,0.66014266,1.3527203,2.2624013,0,0.98347443,19.43
1311,26,13770,1967,5uj3_CE4_A_302,1,unimol,0.66014266,1.3450169,2.3164506,0,0.97415116,21.51
1312,26,16829,2404,6r6i_H50_A_201,1,unimol,0.66014266,1.3364704,2.3774049,0,0.78044657,17.59
1313,26,4411,630,2gnm_MAN_A_253,1,unimol,0.66014266,1.3320413,2.4094105,0,0.95594477,19.4
1314,26,16836,2405,6r6i_H50_B_201,1,unimol,0.66014266,1.3317255,2.4117038,0,0.98586324,26.44
1315,26,4922,703,2okk_ABU_A_585,1,unimol,0.66014266,1.3232057,2.4741294,0,0.14589691,19.71
1316,26,12747,1821,5jg5_EVF_B_302,0,surfdock,0.60643555,1.2847364,2.153492,0,0,2.3962052
1317,26,6412,916,3sj1_DXC_X_75,0,surfdock,0.60607305,1.2833377,2.153492,0,0.9831885,3.9414918
1318,26,12740,1820,5jg5_EVF_B_301,0,surfdock,0.60536946,1.2820265,2.153492,0,0.992079,2.750246
1319,26,7931,1133,4cxr_2BG_A_502,0,surfdock,0.60922985,1.2818412,2.2287092,0,0.99651084,2.716213
1320,26,5096,728,2qcx_PF1_A_300,0,surfdock,0.60360358,1.2791418,2.153492,0,0,3.1470956
1321,26,155,22,1bcs_ARG_A_426,1,unimol,0.66014266,1.2783558,2.8216054,0,0,20.35
1322,26,14189,2027,5xh2_NPO_A_305,0,surfdock,0.60233357,1.2773061,2.153492,0,0.99645798,2.3087063
1323,26,1883,269,1n3o_GYP_B_1101,0,surfdock,0.60000122,1.2741592,2.153492,0,0.042341654,2.7036229
1324,26,10206,1458,4ur9_BK9_B_1717,0,surfdock,0.60968544,1.2664317,2.3508537,0,0.0012290962,2.4876347
1325,26,11326,1618,5cpn_531_A_401,0,surfdock,0.59947098,1.2660237,2.2052751,0,0.9526016,2.8629017
1326,26,10199,1457,4ur9_BK9_A_1717,0,surfdock,0.60946468,1.2659182,2.3508537,0,0.99030694,2.3976254
1327,26,6630,947,3v7u_MTA_A_301,1,unimol,0.66014266,1.264876,2.9326756,0,0.71963435,25.8
1328,26,5726,818,2xoz_AMP_B_1664,0,surfdock,0.56810182,1.2541412,2.153492,0,0.09174073,1.9653649
1329,26,7168,1024,3zog_A2Q_A_200,0,surfdock,0.56810182,1.2541412,2.153492,0,0,1.9724082
1330,26,9625,1375,4ox5_DAL_A_307,0,surfdock,0.56810182,1.2541412,2.153492,0,0,2.1903917
1331,26,10031,1433,4tsk_TLA_A_404,0,surfdock,0.56810182,1.2541412,2.153492,0,0,2.4077408
1332,26,16632,2376,6q4r_MLT_A_1041,0,surfdock,0.56810182,1.2541412,2.153492,0,0,2.4496826
1333,26,2682,383,1thc_FL9_A_131,1,unimol,0.66014266,1.2523049,3.0392323,0,0.9819991,15.16
1334,26,11333,1619,5cpn_531_B_401,0,surfdock,0.56810182,1.2471603,2.2052751,0,0.99198861,2.9442521
1335,26,4515,645,2huu_ALA_A_701,0,surfdock,0.56810182,1.2465028,2.2101934,0,0.96467164,2.1274596
1336,26,1372,196,1jhv_NIO_A_991,0,surfdock,0.51834996,1.2401548,2.153492,0,0.74166281,2.4130963
1337,26,2520,360,1s83_4HA_A_5,0,surfdock,0.51832306,1.2390184,2.153492,0,0.97650847,2.2047467
1338,26,9570,1367,4nv0_MG7_A_403,1,unimol,0.66014266,1.2386185,3.1586463,0,0,22.13
1339,26,14911,2130,6c6w_TFX_A_502,1,unimol,0.66014266,1.2247096,3.2838004,0,0.92190229,23.78
1340,26,7224,1032,3zyx_MBT_B_601,0,surfdock,0.56810182,1.2184576,2.426662,0,0,3.5303049
1341,26,14028,2004,5w8q_BU4_B_400,0,surfdock,0.6095084,1.2183704,2.7315693,0,0.025831113,2.2968119
1342,26,5902,843,2yp6_C6W_B_1186,1,unimol,0.66014266,1.2167162,3.3575273,0,0.93108995,21.95
1343,26,5517,788,2vzu_PNJ_B_1904,1,unimol,0.66014266,1.2150873,3.3727167,0,0.92848602,28.02
1344,26,7217,1031,3zyx_MBT_A_601,0,surfdock,0.56810182,1.2146355,2.4572151,0,0.99571843,5.0978006
1345,26,1127,161,1hsr_BHO_A_800,0,surfdock,0.60856695,1.2141455,2.7491255,0,0.99664928,2.4557929
1346,26,8057,1151,4dch_GLC_A_501,0,surfdock,0.60624264,1.2110407,2.7204394,0,0,2.5463556
1347,26,5236,748,2r0g_7CK_A_1355,0,surfdock,0.60795486,1.2103828,2.764991,0,0.99235832,4.1944352
1348,27,11075,1582,5aov_GLV_A_1336,1,unimol,0.66158642,1.3631302,2.1953559,0,0.92334261,21.92
1349,27,4684,669,2j9e_AKG_C_1119,1,unimol,0.66158642,1.2961496,2.6825631,0,0.96067827,25.69
1350,27,11452,1636,5dky_NOJ_A_1000,0,surfdock,0.61606903,1.2914462,2.1530688,0,0,2.6569822
1351,27,11082,1583,5aov_GLV_A_1356,1,unimol,0.66158642,1.2912005,2.7213106,0,0.94675033,18.51
1352,27,1855,265,1mrj_ADN_A_300,0,surfdock,0.61518839,1.2890788,2.1530688,0,0.99255623,2.3574394
1353,27,17437,2491,6uzr_QM1_B_301,0,surfdock,0.61501799,1.2882897,2.1530688,0,0.017598742,2.9867938
1354,27,6755,965,3vq4_0NX_B_303,0,surfdock,0.61240879,1.2770085,2.198354,0,0.99589108,2.6782514
1355,27,14994,2142,6dmi_5T5_A_504,0,surfdock,0.60595488,1.2750499,2.1530688,0,0.98771329,4.1082817
1356,27,11921,1703,5fp9_4SV_A_1342,0,surfdock,0.60397451,1.2731209,2.1530688,0,0.99651004,2.5668614
1357,27,14497,2071,5ylf_BGC_A_401,0,surfdock,0.60386518,1.2729456,2.1530688,0,0,2.3546478
1358,27,511,73,1fhv_OSB_A_789,0,surfdock,0.60226827,1.2712796,2.1530688,0,0.9865647,3.052847
1359,27,14245,2035,5xoi_SIN_A_401,0,surfdock,0.59690374,1.2679478,2.1530688,0,0.99751015,2.369884
1360,27,10591,1513,4ywd_NTM_A_704,0,surfdock,0.60303414,1.2663941,2.1943028,0,0.044634742,2.6163694
1361,27,2807,401,1tuu_PIS_B_2854,0,surfdock,0.58798216,1.2655804,2.1530688,0,0.0094804323,2.3282406
1362,27,4698,671,2jfv_FLC_A_1271,1,unimol,0.66158642,1.2650755,2.9327633,0,0.75624317,20.34
1363,27,7049,1007,3wug_XYP_B_1,0,surfdock,0.57219511,1.2557602,2.1530688,0,0.98385515,2.1605216
1364,27,10465,1495,4xti_IMP_A_601,0,surfdock,0.57219511,1.2557602,2.1530688,0,0.96372754,3.7365336
1365,27,10472,1496,4xti_IMP_B_601,0,surfdock,0.57219511,1.2557602,2.1530688,0,0.96915676,3.9686258
1366,27,17563,2509,6x9d_HYP_B_2002,0,surfdock,0.57219511,1.2547951,2.1601365,0,0.96682013,2.4940242
1367,27,14470,2067,5yfj_RUB_B_401,1,unimol,0.66158642,1.2465487,3.0901465,0,0.95933851,26.4
1368,27,14477,2068,5yfj_RUB_C_401,1,unimol,0.66158642,1.2465487,3.0901465,0,0.96687094,22.46
1369,27,2898,414,1ubs_SER_B_398,0,surfdock,0.52238599,1.2432219,2.1530688,0,0.96313177,4.1698978
1370,27,8694,1242,4i0g_1B9_A_504,0,surfdock,0.51857648,1.2408545,2.1530688,0,0.80440916,3.924105
1371,27,714,102,1giu_ADE_A_300,0,surfdock,0.51787265,1.2405038,2.1530688,0,0.98646955,2.2384406
1372,27,99,14,1anc_BEN_A_290,1,unimol,0.74481687,1.2387068,3.7448938,0,0.96829228,21.5
1373,27,12964,1852,5lik_W8X_X_402,0,surfdock,0.59413984,1.2355089,2.3865495,0,0.98541046,3.9179927
1374,27,9618,1374,4ovl_1TD_B_308,0,surfdock,0.60647899,1.2337268,2.4664125,0,0.9966803,3.2428858
1375,27,1071,153,1hdi_3PG_A_419,0,surfdock,0.60469713,1.2330938,2.4593682,0,0.99369566,2.6846967
1376,27,1092,156,1ho5_ADN_B_2604,0,surfdock,0.61264784,1.2287528,2.5705917,0,0.97807602,3.3294322
1377,27,1253,179,1j0n_CEG_A_780,0,surfdock,0.57219511,1.2265064,2.3740299,0,0,2.8505759
1378,27,1386,198,1jl0_PUT_B_401,0,surfdock,0.59549108,1.2217307,2.4991391,0,0.98213682,2.1727192
1379,27,3122,446,1wq4_TYR_A_501,0,surfdock,0.57219511,1.2204322,2.4217126,0,0.98465747,2.8815535
1380,27,1085,155,1ho5_ADN_A_1604,0,surfdock,0.6025734,1.2170033,2.5705917,0,0.98369689,3.3804761
1381,27,623,89,1g6t_S3P_A_601,0,surfdock,0.60742824,1.2126376,2.6475682,0,0.99198286,3.2640685
1382,27,4921,703,2okk_ABU_A_585,0,surfdock,0.56009374,1.2105554,2.435235,0,0,2.1781318
1383,27,9289,1327,4ma8_Z80_C_301,0,surfdock,0.53910677,1.209743,2.4254093,0,0,3.0304372
1384,27,14050,2007,5wgk_AGJ_A_816,1,unimol,0.66158642,1.2072518,3.4463077,0,0.96967884,18.35
1385,27,546,78,1fqo_F6R_A_1268,0,surfdock,0.51804986,1.2053712,2.4242654,0,0.93841667,3.3187283
1386,27,17612,2516,6xzx_O5H_A_302,0,surfdock,0.61557295,1.2022686,2.8432193,0,0.86854814,3.9064581
1387,27,6028,861,2zgw_BTN_A_1401,1,unimol,0.90200339,1.200465,4.1413355,0,0.9640034,15.49
1388,27,6035,862,2zgw_BTN_B_1402,1,unimol,0.9017594,1.2002524,4.1420403,0,0.96815357,25.53
1389,27,14630,2090,5zi4_OAA_A_401,0,surfdock,0.60965216,1.1982268,2.7884903,0,0.99549711,2.4002484
1390,27,12810,1830,5kas_PC_A_517,0,surfdock,0.60012324,1.1961151,2.731236,0,0,2.8016502
1391,27,1113,159,1hq2_PH2_A_181,0,surfdock,0.60785166,1.1929726,2.8182237,0,0.99671125,2.8457991
1392,27,3962,566,2cjz_PTR_A_1537,0,surfdock,0.52830596,1.1916782,2.5613594,0,0.80875484,2.6931803
1393,27,10395,1485,4x36_CHT_A_408,0,surfdock,0.61149172,1.1916742,2.8679035,0,0.99463491,2.1051645
1394,27,14126,2018,5x2m_GLN_B_951,0,surfdock,0.54618017,1.190919,2.5844162,0,0.99257231,2.6620756
1395,27,16500,2357,6pdd_O9S_A_803,1,unimol,0.66158642,1.1899824,3.6132586,0,0.99039585,22.07
1396,27,13412,1916,5syi_NIZ_A_805,0,surfdock,0.61533183,1.1894547,2.949681,0,0.0015552842,2.3156086
1397,27,1442,206,1jyx_IPT_B_2001,0,surfdock,0.53038921,1.1891674,2.5857449,0,0.98629703,4.5311882
1398,28,12013,1716,5g44_SWX_A_1511,1,unimol,0.66541601,1.3693466,2.1556242,0,0.95621643,25.99
1399,28,1660,237,1lnf_VAL_E_1321,1,unimol,0.66541601,1.3581722,2.2305064,0,0,22.41
1400,28,17298,2471,6tol_NQW_A_201,1,unimol,0.66541601,1.3053336,2.6083336,0,0,19.98
1401,28,10241,1463,4uzi_IMD_B_1456,0,surfdock,0.64874473,1.2941513,2.1556242,0,0.8941696,3.9603235
1402,28,1583,226,1kwc_BPY_B_401,1,unimol,0.66541601,1.2788683,2.8137085,0,0.99116452,15.83
1403,28,4487,641,2hi4_BHF_A_800,0,surfdock,0.65043386,1.2701532,2.342875,0,0.99774251,3.7382557
1404,28,17081,2440,6sxr_KHP_A_507,1,unimol,0.66541601,1.2617741,2.9526749,0,0.93065747,26.09
1405,28,6077,868,2ztl_3HL_B_301,1,unimol,0.90528944,1.2612475,3.5271776,0,0.9548612,21.95
1406,28,6084,869,2ztl_3HL_C_301,1,unimol,0.90602545,1.2606629,3.533895,0,0.96795015,18.5
1407,28,6070,867,2ztl_3HL_A_301,1,unimol,0.90592084,1.2605861,3.533895,0,0.96113066,17.87
1408,28,6091,870,2ztl_3HL_D_301,1,unimol,0.7559654,1.2591952,3.5350151,0,0.96960408,21.19
1409,28,2527,361,1sep_BIO_A_801,0,surfdock,0.60162336,1.2580927,2.1556242,0,0,3.1102741
1410,28,17052,2436,6sjs_THH_B_901,0,surfdock,0.60162336,1.2580927,2.1556242,0,0.9801108,2.3980545
1411,28,17074,2439,6sxr_KHP_A_506,1,unimol,0.66541601,1.2525664,3.0296974,0,0.94644052,19.26
1412,28,6531,933,3tye_YTZ_B_902,0,surfdock,0.56529323,1.2477149,2.1556242,0,0.00096460382,3.0208681
1413,28,10234,1462,4uzi_IMD_B_1455,0,surfdock,0.54357851,1.2456921,2.1556242,0,0.86494796,1.9665179
1414,28,4697,671,2jfv_FLC_A_1271,0,surfdock,0.56957325,1.2374155,2.2339756,0,0.89292768,2.99709
1415,28,15709,2244,6jws_PT1_A_801,1,unimol,0.66541601,1.2372019,3.1617572,0,0,23.81
1416,28,2458,351,1ruk_BEZ_H_601,1,unimol,0.66541601,1.2310577,3.2158475,0,0.96930848,19.2
1417,28,1141,163,1ia1_TQ3_A_194,0,surfdock,0.60162336,1.2286983,2.3745496,0,0.99704587,3.3102819
1418,28,197,28,1c3s_SHH_A_952,1,unimol,0.66541601,1.2284343,3.2391717,0,0.90306974,20.96
1419,28,6889,984,3wat_BMA_A_404,1,unimol,0.66541601,1.2256781,3.2638242,0,0,24.07
1420,28,6896,985,3wat_BMA_B_404,1,unimol,0.66541601,1.2256781,3.2638242,0,0,22.58
1421,28,6875,982,3wat_BGC_A_403,1,unimol,0.66541601,1.2242272,3.2768633,0,0.98657801,16.74
1422,28,6882,983,3wat_BGC_B_403,1,unimol,0.66541601,1.2242272,3.2768633,0,0.98493243,21.46
1423,28,2702,386,1tke_SER_A_500,0,surfdock,0.60162336,1.215532,2.4772818,0,0.69310183,2.2330215
1424,28,10262,1466,4v36_LYN_A_1851,0,surfdock,0.60162336,1.2110516,2.4649491,0,0,2.3904895
1425,28,8954,1279,4jhh_H35_A_201,1,unimol,0.66541601,1.2095469,3.411253,0,0,18.35
1426,29,9030,1290,4k5u_GAL_A_301,0,surfdock,0.65096987,1.2931044,2.1563828,0,0.99269207,2.616546
1427,29,4704,672,2jhp_GUN_A_1647,0,surfdock,0.64895656,1.2887876,2.1563828,0,0.003464884,2.3631165
1428,29,15995,2285,6m9b_BTN_C_201,0,surfdock,0.64834773,1.2872899,2.1563828,0,0.99481187,3.2153877
1429,29,16002,2286,6m9b_BTN_D_201,0,surfdock,0.64192969,1.2791849,2.1563828,0,0.99366944,6.2409042
1430,29,17073,2439,6sxr_KHP_A_506,0,surfdock,0.63643403,1.2742514,2.1563828,0,0.97275358,3.0650471
1431,29,4711,673,2jhp_GUN_A_1648,0,surfdock,0.64327179,1.2713728,2.2203178,0,0.0013521698,2.274442
1432,29,17080,2440,6sxr_KHP_A_507,0,surfdock,0.63115035,1.271168,2.1563828,0,0.98652342,2.9077376
1433,29,9387,1341,4mr8_2BW_A_507,0,surfdock,0.63770191,1.2711485,2.1873004,0,0,3.0156429
1434,29,7581,1083,4buv_16I_A_2165,0,surfdock,0.60415663,1.2587021,2.1563828,0,0.99517154,3.9562545
1435,29,13769,1967,5uj3_CE4_A_302,0,surfdock,0.6457107,1.2546284,2.3689682,0,0,3.4861398
1436,29,7624,1089,4bz6_SHH_D_700,1,unimol,0.66478614,1.2419079,3.1257558,0,0.92309055,27.15
1437,29,7610,1087,4bz6_SHH_B_700,1,unimol,0.66478614,1.2335949,3.1982431,0,0.95147877,27.45
1438,29,7617,1088,4bz6_SHH_C_700,1,unimol,0.66478614,1.2335949,3.1982431,0,0.94664435,23.66
1439,29,2114,302,1ovk_NYL_A_405,0,surfdock,0.6500235,1.2244515,2.659049,0,0.95630158,2.0380096
1440,29,189,27,1bqp_MAN_C_402,0,surfdock,0.6450054,1.224218,2.597487,0,0,2.2992994
1441,29,182,26,1bqp_MAN_B_401,0,surfdock,0.64208876,1.2209393,2.597487,0,0.97770897,2.4420043
1442,29,154,22,1bcs_ARG_A_426,0,surfdock,0.60415663,1.2158644,2.4792526,0,0,2.7195772
1443,29,5838,834,2y00_Y00_A_601,0,surfdock,0.65100615,1.2148876,2.7537792,0,0.98063099,3.9948899
1444,29,10983,1569,5ack_SVQ_A_600,0,surfdock,0.58158072,1.2097665,2.4591076,0,0.98842987,3.790792
1445,29,12915,1845,5kxb_NGA_D_301,0,surfdock,0.64078478,1.2082661,2.6876841,0,0,5.8428483
1446,29,1715,245,1luq_BTN_A_5100,0,surfdock,0.60415663,1.2065241,2.5538027,0,0.99249329,3.2579777
1447,29,9430,1347,4n4j_HG1_A_606,1,unimol,0.68951172,1.2051117,4.0535922,0,0,21.02
1448,29,12908,1844,5kxb_NGA_C_305,0,surfdock,0.63560297,1.2041008,2.6876841,0,0,2.7464247
1449,29,11089,1584,5av2_KMP_A_300,1,unimol,0.66478614,1.2008084,3.4978201,0,0,15.7
1450,29,12901,1843,5kxb_NGA_A_307,0,surfdock,0.62450046,1.1997689,2.6876841,0,0.98461004,2.8485225
1451,29,28,4,1a59_CIT_A_379,0,surfdock,0.63332288,1.1950523,2.7542534,0,0,2.9010887
1452,29,14504,2072,5ysh_5AD_D_605,0,surfdock,0.64993536,1.1921137,2.9285176,0,0.21274926,2.5045246
1453,29,14511,2073,5ysh_5AD_G_605,0,surfdock,0.64857295,1.1890222,2.9285176,0,0.99857816,2.5214732
1454,29,2709,387,1tkh_DPN_A_911,0,surfdock,0.64231296,1.1874397,2.8777163,0,0,2.2659169
1455,29,14518,2074,5ysh_5AD_J_605,0,surfdock,0.64796228,1.1874138,2.9347577,0,0.21831849,2.4907739
1456,29,13629,1947,5u5z_7VP_A_302,0,surfdock,0.60415663,1.1855488,2.727083,0,0.00020115681,3.6104058
1457,29,13238,1891,5o3f_9HT_A_501,1,unimol,0.66478614,1.183475,3.6656168,0,0,25.62
1458,29,11096,1585,5av4_GEN_A_400,1,unimol,0.66478614,1.1763034,3.7370753,0,0.91708029,14.41
1459,29,378,54,1dxy_COI_A_404,0,surfdock,0.54395608,1.1747886,2.1563828,0,0.96684591,2.4330091
1460,29,1029,147,1h70_CIR_A_500,0,surfdock,0.54395608,1.1747886,2.1563828,0,0,3.0746832
1461,29,1232,176,1iwe_IMP_B_1452,0,surfdock,0.54395608,1.1747886,2.1563828,0,0,3.855453
1462,29,2156,308,1p7l_MET_A_485,0,surfdock,0.54395608,1.1747886,2.1563828,0,0.98409624,2.678224
1463,29,2492,356,1s2c_FLF_A_2002,0,surfdock,0.54395608,1.1747886,2.1563828,0,0,3.3011161
1464,29,3759,537,2bdg_PBZ_A_301,0,surfdock,0.54395608,1.1747886,2.1563828,0,0.99473734,2.3940752
1465,29,3766,538,2bdg_PBZ_B_302,0,surfdock,0.54395608,1.1747886,2.1563828,0,0.99058278,2.4899735
1466,29,3829,547,2bs3_CIT_A_1657,0,surfdock,0.54395608,1.1747886,2.1563828,0,0,3.0046197
1467,29,3836,548,2bs3_CIT_D_1657,0,surfdock,0.54395608,1.1747886,2.1563828,0,0.99659677,2.885689
1468,29,4018,574,2d3n_GLC_A_608,0,surfdock,0.54395608,1.1747886,2.1563828,0,0.013895512,2.24977
1469,29,4641,663,2izf_BTN_B_300,0,surfdock,0.54395608,1.1747886,2.1563828,0,0.99576395,3.2528317
1470,29,4648,664,2izf_BTN_D_301,0,surfdock,0.54395608,1.1747886,2.1563828,0,0.99433626,3.3316932
1471,29,4935,705,2oxp_THP_A_300,0,surfdock,0.54395608,1.1747886,2.1563828,0,0.96268291,3.7942803
1472,29,5271,753,2r4t_250_A_503,0,surfdock,0.54395608,1.1747886,2.1563828,0,1.2679296e-07,3.2222263
1473,29,5362,766,2uyv_TLA_A_1275,0,surfdock,0.54395608,1.1747886,2.1563828,0,0,2.5482161
1474,29,5369,767,2uyv_TLA_A_1277,0,surfdock,0.54395608,1.1747886,2.1563828,0,0,2.5929612
1475,29,5376,768,2uyv_TLA_B_1275,0,surfdock,0.54395608,1.1747886,2.1563828,0,0,2.4796114
1476,30,6693,956,3vcp_PRO_A_502,1,unimol,0.6641224,1.3694822,2.1590261,0,0,18.51
1477,30,15037,2148,6e43_BEZ_B_502,1,unimol,0.6641224,1.3694822,2.1590261,0,0.98789407,18.52
1478,30,15044,2149,6e43_BEZ_C_502,1,unimol,0.6641224,1.3694822,2.1590261,0,0.9766264,20.59
1479,30,6700,957,3vmg_9CA_B_2001,1,unimol,0.6641224,1.332854,2.4079804,0,0,23.3
1480,30,11578,1654,5e9m_BAE_A_2001,0,surfdock,0.65696401,1.2890232,2.1590261,0,0.99808118,2.1963646
1481,30,35,5,1ac4_TMT_A_296,0,surfdock,0.65631518,1.2879628,2.1590261,0,0,2.2024765
1482,30,15982,2283,6m5m_NAG_B_202,1,unimol,0.6641224,1.2711411,2.8721774,0,0.96075757,15.43
1483,30,14889,2127,6bxk_MTA_A_401,0,surfdock,0.64734715,1.2640882,2.2636831,0,0.95733431,3.2100823
1484,30,5257,751,2r4j_13P_A_1968,0,surfdock,0.64552137,1.2635902,2.2603319,0,0,2.6625365
1485,30,9563,1366,4nr9_ALY_A_2005,1,unimol,0.6641224,1.2575226,2.9830866,0,0.98503991,33.47
1486,30,7714,1102,4cjv_IV2_A_1212,0,surfdock,0.66210821,1.246395,2.5388179,0,0.99438721,2.6106814
1487,30,5264,752,2r4j_13P_B_816,0,surfdock,0.60627999,1.2462879,2.2603319,0,0,2.5773163
1488,30,10059,1437,4u7g_K17_B_303,0,surfdock,0.64960048,1.2424101,2.4386671,0,0,2.4507126
1489,30,8911,1273,4j0k_EGR_B_501,0,surfdock,0.57812729,1.2414301,2.2304909,0,0.9409488,2.7629207
1490,30,5418,774,2v32_BEZ_D_1221,0,surfdock,0.53860526,1.2339968,2.2523391,0,0.9705932,2.3934584
1491,30,4494,642,2hjp_PPR_A_291,0,surfdock,0.60627999,1.2205193,2.4548454,0,0,2.503686
1492,30,4761,680,2npq_BOG_A_2000,1,unimol,0.6641224,1.1896981,3.5885863,0,0.94598589,20.79
1493,30,1162,166,1ij8_BNI_A_501,0,surfdock,0.53835083,1.1773703,2.1590261,0,0.74154892,3.661177
1494,30,1645,235,1ldo_SNR_A_150,0,surfdock,0.53835083,1.1773703,2.1590261,0,0,3.215273
1495,30,4760,680,2npq_BOG_A_2000,0,surfdock,0.53835083,1.1773703,2.1590261,0,0,3.0044944
1496,30,6363,909,3rsc_TYD_A_397,0,surfdock,0.53835083,1.1773703,2.1590261,0,0,4.1532546
1497,30,6370,910,3rsc_TYD_B_397,0,surfdock,0.53835083,1.1773703,2.1590261,0,0.94311174,4.0887035
1498,30,6692,956,3vcp_PRO_A_502,0,surfdock,0.53835083,1.1773703,2.1590261,0,0,2.3970999
1499,30,6699,957,3vmg_9CA_B_2001,0,surfdock,0.53835083,1.1773703,2.1590261,0,0,2.758059
1500,30,9212,1316,4luu_BTM_A_704,0,surfdock,0.53835083,1.1773703,2.1590261,0,0.00048386375,3.1276323
1501,30,9401,1343,4n36_2F8_B_401,0,surfdock,0.53835083,1.1773703,2.1590261,0,0,2.8258597
1502,30,9408,1344,4n36_2F8_C_401,0,surfdock,0.53835083,1.1773703,2.1590261,0,0,2.6603025
1503,30,9415,1345,4n36_2F8_D_401,0,surfdock,0.53835083,1.1773703,2.1590261,0,0.95954446,2.7738669
1504,30,9562,1366,4nr9_ALY_A_2005,0,surfdock,0.53835083,1.1773703,2.1590261,0,0.87533355,2.7469335
1505,30,10948,1564,5a8k_COM_A_556,0,surfdock,0.53835083,1.1773703,2.1590261,0,0,2.3921486
1506,30,10955,1565,5a8k_COM_D_555,0,surfdock,0.53835083,1.1773703,2.1590261,0,0,2.202166
1507,30,11585,1655,5edh_5MF_A_803,0,surfdock,0.53835083,1.1773703,2.1590261,0,0,4.0937483
1508,30,11592,1656,5edh_5MF_B_803,0,surfdock,0.53835083,1.1773703,2.1590261,0,0,5.8360661
1509,30,11599,1657,5edh_5MF_C_803,0,surfdock,0.53835083,1.1773703,2.1590261,0,0.98998004,3.9792925
1510,30,12292,1756,5hxi_5HN_A_403,0,surfdock,0.53835083,1.1773703,2.1590261,0,0.99486855,2.2887044
1511,30,12537,1791,5irw_D9P_A_202,0,surfdock,0.53835083,1.1773703,2.1590261,0,0.92349947,3.1542908
1512,30,13048,1864,5m5a_KSA_A_404,0,surfdock,0.53835083,1.1773703,2.1590261,0,0.9903893,4.91918
1513,30,14868,2124,6bmm_OLB_A_404,0,surfdock,0.53835083,1.1773703,2.1590261,0,0,4.1245335
1514,30,15036,2148,6e43_BEZ_B_502,0,surfdock,0.53835083,1.1773703,2.1590261,0,0.99747155,2.5640354
1515,30,15043,2149,6e43_BEZ_C_502,0,surfdock,0.53835083,1.1773703,2.1590261,0,0.99858528,2.4636453
1516,30,15085,2155,6f3s_CKW_A_902,0,surfdock,0.53835083,1.1773703,2.1590261,0,0.99020573,4.4854593
1517,30,15204,2172,6fgv_D9T_A_1901,0,surfdock,0.53835083,1.1773703,2.1590261,0,0.93222785,3.1953422
1518,30,15218,2174,6fld_NAG_A_601,0,surfdock,0.53835083,1.1773703,2.1590261,0,0,4.977785
1519,30,15225,2175,6fld_NAG_A_602,0,surfdock,0.53835083,1.1773703,2.1590261,0,0.60495081,2.4022287
1520,30,15232,2176,6fld_NAG_A_603,0,surfdock,0.53835083,1.1773703,2.1590261,0,0,2.4289316
1521,30,15855,2265,6l17_E2X_A_401,0,surfdock,0.53835083,1.1773703,2.1590261,0,0.99032057,3.9041635
1522,30,15981,2283,6m5m_NAG_B_202,0,surfdock,0.53835083,1.1773703,2.1590261,0,0,2.8526762
1523,30,16702,2386,6qhu_FAH_A_401,0,surfdock,0.53835083,1.1773703,2.1590261,0,0.95298176,2.2246767
1524,30,17458,2494,6v9f_QTS_B_2001,0,surfdock,0.53835083,1.1773703,2.1590261,0,0.99519611,3.3556348
1525,30,15233,2176,6fld_NAG_A_603,1,unimol,0.6641224,1.1708392,3.7745235,0,0.93993159,17.04
1526,31,7686,1098,4cjs_L0Y_A_1217,0,surfdock,0.66888029,1.4053331,2.3073277,0,0,4.4605303
1527,31,16954,2422,6s23_KSW_A_403,0,surfdock,0.6733082,1.3905886,2.4570956,0,0.20075418,1.9381392
1528,31,2870,410,1u2o_NEC_A_1001,0,surfdock,0.66937031,1.3727011,2.5344009,0,0.98248375,3.6465631
1529,31,1512,216,1kbq_936_D_702,0,surfdock,0.67176668,1.3657142,2.6117837,0,0.98438844,3.9774864
1530,31,1505,215,1kbq_936_B_704,0,surfdock,0.6697686,1.3632599,2.6057885,0,0.99325856,3.9343684
1531,31,1498,214,1kbq_936_A_703,0,surfdock,0.66828697,1.3622364,2.5968146,0,0.99387654,4.0565085
1532,31,9276,1325,4m72_M72_A_402,1,unimol,0.66501888,1.3559614,2.1644597,0,0,15.41
1533,31,9283,1326,4m72_M72_B_402,1,unimol,0.66501888,1.3559614,2.1644597,0,0,18.41
1534,31,3452,493,1zei_CRS_F_55,1,unimol,0.66501888,1.3554605,2.1677701,0,0.98633146,18.51
1535,31,3431,490,1zei_CRS_E_54,1,unimol,0.66501888,1.3545671,2.1736825,0,0.98713007,14.93
1536,31,3445,492,1zei_CRS_F_54,1,unimol,0.66501888,1.3545671,2.1736825,0,0.99076024,23.48
1537,31,3417,488,1zei_CRS_B_56,1,unimol,0.66501888,1.3535247,2.1805937,0,0.98598671,17.97
1538,31,3438,491,1zei_CRS_E_55,1,unimol,0.66501888,1.3535247,2.1805937,0,0.99499985,15.48
1539,31,3410,487,1zei_CRS_A_54,1,unimol,0.66501888,1.3533758,2.1815827,0,0.98369584,16.07
1540,31,2947,421,1v3v_5OP_A_1360,0,surfdock,0.67022698,1.3271262,2.8766229,0,0.94873098,2.6387926
1541,31,2954,422,1v3v_5OP_B_2360,0,surfdock,0.66964973,1.3255315,2.8838184,0,0,2.5473173
1542,31,8848,1264,4ioq_BAQ_A_201,0,surfdock,0.6717133,1.3242287,2.9192097,0,0.99515791,1.9965713
1543,31,1330,190,1j3k_WRA_B_709,0,surfdock,0.6743713,1.3184887,2.9927359,0,0.98990463,4.0548766
1544,31,1323,189,1j3k_WRA_A_609,0,surfdock,0.67339024,1.3175939,2.9927359,0,0.97624103,4.1311499
1545,31,1302,186,1j3i_WRA_B_709,0,surfdock,0.67403487,1.314941,3.016922,0,0.97842315,3.9564379
1546,31,1295,185,1j3i_WRA_A_609,0,surfdock,0.6719525,1.3120532,3.0166528,0,0,3.989063
1547,31,14008,2001,5w5t_9X7_D_508,1,unimol,0.66501888,1.3002407,2.5540514,0,0,30.98
1548,31,1078,154,1hkn_N2M_C_4138,0,surfdock,0.66876218,1.2864955,3.1833577,0,0.9783261,2.6297896
1549,31,12201,1743,5hc0_NPO_A_402,0,surfdock,0.66065746,1.2815486,2.1644597,0,0.9968218,2.1918515
1550,31,12132,1733,5h24_LQG_B_501,1,unimol,0.66501888,1.2797006,2.7093945,0,0.99551025,17.1
1551,31,16835,2405,6r6i_H50_B_201,0,surfdock,0.67006689,1.2774019,3.2760794,0,0.76088164,2.2055924
1552,31,11571,1653,5e4r_40E_A_504,0,surfdock,0.65390432,1.277028,2.1644597,0,0.66599474,1.8454385
1553,31,12208,1744,5hc0_NPO_A_407,0,surfdock,0.65270484,1.2763189,2.1644597,0,0.0024416399,5.0780509
1554,31,10045,1435,4u2a_A2G_A_303,0,surfdock,0.64530491,1.2733051,2.1644597,0,0.99307719,2.7081124
1555,31,4606,658,2ipf_FFA_B_4,0,surfdock,0.66917529,1.2698889,3.3304002,0,0.99172463,3.2523732
1556,31,7693,1099,4cjs_L0Y_B_1217,0,surfdock,0.66168386,1.2620599,2.3073277,0,0.98314179,4.4628124
1557,31,1239,177,1ixo_G3P_A_1001,0,surfdock,0.6104875,1.2610729,2.1644597,0,0.86584543,2.5525683
1558,31,1246,178,1ixo_G3P_D_1004,0,surfdock,0.6104875,1.2610729,2.1644597,0,0,2.6241529
1559,31,9569,1367,4nv0_MG7_A_403,0,surfdock,0.6104875,1.2610729,2.1644597,0,0.97470418,3.6302198
1560,31,9779,1397,4q40_VAL_A_403,0,surfdock,0.6104875,1.2610729,2.1644597,0,0,2.1967763
1561,31,9793,1399,4q40_VAL_C_404,0,surfdock,0.6104875,1.2610729,2.1644597,0,0,2.1403937
1562,31,14966,2138,6cwr_6LA_A_201,0,surfdock,0.6104875,1.2610729,2.1644597,0,0.97222635,3.2387937
1563,31,15708,2244,6jws_PT1_A_801,0,surfdock,0.6104875,1.2610729,2.1644597,0,0.99481599,4.1123534
1564,31,8604,1229,4hrq_AZG_B_201,1,unimol,0.66501888,1.260148,2.8637385,0,0,17.92
1565,31,14624,2089,5zgr_ZZ7_B_303,1,unimol,0.66501888,1.2585197,2.8768899,0,0.93892784,23.09
1566,31,16947,2421,6s23_KSW_A_402,0,surfdock,0.66407139,1.257016,2.3692932,0,0.22710281,2.0800246
1567,31,14603,2086,5zge_ZZ7_A_301,1,unimol,0.66501888,1.2554407,2.9018853,0,0.93609056,19.41
1568,31,1310,187,1j3k_UMP_C_611,1,unimol,0.66501888,1.2553918,2.9022834,0,0,17.7
1569,31,1317,188,1j3k_UMP_D_711,1,unimol,0.66501888,1.2553918,2.9022834,0,0,26.21
1570,31,14610,2087,5zge_ZZ7_B_302,1,unimol,0.66501888,1.2553254,2.9028242,0,0.90970714,22.01
1571,31,14617,2088,5zgr_ZZ7_A_303,1,unimol,0.66501888,1.2553254,2.9028242,0,0.94264671,20.59
1572,31,9786,1398,4q40_VAL_B_403,0,surfdock,0.61046403,1.2546022,2.1644597,0,0,2.2673138
1573,31,8597,1228,4hrq_AZG_A_201,1,unimol,0.66501888,1.2529263,2.9224217,0,0.97877727,19.05
1574,31,12775,1825,5joy_6LW_A_602,0,surfdock,0.65867771,1.2513667,2.3726313,0,0,2.5029702
1575,31,15603,2229,6i6r_H62_A_704,0,surfdock,0.53837464,1.2499043,2.1644597,0,0.92511346,2.6941482
1576,32,12873,1839,5kjw_53C_B_800,0,surfdock,0.68844795,1.4369157,2.1590261,0,0.99900078,2.4320079
1577,32,12866,1838,5kjw_53C_A_800,0,surfdock,0.68413061,1.4314921,2.1590261,0,0.94584594,2.4249618
1578,32,3458,494,1zg3_2HI_A_365,0,surfdock,0.68098063,1.4277577,2.1590261,0,0.80538256,3.2325869
1579,32,2401,343,1r4s_MUA_A_800,0,surfdock,0.67701157,1.4237567,2.1590261,0,0.082806303,2.4548227
1580,32,10731,1533,4zib_4OG_A_512,0,surfdock,0.67673112,1.4234899,2.1590261,0,0.078209433,3.0679945
1581,32,10087,1441,4ubp_HAE_C_800,0,surfdock,0.67350788,1.4211782,2.1590261,0,0,1.9863715
1582,32,14049,2007,5wgk_AGJ_A_816,0,surfdock,0.67605849,1.3631223,2.5588019,0,0.9639104,3.5570316
1583,32,8596,1228,4hrq_AZG_A_201,0,surfdock,0.68023665,1.3583489,2.62062,0,0.012747853,2.4478447
1584,32,14021,2003,5w8q_BU4_A_400,0,surfdock,0.67721633,1.3559929,2.6180892,0,0.99492649,2.2160697
1585,32,12377,1768,5i93_69O_A_202,1,unimol,0.66497076,1.3482255,2.1590261,0,0.98940062,16.35
1586,32,15541,2220,6ho7_GHQ_A_301,1,unimol,0.66497076,1.3482255,2.1590261,0,0.99041379,17.99
1587,32,17291,2470,6tog_NQH_A_201,1,unimol,0.66497076,1.3482255,2.1590261,0,0.99100723,20.3
1588,32,6482,926,3te7_TE7_B_1,0,surfdock,0.6766635,1.3281634,2.816839,0,0,3.6430426
1589,32,6475,925,3te7_TE7_A_1,0,surfdock,0.67531608,1.3213362,2.862699,0,0.97875617,5.9432168
1590,32,9184,1312,4lo1_GAL_A_301,0,surfdock,0.67444251,1.3002039,3.0230589,0,0.97194241,2.4374802
1591,32,9191,1313,4lo1_GAL_B_301,0,surfdock,0.66922063,1.2973577,3.0230589,0,0,2.3114595
1592,32,4691,670,2jav_5Z5_A_1280,1,unimol,0.66497076,1.2868309,2.5934696,0,0,17.22
1593,32,1939,277,1nmm_NAG_B_403,0,surfdock,0.67805174,1.2838083,3.1812069,0,0.98559406,3.058295
1594,32,1946,278,1nmm_NAG_D_527,0,surfdock,0.67711881,1.2830071,3.1812069,0,0.97095362,3.1130686
1595,32,12971,1853,5lqs_NTM_A_302,0,surfdock,0.66535972,1.2818445,3.131362,0,0.04883897,2.7290053
1596,32,15107,2158,6f66_CUT_B_300,1,unimol,0.66497076,1.2812345,2.6359019,0,0.98783084,22.45
1597,32,14637,2091,5zi4_OAA_B_401,0,surfdock,0.66449456,1.2803407,2.1590261,0,0.46207415,2.4610621
1598,32,16513,2359,6pk1_PLP_A_501,0,surfdock,0.6640712,1.2788292,2.1590261,0,0.96975824,3.1477177
1599,32,9674,1382,4pb4_PLP_A_401,0,surfdock,0.66683181,1.274033,3.2028196,0,0,4.2101326
1600,32,5803,829,2xum_OGA_A_601,0,surfdock,0.67897184,1.2732055,3.2789721,0,0.99876942,2.6977197
1601,32,10563,1509,4yu7_DHC_A_204,0,surfdock,0.63522559,1.2717162,2.1590261,0,0.57327386,2.4916905
1602,32,10577,1511,4yu7_DHC_B_204,0,surfdock,0.63303501,1.2714495,2.1590261,0,0.065174607,2.4241027
1603,32,6643,949,3vbn_TYD_A_301,0,surfdock,0.62135567,1.2631361,2.1590261,0,0.86824118,3.8202578
1604,33,3402,486,1zdq_MSM_C_1509,0,surfdock,0.69123892,1.4364604,2.1597817,0,0.99417647,1.8576223
1605,33,3388,484,1zdq_MSM_A_1507,0,surfdock,0.68989311,1.4352135,2.1597817,0,0.93784982,2.0186503
1606,33,3395,485,1zdq_MSM_B_1508,0,surfdock,0.68789323,1.4320962,2.1597817,0,0.95106816,1.9850852
1607,33,7000,1000,3wr4_GDE_B_502,0,surfdock,0.68760741,1.4313836,2.1597817,0,0.98247533,2.8273422
1608,33,17269,2467,6to7_SUV_A_401,0,surfdock,0.68622824,1.4296914,2.1597817,0,0,4.7170606
1609,33,17276,2468,6to7_SUV_B_401,0,surfdock,0.6859749,1.429246,2.1597817,0,0,4.8451533
1610,33,16345,2335,6o1s_7SD_E_803,0,surfdock,0.67831734,1.4229223,2.1597817,0,0.93003853,3.3648307
1611,33,4683,669,2j9e_AKG_C_1119,0,surfdock,0.67498762,1.4163839,2.1904609,0,0.66424052,2.3429452
1612,33,4137,591,2eus_ABN_A_400,0,surfdock,0.6897877,1.3999137,2.3870163,0,0.9957896,2.8986423
1613,33,14539,2077,5z54_0HZ_C_303,0,surfdock,0.67614216,1.3942292,2.339612,0,0.9675157,3.3959918
1614,33,11081,1583,5aov_GLV_A_1356,0,surfdock,0.6684131,1.3563609,2.5691693,0,0.25342018,2.0008279
1615,33,1589,227,1kwu_MMA_A_501,0,surfdock,0.67158093,1.3415188,2.6881773,0,0,2.5232085
1616,33,133,19,1axg_ETF_B_404,0,surfdock,0.68621976,1.3281574,2.8622665,0,0.99135464,2.2104692
1617,33,140,20,1axg_ETF_C_404,0,surfdock,0.67583074,1.3225127,2.8496914,0,0.99069673,2.1600829
1618,33,147,21,1axg_ETF_D_404,0,surfdock,0.67990015,1.3179657,2.9007161,0,0.41097855,2.1747948
1619,33,126,18,1axg_ETF_A_404,0,surfdock,0.67085947,1.3134705,2.8972051,0,0,2.7284513
1620,33,13868,1981,5vjg_0BP_A_403,1,unimol,0.66636424,1.2974825,2.5203018,0,0.77175123,19.82
1621,33,13181,1883,5nh9_XLS_D_504,0,surfdock,0.68608071,1.2822341,3.2298536,0,0.97576516,2.7034397
1622,33,13167,1881,5nh9_XLS_A_503,0,surfdock,0.68605236,1.2821542,3.2298536,0,0.78732848,2.7512124
1623,33,8449,1207,4ghf_4NC_A_402,0,surfdock,0.66439506,1.2776003,2.1714103,0,0,4.6651531
1624,33,1582,226,1kwc_BPY_B_401,0,surfdock,0.6893783,1.2769381,3.3107727,0,0.99651389,2.9560349
1625,33,8463,1209,4ghf_4NC_D_402,0,surfdock,0.6614675,1.2758213,2.1714103,0,0,2.5168662
1626,33,6797,971,3vv5_SLZ_B_301,0,surfdock,0.63822683,1.2733801,2.1597817,0,0,2.6195891
1627,33,15687,2241,6jmd_ORO_A_402,0,surfdock,0.62996501,1.2724894,2.1597817,0,0.013339302,2.5116999
1628,33,8771,1253,4i6y_MEV_B_1001,0,surfdock,0.68231005,1.2669967,3.3336651,0,0.99439308,2.6002915
1629,33,8764,1252,4i6y_MEV_A_501,0,surfdock,0.68138968,1.2663636,3.3336651,0,0,2.4878581
1630,33,3682,526,2ai1_P1G_A_293,0,surfdock,0.62485264,1.2651415,2.1597817,0,0.89927666,4.1533424
1631,33,6790,970,3vv5_SLZ_A_300,0,surfdock,0.62485264,1.2651415,2.1597817,0,0.97458734,2.7903866
1632,33,16786,2398,6qrn_RIP_A_500,0,surfdock,0.62485264,1.2611719,2.1880019,0,0.026538018,2.0622046
1633,33,11018,1574,5af9_SJR_H_1250,0,surfdock,0.62485257,1.2589514,2.1597817,0,2.8190952e-07,3.0890524
1634,33,15701,2243,6jme_ORO_A_402,0,surfdock,0.62355431,1.2582388,2.1597817,0,0,2.6695735
1635,33,8323,1189,4evi_C9M_A_402,0,surfdock,0.68326159,1.2568235,3.4299147,0,0,2.3096986
1636,33,4130,590,2euq_BVC_A_401,0,surfdock,0.55315028,1.2542309,2.1597817,0,0.73427898,3.275539
1637,33,805,115,1h18_DTL_B_9009,0,surfdock,0.54941023,1.2540049,2.1598053,0,0.99240068,2.281551
1638,33,16254,2322,6nig_NAG_A_605,0,surfdock,0.54168195,1.2521823,2.1597817,0,0.092778866,2.4513284
1639,33,3052,436,1w3t_3GR_A_1297,0,surfdock,0.68704182,1.2504967,3.513279,0,0.97712517,2.2353143
1640,33,14000,2000,5w3k_9TY_A_401,0,surfdock,0.66959725,1.2434003,3.4786837,0,0.99604281,4.9498539
1641,33,17318,2474,6tot_NRK_A_401,0,surfdock,0.68253395,1.2399562,3.5776379,0,0,4.6962485
1642,33,3585,512,2a0x_DIH_A_300,1,unimol,0.66636424,1.2380486,2.987824,0,0,14.8
1643,33,2493,356,1s2c_FLF_A_2002,1,unimol,0.76251052,1.2277029,3.794662,0,0.93205554,18.34
1644,33,8379,1197,4fh7_TBP_A_202,0,surfdock,0.62222836,1.2234628,2.4148755,0,0.02861531,2.2015926
1645,33,1064,152,1h8p_PC_B_1111,0,surfdock,0.66307873,1.2214023,2.5809324,0,0,2.5585804
1646,33,2758,394,1toq_AMG_A_501,0,surfdock,0.67416612,1.2136168,3.7797415,0,0.99549451,2.4576737
1647,33,2772,396,1toq_AMG_E_503,0,surfdock,0.67380683,1.2135407,3.7797415,0,0,2.6936172
1648,33,2779,397,1toq_AMG_G_504,0,surfdock,0.66803648,1.2107251,3.7797415,0,0.9657646,2.5033382
1649,33,1603,229,1kwu_MMA_C_701,0,surfdock,0.66240217,1.2078973,2.6881773,0,0.01853816,2.5110785
1650,33,4655,665,2j1s_FUL_B_1153,0,surfdock,0.66581183,1.2077615,2.7161267,0,0.9963517,2.1625788
1651,33,1596,228,1kwu_MMA_B_601,0,surfdock,0.66203337,1.2077289,2.6881773,0,0.017913055,2.5269657
1652,33,1057,151,1h8p_PC_A_1111,0,surfdock,0.64886432,1.2034215,2.7007124,0,0.071628614,2.3089451
1653,33,8527,1218,4h9x_HL4_A_404,1,unimol,0.66636424,1.2011471,3.3105659,0,0.9850088,18.77
1654,34,12131,1733,5h24_LQG_B_501,0,surfdock,0.69727927,1.4367091,2.1551335,0,0.93618506,3.4331341
1655,34,13202,1886,5nov_93B_A_201,0,surfdock,0.69583217,1.435369,2.1551335,0,0.99570964,2.0028032
1656,34,14553,2079,5z9b_HX3_A_303,0,surfdock,0.69522189,1.4348329,2.1551335,0,0.97892104,2.5779454
1657,34,15106,2158,6f66_CUT_B_300,0,surfdock,0.69337121,1.4321527,2.1551335,0,0.99767746,3.1833365
1658,34,14560,2080,5z9b_HX3_B_303,0,surfdock,0.69278225,1.4310806,2.1551335,0,0.97160376,2.4985707
1659,34,3850,550,2bsc_NAG_A_1176,0,surfdock,0.69171015,1.4301872,2.1551335,0,0,2.6750616
1660,34,14476,2068,5yfj_RUB_C_401,0,surfdock,0.68270469,1.4239332,2.1551335,0,0,3.5585089
1661,34,14469,2067,5yfj_RUB_B_401,0,surfdock,0.67887142,1.4223251,2.1551335,0,0,3.347755
1662,34,336,48,1diw_GAL_A_1400,0,surfdock,0.67072373,1.4189301,2.1551335,0,0,2.5777497
1663,34,5432,776,2v60_C17_B_1498,0,surfdock,0.69713398,1.3894736,2.4619517,0,0.9941897,5.8610365
1664,34,5425,775,2v60_C17_A_1503,0,surfdock,0.69487593,1.3870298,2.4621172,0,0.98825756,4.0576315
1665,34,77,11,1aj8_CIT_B_2000,0,surfdock,0.67117918,1.3853694,2.374455,0,0.060059918,3.0147146
1666,34,5040,720,2q28_TPP_B_5001,0,surfdock,0.68866222,1.3812924,2.4605732,0,0,3.9050466
1667,34,9899,1414,4rg3_ECE_A_603,1,unimol,0.66784978,1.3436207,2.2007191,0,0.98836796,17.91
1668,34,2521,360,1s83_4HA_A_5,1,unimol,0.89309261,1.3381577,2.8574851,0,0.96651693,23.09
1669,34,2310,330,1pzy_NAG_B_405,0,surfdock,0.68390868,1.3370604,2.7564394,0,0.96747266,3.0496527
1670,34,483,69,1eyw_PEL_A_404,0,surfdock,0.68307052,1.3037893,3.0097504,0,0.0035114931,2.2868052
1671,34,1373,196,1jhv_NIO_A_991,1,unimol,0.80977178,1.2939761,3.2035525,0,0.99598565,21.14
1672,34,5657,808,2x05_X05_A_1900,1,unimol,0.66784978,1.2863793,2.6088727,0,0,21.73
1673,34,5664,809,2x05_X05_B_1900,1,unimol,0.66784978,1.2835098,2.6306434,0,0,19.91
1674,34,5397,771,2uza_HTL_B_1236,0,surfdock,0.62785756,1.2683887,2.1551335,0,0,5.1718785
1675,34,13055,1865,5m62_BGC_A_409,0,surfdock,0.62785756,1.2683887,2.1551335,0,0,2.4140044
1676,34,8358,1194,4f8n_GAL_A_204,0,surfdock,0.68043935,1.2658403,3.3183806,0,0.98184816,2.4209852
1677,34,12978,1854,5lu8_5KN_A_306,0,surfdock,0.62785735,1.2622241,2.1551335,0,0,2.8563441
1678,34,2387,341,1qxa_GLY_B_245,0,surfdock,0.62607251,1.2615094,2.1551335,0,0.93014715,2.6404344
1679,34,5915,845,2z20_PLP_B_801,0,surfdock,0.69644824,1.2507869,3.5513566,0,0,3.1607974
1680,34,4733,676,2no7_LDC_A_401,1,unimol,0.66784978,1.2477631,2.9134104,0,0.98859086,16.9
1681,34,4740,677,2no7_LDC_B_401,1,unimol,0.66784978,1.2450827,2.9355145,0,0.98496326,15.92
1682,34,4410,630,2gnm_MAN_A_253,0,surfdock,0.67714434,1.2431384,3.5088413,0,0.95037934,2.5067751
1683,34,5908,844,2z20_PLP_A_701,0,surfdock,0.66894379,1.2382492,3.5264044,0,0,3.2609828
1684,34,5608,801,2wj4_HQD_A_1281,1,unimol,0.76037495,1.2370871,3.6997583,0,0,21.82
1685,34,455,65,1ei6_PPF_A_410,0,surfdock,0.6147812,1.2348781,2.3444188,0,0.97993212,2.294692
1686,34,17116,2445,6szl_M3E_B_604,1,unimol,0.66784978,1.2334238,3.0332024,0,0.97528887,14.74
1687,34,1967,281,1nrg_PLP_A_320,0,surfdock,0.66742004,1.2300924,2.5429959,0,8.6710282e-06,2.5586593
1688,34,6000,857,2z6j_TUI_A_501,1,unimol,0.66784978,1.2278173,3.0810928,0,0.96635597,21.71
1689,34,8456,1208,4ghf_4NC_C_402,0,surfdock,0.67235263,1.2272215,3.6374378,0,0,2.6202711
1690,34,119,17,1aua_BOG_A_2,0,surfdock,0.62785756,1.2243704,2.4810796,0,0.15718129,3.2993286
1691,34,700,100,1gim_HDA_A_438,0,surfdock,0.67470882,1.2147225,3.7670932,0,0,2.3985263
1692,34,16828,2404,6r6i_H50_A_201,0,surfdock,0.58783309,1.214286,2.4925201,0,0,2.9150585
1693,34,1359,194,1jho_NIO_A_991,1,unimol,0.66784978,1.2137952,3.2035525,0,0.99493667,20.53
1694,34,1625,232,1l4n_NIO_A_991,1,unimol,0.66784978,1.2137952,3.2035525,0,0.99500638,18.64
1695,34,442,63,1e7h_PLM_A_1007,1,unimol,0.66784978,1.2070981,3.2634354,0,0.96956467,21.49
1696,34,3605,515,2a1m_CAM_B_2422,0,surfdock,0.6950734,1.2008707,4.0190148,0,0,2.3551182
1697,34,12782,1826,5jp9_DCM_A_401,0,surfdock,0.66827299,1.2008332,3.8805532,0,0,3.4574453
1698,34,2317,331,1pzy_NAG_D_406,0,surfdock,0.66199112,1.200487,2.7564394,0,0.98454775,3.0459671
1699,34,14862,2123,6bds_DJ4_A_302,1,unimol,0.66784978,1.195135,3.3727307,0,0,19.92
1700,34,14847,2121,6b9p_D0J_A_1001,0,surfdock,0.59915757,1.1928161,2.6693389,0,0.83438537,4.025449
1701,34,5174,739,2qs2_UBF_A_603,1,unimol,0.66784978,1.1885515,3.4341867,0,0.98507909,20.04
1702,34,13133,1876,5n5k_8NW_A_307,1,unimol,0.66784978,1.1877886,3.4413693,0,0.8035874,23.73
1703,34,392,56,1e26_GPB_A_208,0,surfdock,0.53663725,1.1876682,2.1551335,0,0.61697191,4.7087464
1704,35,8526,1218,4h9x_HL4_A_404,0,surfdock,0.69156096,1.4308653,2.1576793,0,0.58616657,2.8190567
1705,35,2226,318,1poc_GEL_A_420,0,surfdock,0.67373127,1.4215448,2.1576793,0,0.78301201,4.7250981
1706,35,8947,1278,4jh6_FCN_A_202,1,unimol,0.67255544,1.4019771,2.2785673,0,0.92701857,21.96
1707,35,8702,1243,4i4v_NGA_A_201,1,unimol,0.66974379,1.3529411,2.1576793,0,0.94789829,16.96
1708,35,8709,1244,4i4v_NGA_A_202,1,unimol,0.66974379,1.3363941,2.2684314,0,0.93122381,17.38
1709,35,8723,1246,4i4v_NGA_D_201,1,unimol,0.66974379,1.3293358,2.3168092,0,0.98194089,26.43
1710,35,8716,1245,4i4v_NGA_B_202,1,unimol,0.66974379,1.3212663,2.3729763,0,0.97947437,20.33
1711,35,15128,2161,6f76_CVK_A_203,1,unimol,0.66974379,1.3044806,2.4928412,0,0.96674668,25.02
1712,35,15135,2162,6f76_CVK_B_203,1,unimol,0.66974379,1.3040728,2.495805,0,0.99226554,26.56
1713,35,6209,887,3qhd_CTN_B_165,0,surfdock,0.68632495,1.3038674,3.02895,0,0.97247348,3.1484207
1714,35,15142,2163,6f76_CVK_C_203,1,unimol,0.66974379,1.3037456,2.4981856,0,0.80154271,21.56
1715,35,15149,2164,6f76_CVK_F_203,1,unimol,0.66974379,1.3036502,2.498879,0,0.97452173,23.15
1716,35,3969,567,2coj_GBN_A_420,0,surfdock,0.69524206,1.2949884,3.1615152,0,0.99037458,2.6722282
1717,35,13861,1980,5ved_STU_A_601,1,unimol,0.66974379,1.2938061,2.5712726,0,0.89515545,19.72
1718,35,12306,1758,5i0d_GLC_A_1124,0,surfdock,0.69365721,1.2915752,3.1729927,0,0.90418987,2.396163
1719,35,3976,568,2coj_GBN_B_420,0,surfdock,0.69052614,1.2898143,3.1615152,0,0.99002875,2.8197495
1720,35,12313,1759,5i0d_GLC_B_1122,0,surfdock,0.69503299,1.2800853,3.2839582,0,0.98080117,2.3525553
1721,35,13384,1912,5r28_RDJ_A_401,0,surfdock,0.68654483,1.2693647,3.3162258,0,0.9852464,3.0764899
1722,35,4956,708,2pin_LEG_A_501,0,surfdock,0.67928922,1.267948,3.3016691,0,0.94474377,2.9131498
1723,35,5320,760,2rtn_IMI_B_300,0,surfdock,0.68906057,1.2640548,3.373913,0,0.9909278,3.2274384
1724,35,16709,2387,6qli_4LR_A_301,0,surfdock,0.615681,1.2633664,2.1576793,0,0,2.2221372
1725,35,5474,782,2vlf_PLI_A_1457,0,surfdock,0.53087369,1.2589302,2.1576793,0,0.88468094,4.0419328
1726,35,1148,164,1ia1_TQ3_B_196,0,surfdock,0.68212712,1.2581767,3.3920817,0,0,3.4235351
1727,35,3304,472,1yik_MM1_A_501,0,surfdock,0.53040419,1.2579892,2.1576793,0,0.34175622,2.3706307
1728,35,5327,761,2rtn_IMI_D_300,0,surfdock,0.6853271,1.2562605,3.4236026,0,0.99444179,3.2204497
1729,35,14910,2130,6c6w_TFX_A_502,0,surfdock,0.65783075,1.2490401,2.3864596,0,0,2.8020475
1730,35,6097,871,2zut_A2G_A_4001,0,surfdock,0.53698476,1.2469181,2.2524679,0,0,2.8569745
1731,35,16485,2355,6p9t_O5D_A_307,0,surfdock,0.65437344,1.2464705,2.4017208,0,1.7834601e-05,2.9272426
1732,35,750,107,1gxu_2HP_A_1092,1,unimol,0.66974379,1.2231408,3.138458,0,0.62895653,13.95
1733,35,15422,2203,6h8p_OGA_A_504,1,unimol,0.66974379,1.2213262,3.1542201,0,0.91901503,19.78
1734,35,4929,704,2ot7_OGA_A_500,1,unimol,0.66974379,1.2191294,3.1733906,0,0.91103574,20.53
1735,35,1624,232,1l4n_NIO_A_991,0,surfdock,0.69690464,1.2165229,3.875031,0,0.76503037,2.4799379
1736,35,1358,194,1jho_NIO_A_991,0,surfdock,0.69686738,1.2163711,3.875031,0,0.74250038,2.4856904
1737,35,13132,1876,5n5k_8NW_A_307,0,surfdock,0.59459185,1.216335,2.4999743,0,0,2.9441537
1738,35,665,95,1g8z_GAL_G_104,0,surfdock,0.67774811,1.2163295,3.7635329,0,0.99236488,2.4077871
1739,35,658,94,1g8z_GAL_F_104,0,surfdock,0.68707164,1.2162898,3.8030977,0,0.98978258,2.3111142
1740,35,13762,1966,5uio_LG3_E_201,0,surfdock,0.69697702,1.2160051,3.8808525,0,0.99610047,2.1445626
1741,35,672,96,1g8z_GAL_H_104,0,surfdock,0.67887924,1.2130069,3.8030977,0,0.96352562,2.3549966
1742,35,1792,256,1m7p_G3H_B_6401,0,surfdock,0.67975622,1.2115416,3.818855,0,0.98070982,2.5173951
1743,35,13755,1965,5uio_LG3_C_201,0,surfdock,0.69611099,1.2113411,3.9216297,0,0.9928667,2.1326034
1744,35,1785,255,1m7p_G3H_A_5401,0,surfdock,0.68533377,1.2082725,3.872575,0,0.99232306,2.6294998
1745,35,8583,1226,4hon_AKG_B_401,1,unimol,0.66974379,1.2081912,3.2702835,0,0,14.91
1746,35,11964,1709,5fwe_OGA_B_1359,1,unimol,0.66974379,1.2034972,3.3126147,0,0,22.6
1747,35,11957,1708,5fwe_OGA_A_1358,1,unimol,0.66974379,1.2029795,3.317312,0,0.90992515,22.08
1748,35,6623,946,3v1v_GST_A_511,1,unimol,0.66974379,1.2025902,3.3208482,0,0.89578693,19.18
1749,35,8576,1225,4hon_AKG_A_401,1,unimol,0.66974379,1.2009266,3.3359931,0,0,22.82
1750,35,14329,2047,5y8k_SER_B_301,0,surfdock,0.62542997,1.1981778,2.6618767,0,0,2.1955887
1751,35,9681,1383,4pb4_PLP_B_401,0,surfdock,0.59908043,1.1935545,2.6844494,0,0,4.3373632
1752,35,462,66,1ei6_PPF_C_413,0,surfdock,0.52999845,1.1908194,2.1576793,0,0,2.0903972
1753,35,469,67,1ei6_PPF_D_412,0,surfdock,0.52999845,1.1908194,2.1576793,0,0.99636031,2.3249696
1754,36,525,75,1foi_14W_A_810,0,surfdock,0.70978788,1.4365819,2.156919,0,0,2.585746
1755,36,532,76,1foi_14W_B_810,0,surfdock,0.70845126,1.4360425,2.156919,0,0,2.4186603
1756,36,9898,1414,4rg3_ECE_A_603,0,surfdock,0.70584051,1.4331658,2.156919,0,0.39722291,2.1968552
1757,36,17794,2542,8icd_ICT_A_418,0,surfdock,0.67852264,1.4209395,2.156919,0,0.86263823,2.6846625
1758,36,10493,1499,4xz9_G3P_B_302,0,surfdock,0.68139431,1.4068613,2.2495465,0,0.9904519,2.4148418
1759,36,3521,503,1zng_HE4_A_202,0,surfdock,0.69436675,1.3821579,2.436362,0,0.98427394,2.73754
1760,36,11054,1579,5agn_4JK_A_800,1,unimol,0.67270787,1.3529761,2.156919,0,0.95312571,22.58
1761,36,11061,1580,5agn_4JK_B_800,1,unimol,0.67270787,1.3529761,2.156919,0,0.93870554,25.05
1762,36,4739,677,2no7_LDC_B_401,0,surfdock,0.70392943,1.3243026,2.889132,0,0.98605472,6.1809314
1763,36,4732,676,2no7_LDC_A_401,0,surfdock,0.70596563,1.3180318,2.9532015,0,0.99018967,3.3346498
1764,36,8435,1205,4gcq_0JM_B_401,0,surfdock,0.69584159,1.3091421,2.9722404,0,0.00023758942,3.5591604
1765,36,5719,817,2xmi_FLC_A_1379,0,surfdock,0.69056521,1.3059714,2.9848082,0,0,2.8151755
1766,36,84,12,1ajs_PLA_A_415,0,surfdock,0.69023696,1.3033261,3.0036929,0,0.9487998,4.4036433
1767,36,4200,600,2f78_BEZ_B_1005,0,surfdock,0.70491793,1.2844211,3.2120788,0,0.99813612,2.2740306
1768,36,6622,946,3v1v_GST_A_511,0,surfdock,0.65387423,1.2812369,2.156919,0,0.89846807,3.770861
1769,36,13846,1978,5v7y_AKG_B_302,0,surfdock,0.65265317,1.2810571,2.156919,0,0,2.7878618
1770,36,5243,749,2r0g_7CK_B_1357,0,surfdock,0.70334259,1.279935,3.2414069,0,0.99379043,4.2281767
1771,36,4179,597,2f78_BEZ_A_1003,0,surfdock,0.70842399,1.2798292,3.2807043,0,0.039227747,2.1632072
1772,36,4186,598,2f78_BEZ_B_1002,0,surfdock,0.71015227,1.2770875,3.3092852,0,0.99407507,2.3236686
1773,36,4193,599,2f78_BEZ_B_1004,0,surfdock,0.70757398,1.2754062,3.3133833,0,0,2.0549299
1774,36,3297,471,1yik_MM1_A_500,0,surfdock,0.63302246,1.2725167,2.156919,0,0.89632288,2.2840993
1775,36,6013,859,2zce_PYL_A_601,0,surfdock,0.63302246,1.2725167,2.156919,0,0.72339306,3.3358917
1776,36,13006,1858,5lwy_OLB_A_406,0,surfdock,0.63302246,1.2725167,2.156919,0,0,2.7366331
1777,36,749,107,1gxu_2HP_A_1092,0,surfdock,0.54304513,1.2621784,2.156919,0,0.98786244,1.7524364
1778,36,12418,1774,5iav_MLI_B_302,0,surfdock,0.54304298,1.2620885,2.156919,0,0,2.1869781
1779,36,12411,1773,5iav_MLI_A_302,0,surfdock,0.54076511,1.2618188,2.156919,0,0.98892606,2.3652326
1780,36,10402,1486,4x36_CHT_A_409,0,surfdock,0.69658624,1.2616805,3.3648193,0,0.99646917,2.0876424
1781,36,5544,792,2w7k_PLP_A_501,0,surfdock,0.53782959,1.2602905,2.156919,0,0.79909884,3.6759911
1782,37,13370,1910,5r0i_SYV_A_2501,0,surfdock,0.71582564,1.4363011,2.1536613,0,0.99776035,2.1647542
1783,37,12404,1772,5i9m_69K_C_302,0,surfdock,0.71356061,1.4342298,2.1536613,0,0,3.2284362
1784,37,12390,1770,5i9m_69K_A_302,0,surfdock,0.71338479,1.4340497,2.1536613,0,0,3.3454763
1785,37,12397,1771,5i9m_69K_B_302,0,surfdock,0.7131686,1.4337795,2.1536613,0,0.99556728,3.2374378
1786,37,17416,2488,6urx_JMG_A_316,0,surfdock,0.71264274,1.4334193,2.1536613,0,0.99728875,2.4803622
1787,37,294,42,1d6u_PEA_A_2003,0,surfdock,0.70500263,1.4284662,2.1536613,0,0.99015159,2.2509172
1788,37,11053,1579,5agn_4JK_A_800,0,surfdock,0.69248104,1.4242336,2.1536613,0,0,3.0282708
1789,37,14616,2088,5zgr_ZZ7_A_303,0,surfdock,0.6864052,1.4225225,2.1536613,0,0.53211402,3.9350395
1790,37,14623,2089,5zgr_ZZ7_B_303,0,surfdock,0.68424895,1.4221623,2.1536613,0,0.99201471,3.7600689
1791,37,11060,1580,5agn_4JK_B_800,0,surfdock,0.68412006,1.4219822,2.1536613,0,2.7294901e-06,2.9000287
1792,37,14602,2086,5zge_ZZ7_A_301,0,surfdock,0.68260387,1.421622,2.1536613,0,0.37748873,3.6955719
1793,37,1722,246,1lzz_IHG_A_830,0,surfdock,0.67860704,1.4208115,2.1536613,0,0.9916934,2.3244343
1794,37,7987,1141,4d2c_ALA_A_508,0,surfdock,0.70416197,1.4195542,2.2056332,0,0.99307788,5.2703729
1795,37,7098,1014,3wwc_BUA_A_403,0,surfdock,0.70971566,1.4179321,2.2343366,0,0.97680429,2.1917833
1796,37,5558,794,2wdq_CBE_G_1130,0,surfdock,0.71006528,1.4167229,2.2436514,0,0.99426637,3.1055284
1797,37,10486,1498,4xv4_25T_A_303,0,surfdock,0.71823803,1.3956066,2.4156125,0,0.77106562,1.9323441
1798,37,10479,1497,4xv4_25T_A_302,0,surfdock,0.71805874,1.3873367,2.4702303,0,0.99781225,2.100988
1799,37,3598,514,2a1m_CAM_A_1422,0,surfdock,0.71268921,1.3832567,2.4772246,0,0.50253516,2.4235004
1800,37,3500,500,1zk0_SS2_A_1260,0,surfdock,0.70188454,1.3538058,2.6377397,0,0.78316205,2.141506
1801,37,2457,351,1ruk_BEZ_H_601,0,surfdock,0.701864,1.3335533,2.7840815,0,0.99225605,2.3468564
1802,37,12495,1785,5in3_G1P_A_416,0,surfdock,0.71020735,1.3266222,2.8679118,0,0.98500283,2.1236215
1803,37,12502,1786,5in3_G1P_B_418,0,surfdock,0.70884251,1.3254537,2.8679118,0,0,2.9894035
1804,37,2625,375,1t87_CAM_A_1422,0,surfdock,0.71334807,1.3249578,2.8982174,0,0.082516203,2.4687088
1805,37,5999,857,2z6j_TUI_A_501,0,surfdock,0.7001521,1.319879,2.8817332,0,3.3648333e-12,4.5129515
1806,37,16653,2379,6qa7_PLP_A_902,0,surfdock,0.69128582,1.3158432,2.8966482,0,0.99308094,3.2638336
1807,37,15092,2156,6f3s_PLP_A_901,0,surfdock,0.69379975,1.3136005,2.9202507,0,0,3.1908382
1808,37,2632,376,1t87_CAM_B_2422,0,surfdock,0.70667049,1.3130918,2.9549155,0,0.081808415,2.4795974
1809,37,16156,2308,6nbw_LAB_A_403,0,surfdock,0.71640013,1.2950364,3.1508689,0,0,4.0939715
1810,37,14609,2087,5zge_ZZ7_B_302,0,surfdock,0.66730646,1.2833862,2.1536613,0,0,3.7142036
1811,37,17500,2500,6vmz_R3P_C_404,0,surfdock,0.6963731,1.2828669,3.1681144,0,1.4709773e-07,5.4356133
1812,37,2681,383,1thc_FL9_A_131,0,surfdock,0.70922217,1.2784744,3.2447231,0,0.0034077821,1.9204727
1813,37,2576,368,1sjc_SMG_D_1300,0,surfdock,0.69068033,1.2763362,3.210108,0,0,3.2672914
1814,37,2555,365,1sjc_SMG_A_1000,0,surfdock,0.68330818,1.2748021,3.210108,0,0.93247286,3.2808589
1815,37,2471,353,1rvz_NAG_A_3321,0,surfdock,0.6359893,1.2739754,2.1536613,0,2.3336708e-05,2.1828092
1816,37,2821,403,1u18_HSM_B_402,0,surfdock,0.6359893,1.2739754,2.1536613,0,0.99603017,2.2336785
1817,37,3584,512,2a0x_DIH_A_300,0,surfdock,0.6359893,1.2739754,2.1536613,0,0.11576265,3.351094
1818,37,5593,799,2whq_HI6_A_1543,0,surfdock,0.6359893,1.2739754,2.1536613,0,0.0044690692,2.6967645
1819,37,5600,800,2whq_HI6_B_1545,0,surfdock,0.6359893,1.2739754,2.1536613,0,0.00242729,2.8310324
1820,37,6650,950,3vbn_TYD_C_301,0,surfdock,0.6359893,1.2739754,2.1536613,0,0.94415024,4.0591834
1821,37,6657,951,3vbn_TYD_E_301,0,surfdock,0.6359893,1.2739754,2.1536613,0,0.5859874,3.7462994
1822,37,10528,1504,4y6n_3PG_A_402,0,surfdock,0.6359893,1.2739754,2.1536613,0,0.98158737,2.800526
1823,37,12509,1787,5ioq_DUR_B_302,0,surfdock,0.6359893,1.2739754,2.1536613,0,0.00010326938,3.0360627
1824,37,12516,1788,5ioq_DUR_C_302,0,surfdock,0.6359893,1.2739754,2.1536613,0,0.76390532,3.0442516
1825,37,12523,1789,5ioq_DUR_D_302,0,surfdock,0.6359893,1.2739754,2.1536613,0,0,2.9342029
1826,37,15099,2157,6f48_XQB_A_302,0,surfdock,0.6359893,1.2739754,2.1536613,0,0,3.2423775
1827,37,16793,2399,6r4j_GLU_A_704,0,surfdock,0.6359893,1.2739754,2.1536613,0,0,2.4332153
1828,37,15456,2208,6hl9_SIN_B_402,0,surfdock,0.63078845,1.2670861,2.1536613,0,0.98131883,2.3904057
1829,37,16933,2419,6rlt_MLI_B_512,0,surfdock,0.61447913,1.2663656,2.1536613,0,0.98949235,1.9797115
1830,37,16926,2418,6rlt_MLI_B_511,0,surfdock,0.58491778,1.265285,2.1536613,0,0.96251104,2.0659524
1831,37,2562,366,1sjc_SMG_B_1100,0,surfdock,0.68460728,1.2650942,3.2946212,0,0.97844694,3.5033967
1832,38,16499,2357,6pdd_O9S_A_803,0,surfdock,0.7226653,1.4350163,2.1430342,0,0.98388279,4.1660172
1833,38,441,63,1e7h_PLM_A_1007,0,surfdock,0.70981546,1.428783,2.1430342,0,0.99092652,2.7458142
1834,38,1708,244,1lti_GAL_D_104,0,surfdock,0.68781413,1.4242661,2.1430342,0,0.99229857,2.4170301
1835,38,2926,418,1uxi_FUM_A_1311,0,surfdock,0.67634157,1.4217367,2.1430342,0,0,4.379057
1836,38,238,34,1cib_HDA_A_437,0,surfdock,0.68572723,1.4098219,2.2304015,0,0,2.4593843
1837,38,5250,750,2r3d_ACM_A_303,0,surfdock,0.72412986,1.4008665,2.3684876,0,0.72149965,1.895362
1838,38,5083,726,2qb4_LEU_A_601,1,unimol,0.67512393,1.354706,2.1430342,0,0.99314671,24.36
1839,38,10416,1488,4x36_CHT_A_411,0,surfdock,0.68327963,1.349659,2.6306634,0,0.87202325,2.0835108
1840,38,10409,1487,4x36_CHT_A_410,0,surfdock,0.69696313,1.3470543,2.6645589,0,0.95947472,2.1412371
1841,38,8946,1278,4jh6_FCN_A_202,0,surfdock,0.67961681,1.3394973,2.6969543,0,0.99536604,4.3389776
1842,38,5901,843,2yp6_C6W_B_1186,0,surfdock,0.68608208,1.3317999,2.7644978,0,1.2670129e-07,3.0936335
1843,38,16780,2397,6qqs_JCZ_B_301,1,unimol,0.67512393,1.3107105,2.4409435,0,0,16.37
1844,38,16752,2393,6qor_JBK_A_301,1,unimol,0.67512393,1.3106899,2.4410899,0,0.95783462,18.11
1845,38,539,77,1fp2_HMO_A_2000,0,surfdock,0.6798625,1.3088735,2.9276826,0,0,3.4037544
1846,38,3592,513,2a15_NCA_A_1001,1,unimol,0.67512393,1.3068003,2.4687421,0,0.98346168,14.23
1847,38,16745,2392,6qol_JB5_B_301,1,unimol,0.67512393,1.3024381,2.5000219,0,0.99321922,15.59
1848,38,16773,2396,6qqs_JCZ_A_301,1,unimol,0.67512393,1.3011499,2.5093148,0,0,24.78
1849,38,4816,688,2nu7_COA_B_1325,0,surfdock,0.68250718,1.296278,3.0303478,0,0,3.0978386
1850,38,16738,2391,6qol_JB5_A_301,1,unimol,0.67512393,1.2961978,2.5452678,0,0.99184126,18.96
1851,38,2212,316,1pl6_572_B_407,0,surfdock,0.69446575,1.2943545,3.0601091,0,0.62174352,3.0897433
1852,38,3654,522,2ahc_VNL_A_166,0,surfdock,0.72401614,1.2932657,3.1526051,0,0.14034678,2.764443
1853,38,3661,523,2ahc_VNL_B_266,0,surfdock,0.7057633,1.2910302,3.1066086,0,0.99686779,2.9240218
1854,38,3668,524,2ahc_VNL_C_366,0,surfdock,0.72255864,1.2905399,3.1628962,0,0.99217359,2.8607519
1855,38,2219,317,1pl6_572_D_411,0,surfdock,0.70927593,1.289338,3.1262774,0,0,2.9646837
1856,38,2205,315,1pl6_572_A_405,0,surfdock,0.69975542,1.2873811,3.1262774,0,0.66601137,3.1068296
1857,38,9758,1394,4q3a_2YC_B_904,0,surfdock,0.72048492,1.2859418,3.1906204,0,0,3.3306655
1858,38,1134,162,1i8a_BGC_A_189,0,surfdock,0.66675509,1.2855072,2.1430342,0,0.068665263,2.5477066
1859,38,11774,1682,5f35_FLC_A_302,0,surfdock,0.66281977,1.2849652,2.1430342,0,0.97670893,2.9875088
1860,38,9751,1393,4q3a_2YC_A_904,0,surfdock,0.71767866,1.2845641,3.1906204,0,0.86737563,3.3779044
1861,38,7210,1030,3zwt_ORO_A_1398,0,surfdock,0.63800918,1.2832488,2.1430342,0,0.20988912,2.5106986
1862,38,14855,2122,6ba2_7KM_A_809,1,unimol,0.67512393,1.2827999,2.644444,0,0.99520573,19.09
1863,38,273,39,1d3g_ORO_A_399,0,surfdock,0.63314092,1.2769251,2.1430342,0,0.20925065,2.5082207
1864,38,2653,379,1tc2_7HP_B_810,0,surfdock,0.63314092,1.2769251,2.1430342,0,0.99836053,2.2698597
1865,38,3640,520,2agw_TSS_D_3001,0,surfdock,0.63314092,1.2769251,2.1430342,0,0,2.7655606
1866,38,3647,521,2agw_TSS_H_2001,0,surfdock,0.63314092,1.2769251,2.1430342,0,0,2.8338785
1867,38,6272,896,3r3z_GOA_B_305,0,surfdock,0.63314092,1.2769251,2.1430342,0,0.96315003,1.9670818
1868,38,7091,1013,3wwc_BUA_A_402,0,surfdock,0.63314092,1.2769251,2.1430342,0,0,2.1412961
1869,38,3080,440,1w55_GPP_A_1374,0,surfdock,0.57137712,1.2686141,2.1430342,0,0,2.8638979
1870,38,17752,2536,7cne_SIN_A_402,0,surfdock,0.5651215,1.268343,2.1430342,0,0,2.3433013
1871,38,16919,2417,6rlt_MLI_A_508,0,surfdock,0.55879552,1.2681624,2.1430342,0,0.99526779,2.0491514
1872,38,2933,419,1uxi_FUM_B_1311,0,surfdock,0.54051598,1.2673945,2.1430342,0,0.78912487,2.5422915
1873,38,11480,1640,5dnx_5LD_B_201,0,surfdock,0.53833884,1.266717,2.1430342,0,0.98986377,3.0805541
1874,38,12950,1850,5la1_XYP_A_601,0,surfdock,0.63314092,1.2667013,2.2140369,0,0.99594295,2.3817199
1875,38,15435,2205,6hl7_CP_A_401,0,surfdock,0.70834187,1.2650766,3.3259022,0,0.99479686,2.3298442
1876,38,14567,2081,5z9p_AX7_A_301,0,surfdock,0.63314092,1.2649202,2.2265654,0,0.99849684,2.2667711
1877,38,14574,2082,5z9p_AX7_B_301,0,surfdock,0.63314092,1.2649202,2.2265654,0,0.99588736,2.3088622
1878,38,11942,1706,5fuv_THM_B_1385,0,surfdock,0.63314092,1.2647491,2.227771,0,0.97727579,2.2315414
1879,38,16724,2389,6qo4_97T_A_301,1,unimol,0.67512393,1.2607495,2.8139753,0,0.99258974,19.93
1880,38,16731,2390,6qo4_97T_B_301,1,unimol,0.67512393,1.2607495,2.8139753,0,0,14.6
1881,38,12376,1768,5i93_69O_A_202,0,surfdock,0.72205139,1.2562134,3.4518507,0,0.67255295,2.5826563
1882,39,16744,2392,6qol_JB5_B_301,0,surfdock,0.73085469,1.4364422,2.1403937,0,0.00073635277,2.5432824
1883,39,16723,2389,6qo4_97T_A_301,0,surfdock,0.7304572,1.4361703,2.1403937,0,0.33094554,2.729493
1884,39,16737,2391,6qol_JB5_A_301,0,surfdock,0.72998458,1.4358984,2.1403937,0,0.99391945,2.4951829
1885,39,17290,2470,6tog_NQH_A_201,0,surfdock,0.72945793,1.4355359,2.1403937,0,0.97943118,2.6880132
1886,39,16751,2393,6qor_JBK_A_301,0,surfdock,0.70851124,1.4272894,2.1403937,0,0.99854079,2.5831757
1887,39,6559,937,3u1t_MLI_B_350,0,surfdock,0.6987692,1.4252051,2.1403937,0,0.99701817,2.2558361
1888,39,6552,936,3u1t_MLI_A_351,0,surfdock,0.69515952,1.4248426,2.1403937,0,0.99667549,2.1334625
1889,39,9170,1310,4lcq_URQ_A_603,0,surfdock,0.68617638,1.4025325,2.2718947,0,0,2.5490812
1890,39,11074,1582,5aov_GLV_A_1336,0,surfdock,0.68673141,1.3959075,2.3157442,0,0,2.0686473
1891,39,17115,2445,6szl_M3E_B_604,0,surfdock,0.71953265,1.3543857,2.6383619,0,0.34560644,2.842487
1892,39,7371,1053,4ajj_88S_C_1334,0,surfdock,0.7283572,1.3426265,2.7537603,0,0.99264221,3.1753445
1893,39,4747,678,2nos_AGU_A_903,1,unimol,0.67535309,1.3421491,2.2303061,0,0.91290436,20.69
1894,39,14854,2122,6ba2_7KM_A_809,0,surfdock,0.73210906,1.3269117,2.8862896,0,0.99141067,4.2318875
1895,39,2765,395,1toq_AMG_C_502,0,surfdock,0.68932808,1.3258253,2.8078983,0,0,2.567387
1896,39,7511,1073,4b98_PXG_B_470,0,surfdock,0.7264331,1.3042287,3.0353463,0,0,6.2248244
1897,39,3185,455,1x82_PA5_A_301,0,surfdock,0.70416299,1.3041017,2.9875586,0,0.96973567,3.3216708
1898,39,17395,2485,6uqd_QF4_B_501,0,surfdock,0.68887529,1.3040138,2.9726684,0,0,4.6743035
1899,39,1519,217,1kdo_C_A_5407,0,surfdock,0.72066257,1.3023698,3.0311303,0,0.96351685,3.7210304
1900,39,7504,1072,4b98_PXG_A_470,0,surfdock,0.70423275,1.3023031,3.0023305,0,0,4.502666
1901,39,1526,218,1kdo_C_B_6407,0,surfdock,0.7134023,1.2991762,3.0387859,0,0.96329766,3.7271947
1902,39,3578,511,227l_BNZ_A_169,1,unimol,0.67535309,1.289218,2.6014452,0,0.99278316,16.26
1903,39,17206,2458,6t5p_VD8_B_302,0,surfdock,0.72244529,1.2864591,3.165746,0,0,3.4626318
1904,39,17213,2459,6t5p_VD8_D_302,0,surfdock,0.7149172,1.2838526,3.165746,0,0.99554728,3.3310801
1905,39,17654,2522,6ypv_AKG_A_302,0,surfdock,0.70983422,1.2797248,3.1930475,0,0.99691914,2.588406
1906,39,1477,211,1kae_HSO_A_1001,0,surfdock,0.63514857,1.2792591,2.1403937,0,0.97038463,2.5879972
1907,39,1659,237,1lnf_VAL_E_1321,0,surfdock,0.63514857,1.2792591,2.1403937,0,0.98727058,3.211068
1908,39,5341,763,2tmk_ATM_A_217,0,surfdock,0.63514857,1.2792591,2.1403937,0,0.9804427,3.9454085
1909,39,5348,764,2tmk_ATM_B_217,0,surfdock,0.63514857,1.2792591,2.1403937,0,0.99067127,3.9458169
1910,39,16730,2390,6qo4_97T_B_301,0,surfdock,0.63514857,1.2792591,2.1403937,0,0.9439596,2.8150725
1911,39,1120,160,1hsb_ALA_A_1001,0,surfdock,0.63514857,1.2739577,2.1403937,0,0,2.9595683
1912,39,13867,1981,5vjg_0BP_A_403,0,surfdock,0.59100971,1.2718734,2.1403937,0,0.99877021,2.648073
1913,39,3437,491,1zei_CRS_E_55,0,surfdock,0.73197906,1.270808,3.3363798,0,0.99500818,2.0795327
1914,39,11130,1590,5b4o_6DQ_C_201,0,surfdock,0.54017978,1.2700157,2.1403937,0,1.2912694e-06,3.0408666
1915,39,2373,339,1qjc_PNS_B_1163,0,surfdock,0.54017978,1.2696079,2.1403937,0,0.57135051,3.6792356
1916,39,3444,492,1zei_CRS_F_54,0,surfdock,0.72930197,1.269089,3.3401067,0,0.99545588,2.1275344
1917,39,3430,490,1zei_CRS_E_54,0,surfdock,0.72700972,1.2677268,3.3401067,0,0.99604346,2.2079328
1918,39,3416,488,1zei_CRS_B_56,0,surfdock,0.72628775,1.2674412,3.3363798,0,0.99702477,2.231295
1919,39,3409,487,1zei_CRS_A_54,0,surfdock,0.72484119,1.2670226,3.3358457,0,0.99802931,1.6021035
1920,39,3451,493,1zei_CRS_F_55,0,surfdock,0.72650544,1.2668724,3.3433049,0,0.24575348,2.1300459
1921,39,10290,1470,4wca_CIT_A_401,0,surfdock,0.64455099,1.2639105,2.2919161,0,0,2.6219429
1922,39,1575,225,1kuj_MMA_G_504,0,surfdock,0.7135564,1.2628508,3.3393128,0,0,2.7042118
1923,39,17388,2484,6uqd_QF4_A_501,0,surfdock,0.68154745,1.2598361,3.3273299,0,0,4.6175255
1924,39,1561,223,1kuj_MMA_C_502,0,surfdock,0.7032064,1.259652,3.350987,0,0.99014569,2.7220013
1925,39,385,55,1dy3_87Y_A_201,0,surfdock,0.72103098,1.2596452,3.3856099,0,0,3.7817185
1926,39,1568,224,1kuj_MMA_E_503,0,surfdock,0.71020072,1.2577812,3.3803139,0,0.97973905,2.6474568
1927,39,3997,571,2d0e_NQ_A_410,0,surfdock,0.72758706,1.2406229,3.5833375,0,0.99111416,2.4412293
1928,39,10423,1489,4xf0_CYS_A_502,0,surfdock,0.69858902,1.237673,3.5388465,0,0.99501274,2.3204556
1929,39,15449,2207,6hl9_SIN_A_402,0,surfdock,0.54214136,1.2250667,2.469502,0,0,2.3919278
1930,39,14833,2119,6b5k_TYD_B_304,0,surfdock,0.63514857,1.2207951,2.566844,0,0.97336789,2.5916104
1931,39,3675,525,2ahc_VNL_D_466,0,surfdock,0.63514857,1.2203991,2.5699222,0,0.99549928,2.9002167
1932,40,5173,739,2qs2_UBF_A_603,0,surfdock,0.73926064,1.4337861,2.1322711,0,0,3.7279463
1933,40,2541,363,1sff_IK2_C_450,0,surfdock,0.73377094,1.429417,2.1461616,0,0.98606622,4.0639715
1934,40,2121,303,1oxp_IK2_A_411,0,surfdock,0.71588306,1.4281499,2.1322711,0,0.96819645,3.7955199
1935,40,784,112,1h0v_UN4_A_1299,0,surfdock,0.70537005,1.4271499,2.1322711,0,0,5.1399468
1936,40,2996,428,1vkf_CIT_D_503,0,surfdock,0.68556851,1.4224675,2.1487072,0,0.7903452,2.6891382
1937,40,5131,733,2qg6_NMN_A_301,0,surfdock,0.72760691,1.4079641,2.2685695,0,0,3.6988981
1938,40,6601,943,3uud_EST_B_600,0,surfdock,0.7445151,1.3942793,2.3989048,0,0.98162337,3.5459477
1939,40,6594,942,3uud_EST_A_600,0,surfdock,0.73518577,1.3899558,2.3989048,0,0.98777222,3.5493838
1940,40,11095,1585,5av4_GEN_A_400,0,surfdock,0.69437762,1.3529776,2.6098583,0,1.1952507e-06,3.3302101
1941,40,15442,2206,6hl7_CP_C_401,0,surfdock,0.68596609,1.3515719,2.6161203,0,0.92243022,2.3841801
1942,40,6188,884,3qgz_ADN_A_127,0,surfdock,0.73830342,1.3428221,2.7339177,0,0.99129892,3.1236053
1943,40,1995,285,1nsm_GLA_B_2400,0,surfdock,0.70377724,1.2903811,3.0895877,0,0.019248487,2.4858642
1944,40,4690,670,2jav_5Z5_A_1280,0,surfdock,0.64193697,1.282335,2.1322711,0,0,3.6223369
1945,40,16478,2354,6oph_6QB_A_401,0,surfdock,0.64193697,1.282335,2.1322711,0,0,4.565086
1946,40,2415,345,1rf2_BV4_E_105,0,surfdock,0.70091519,1.2784282,3.1835058,0,0,3.4562252
1947,40,2408,344,1rf2_BV4_D_104,0,surfdock,0.69684155,1.2779394,3.1835058,0,0,3.4777054
1948,40,3270,467,1y2x_NAG_C_2144,1,unimol,0.67673662,1.2769515,2.6946523,0,0.89133688,16.43
1949,40,3277,468,1y2x_NAG_D_3144,1,unimol,0.67673662,1.2769515,2.6946523,0,0.96230572,23.45
1950,40,13671,1953,5ud0_13P_B_405,0,surfdock,0.5952846,1.2751533,2.1322711,0,0.99341643,2.5443994
1951,40,2331,333,1q22_AND_A_401,0,surfdock,0.74341175,1.2740559,3.2894325,0,0.97766242,3.3329799
1952,40,4151,593,2f3s_7GP_A_998,0,surfdock,0.54558183,1.273517,2.1322711,0,0.98231946,3.6868836
1953,40,2989,427,1vkf_CIT_C_502,0,surfdock,0.58913347,1.2629218,2.2156532,0,0.92989323,2.7789916
1954,40,4676,668,2j5z_GAL_A_1278,0,surfdock,0.65201531,1.2624862,2.3112459,0,0.9763693,2.3354641
1955,40,8869,1267,4itu_1HS_A_302,0,surfdock,0.54558182,1.2549591,2.2591894,0,7.9335427e-06,4.5421114
1956,40,16051,2293,6mry_FLC_C_102,0,surfdock,0.59211196,1.2273743,2.4752991,0,0.76872413,1.878073
1957,40,13930,1990,5vv0_9OM_A_803,0,surfdock,0.74045058,1.2219979,3.7406907,0,4.6152954e-10,3.1277612
1958,40,8470,1210,4gim_PSU_A_400,0,surfdock,0.65820318,1.2192213,2.6385624,0,0,3.8323785
1959,40,10458,1494,4xpq_FUL_A_1004,0,surfdock,0.63517443,1.21062,2.6147738,0,0.0056294515,2.0062277
1960,41,5082,726,2qb4_LEU_A_601,0,surfdock,0.74699382,1.4365935,2.1317494,0,0.99191571,2.6421194
1961,41,15540,2220,6ho7_GHQ_A_301,0,surfdock,0.74514167,1.4355918,2.1317494,0,0,3.2805673
1962,41,3276,468,1y2x_NAG_D_3144,0,surfdock,0.72609234,1.4300366,2.1317494,0,0.96231023,2.8085134
1963,41,16303,2329,6nsu_DYA_A_402,0,surfdock,0.68512027,1.4261207,2.1317494,0,0,2.5503455
1964,41,112,16,1aog_MAE_A_501,0,surfdock,0.681567,1.4258475,2.1317494,0,0.99516562,2.2007926
1965,41,3269,467,1y2x_NAG_C_2144,0,surfdock,0.67799554,1.4253922,2.1317494,0,0.96157168,2.7757413
1966,41,8197,1171,4e7v_CRS_C_101,0,surfdock,0.74551493,1.3885702,2.4307423,0,0.039583284,3.9563222
1967,41,8239,1177,4e7v_CRS_U_101,0,surfdock,0.74513068,1.3882179,2.4307423,0,0.99700699,2.2591896
1968,41,8232,1176,4e7v_CRS_Q_101,0,surfdock,0.74319316,1.3874253,2.4307423,0,0.99832261,2.0923158
1969,41,8218,1174,4e7v_CRS_M_101,0,surfdock,0.74312596,1.3873372,2.4307423,0,0.99555703,1.5826159
1970,41,8225,1175,4e7v_CRS_O_101,0,surfdock,0.74307836,1.3872492,2.4307423,0,0.9942327,2.2200898
1971,41,8204,1172,4e7v_CRS_I_101,0,surfdock,0.74287572,1.3871611,2.4307423,0,0.9978539,2.2362911
1972,41,8190,1170,4e7v_CRS_A_101,0,surfdock,0.74225479,1.3814234,2.4665992,0,0.99772182,2.1133608
1973,41,11823,1689,5fay_CHT_A_908,0,surfdock,0.72478198,1.3746726,2.4842856,0,0.98010434,2.4180444
1974,41,8303,1186,4ekr_0R0_A_202,1,unimol,0.67783709,1.3587306,2.1317494,0,0.99177384,22.58
1975,41,8310,1187,4ekr_0R0_A_203,1,unimol,0.67783709,1.3587306,2.1317494,0,0.94166089,20.78
1976,41,10438,1491,4xp2_TT4_A_401,1,unimol,0.67783709,1.3587306,2.1317494,0,0.98063021,19.14
1977,41,14806,2115,6ayv_F6P_A_401,1,unimol,0.67783709,1.3587306,2.1317494,0,0.8748753,20.24
1978,41,14813,2116,6ayv_F6P_B_401,1,unimol,0.67783709,1.3587306,2.1317494,0,0.89550451,20.25
1979,41,5460,780,2vjb_CCD_A_1540,0,surfdock,0.73267439,1.3455553,2.6945839,0,0,2.4973902
1980,41,15400,2200,6gl4_GLU_A_301,0,surfdock,0.64079936,1.2887906,2.1317494,0,0,2.676258
1981,41,17360,2480,6u6c_P1T_F_805,0,surfdock,0.64079936,1.2887906,2.1317494,0,0,4.087873
1982,41,105,15,1aog_MAE_A_500,0,surfdock,0.6392521,1.2837818,2.1317494,0,0,2.3488039
1983,41,1309,187,1j3k_UMP_C_611,0,surfdock,0.6392521,1.2837818,2.1317494,0,0.98438715,3.6307775
1984,41,1316,188,1j3k_UMP_D_711,0,surfdock,0.6392521,1.2837818,2.1317494,0,0.9814067,3.4910235
1985,41,9275,1325,4m72_M72_A_402,0,surfdock,0.6392521,1.2837818,2.1317494,0,0,2.8299406
1986,41,9282,1326,4m72_M72_B_402,0,surfdock,0.6392521,1.2837818,2.1317494,0,0,2.9043785
1987,41,13874,1982,5vka_AKG_A_402,0,surfdock,0.6392521,1.2837818,2.1317494,0,0.99425499,2.6465563
1988,41,14007,2001,5w5t_9X7_D_508,0,surfdock,0.6392521,1.2837818,2.1317494,0,0,2.4067867
1989,41,12894,1842,5kts_CIZ_A_402,0,surfdock,0.63924113,1.278682,2.1317494,0,0,2.5460426
1990,41,15736,2248,6jyg_FLC_C_401,0,surfdock,0.5607604,1.2763143,2.1317494,0,0.99005395,2.9761095
1991,41,11179,1597,5bwr_4VT_A_402,0,surfdock,0.54325585,1.2751304,2.1317494,0,0,3.2322174
1992,41,6818,974,3w4i_8LG_C_402,0,surfdock,0.6392521,1.2463579,2.3949652,0,0.99651356,2.7762108
1993,41,6825,975,3w4i_8LG_D_402,0,surfdock,0.6392521,1.2463579,2.3949652,0,0.98985977,2.1518189
1994,41,3325,475,1z11_8MO_A_501,0,surfdock,0.71523887,1.2456946,3.4696343,0,0.97855457,3.1553193
1995,41,14826,2118,6b5k_TYD_A_304,0,surfdock,0.6392521,1.2442836,2.4101839,0,0.94791251,3.8337928
1996,41,6811,973,3w4i_8LG_B_402,0,surfdock,0.6392521,1.243963,2.4125419,0,0.34595657,2.161602
1997,41,16331,2333,6o04_DNA_B_601,0,surfdock,0.74802995,1.2427936,3.5610716,0,0.0005838815,3.0270392
1998,41,16324,2332,6o04_DNA_A_601,0,surfdock,0.74548515,1.2420059,3.5610716,0,6.0293111e-05,3.0388671
1999,41,3346,478,1z11_8MO_D_501,0,surfdock,0.72046092,1.2413675,3.515837,0,0.99423373,2.9986612
2000,41,3339,477,1z11_8MO_C_501,0,surfdock,0.71702872,1.2408138,3.515837,0,0.98998631,3.0708971
2001,41,3332,476,1z11_8MO_B_501,0,surfdock,0.70011771,1.2395482,3.515837,0,0.97544795,2.9342403
2002,41,12145,1735,5h5k_C5P_B_203,0,surfdock,0.73899847,1.2394184,3.5623834,0,0.98619093,3.5220093
2003,41,10605,1515,4z2w_AKG_A_401,0,surfdock,0.66665007,1.2393723,2.4929729,0,0.99517206,2.5862603
2004,41,12138,1734,5h5k_C5P_A_206,0,surfdock,0.73482176,1.2384731,3.5623834,0,0,3.4938675
2005,41,735,105,1gsi_TMP_A_1210,0,surfdock,0.6392521,1.2382788,2.4546311,0,0.97981491,3.8479637
2006,41,16338,2334,6o04_DNA_D_603,0,surfdock,0.74607248,1.2346166,3.6302583,0,0.00058579621,2.9471353
2007,41,1890,270,1n5i_TMP_A_217,0,surfdock,0.6392521,1.2329754,2.4943755,0,0.98863951,3.6620313
2008,41,49,7,1aia_PMP_A_411,0,surfdock,0.54241743,1.2082867,2.1317494,0,0.21621794,3.3163292
2009,41,56,8,1aia_PMP_B_411,0,surfdock,0.54241743,1.2082867,2.1317494,0,0.2344142,3.3198868
2010,42,6062,866,2zm9_ACA_A_501,0,surfdock,0.75328288,1.4374877,2.1308029,0,0,3.3717546
2011,42,10437,1491,4xp2_TT4_A_401,0,surfdock,0.74900002,1.4341076,2.1308029,0,0,2.4336346
2012,42,15001,2143,6dqt_LEU_B_1,0,surfdock,0.70693267,1.4283521,2.1308029,0,0.99303874,3.3802207
2013,42,6202,886,3qhd_CTN_A_165,0,surfdock,0.70276128,1.4235357,2.1584706,0,0.98127813,2.8603165
2014,42,13041,1863,5m0t_AKG_B_302,0,surfdock,0.71170697,1.4139184,2.2217889,0,0.99435051,2.8556848
2015,42,3577,511,227l_BNZ_A_169,0,surfdock,0.75751462,1.3664134,2.5991509,0,0.99736557,2.0535917
2016,42,17326,2475,6tt4_BMA_C_3,1,unimol,0.67819989,1.3599721,2.1308029,0,0,19.99
2017,42,14812,2116,6ayv_F6P_B_401,0,surfdock,0.68935924,1.3492664,2.6416013,0,0.97666965,3.128503
2018,42,210,30,1ca7_ENO_B_601,0,surfdock,0.73488283,1.3490514,2.6687908,0,0.97789674,2.7820449
2019,42,1652,236,1lfw_AEP_A_683,0,surfdock,0.74058153,1.2941101,3.0860274,0,0,3.3151864
2020,42,2443,349,1rnd_DGP_A_126,0,surfdock,0.64383993,1.2908613,2.1308029,0,0,3.1727591
2021,42,7,1,19gs_BSP_B_210,0,surfdock,0.75454647,1.2865342,3.1928675,0,0.0053721136,2.3537169
2022,42,7525,1075,4bbx_LKF_A_1760,0,surfdock,0.64226018,1.2863391,2.1308029,0,0.97978534,4.0638881
2023,42,17745,2535,7c7g_FJR_A_402,0,surfdock,0.64226018,1.2863391,2.1308029,0,0.99076541,3.57108
2024,42,0,0,19gs_BSP_A_210,0,surfdock,0.75246261,1.2858803,3.1928675,0,0.007388756,2.2639736
2025,42,13699,1957,5uda_CAE_A_502,0,surfdock,0.5451975,1.2786652,2.1308029,0,0.47926931,2.1651436
2026,42,11460,1637,5dne_ASN_A_601,1,unimol,0.67819989,1.2740294,2.728946,0,0.98411263,21.5
2027,42,637,91,1g72_PQQ_C_703,0,surfdock,0.64383993,1.2721585,2.2606735,0,7.0264733e-06,3.9703358
2028,42,11467,1638,5dne_ASN_C_601,1,unimol,0.67819989,1.2700132,2.7596188,0,0.98503793,27.63
2029,42,12957,1851,5la2_ARB_B_606,0,surfdock,0.64226018,1.2638018,2.2862179,0,0,2.116045
2030,42,3249,464,1xny_BTN_A_5602,1,unimol,0.67819989,1.2619522,2.8219926,0,0.88526479,29.52
2031,42,3591,513,2a15_NCA_A_1001,0,surfdock,0.75098381,1.2608006,3.4006526,0,0.94465878,2.5361327
2032,42,13895,1985,5vrj_R07_A_204,0,surfdock,0.5451975,1.2563242,2.2857783,0,0,4.5797791
2033,42,3256,465,1xny_BTN_B_5602,1,unimol,0.67819989,1.2513429,2.9057727,0,0.96439152,20
2034,42,6356,908,3rop_NCA_B_302,0,surfdock,0.64225709,1.2454565,2.3868887,0,0.0029048687,2.2169937
2035,42,6349,907,3rop_NCA_A_302,0,surfdock,0.64225859,1.2453716,2.3881571,0,0.9264634,2.2395928
2036,42,14259,2037,5xsm_8EO_A_705,0,surfdock,0.64226018,1.2383202,2.47122,0,0.96814297,4.0302039
2037,42,12012,1716,5g44_SWX_A_1511,0,surfdock,0.73189523,1.2371203,3.5632427,0,1.3399904e-05,2.8507837
2038,42,14805,2115,6ayv_F6P_A_401,0,surfdock,0.67490599,1.2298138,2.5788877,0,0,4.5121928
2039,42,7567,1081,4buf_F36_A_2162,0,surfdock,0.64226018,1.2261802,2.5630519,0,0.97707337,3.5109731
2040,42,7574,1082,4buf_F36_B_2162,0,surfdock,0.64226018,1.2261802,2.5630519,0,0.97541797,3.5315585
2041,42,2338,334,1q3a_NGH_B_479,0,surfdock,0.72996603,1.2251376,3.6699781,0,0.96675714,3.7231677
2042,42,17633,2519,6yaw_P9H_A_301,0,surfdock,0.72955305,1.2150919,3.7627273,0,0,4.5990635
2043,42,161,23,1bit_BEN_A_246,0,surfdock,0.54467343,1.2117926,2.1308029,0,0.97175269,2.2913345
2044,42,476,68,1eow_U2G_A_130,0,surfdock,0.54467343,1.2117926,2.1308029,0,0,3.1242892
2045,42,490,70,1eyw_TEN_A_403,0,surfdock,0.54467343,1.2117926,2.1308029,0,0.98636349,2.853019
2046,42,819,117,1h18_PYR_B_1001,0,surfdock,0.54467343,1.2117926,2.1308029,0,0,1.6093919
2047,42,1484,212,1kar_HSM_A_502,0,surfdock,0.54467343,1.2117926,2.1308029,0,0.0014684532,4.3518207
2048,42,1687,241,1lqp_FCN_B_4003,0,surfdock,0.54467343,1.2117926,2.1308029,0,0,2.1695455
2049,42,2142,306,1p5g_G6P_X_658,0,surfdock,0.54467343,1.2117926,2.1308029,0,0.98534318,3.2452017
2050,42,2695,385,1tiw_TFB_A_2002,0,surfdock,0.54467343,1.2117926,2.1308029,0,0.62811862,2.1351296
2051,42,3136,448,1x09_IPE_A_902,0,surfdock,0.54467343,1.2117926,2.1308029,0,0.90629933,2.9396694
2052,42,3171,453,1x7j_GEN_A_201,0,surfdock,0.54467343,1.2117926,2.1308029,0,0.99605635,3.7463858
2053,42,3178,454,1x7j_GEN_B_202,0,surfdock,0.54467343,1.2117926,2.1308029,0,0,3.7543114
2054,42,3199,457,1x8x_TYR_A_952,0,surfdock,0.54467343,1.2117926,2.1308029,0,0.99166536,3.4008353
2055,42,3248,464,1xny_BTN_A_5602,0,surfdock,0.54467343,1.2117926,2.1308029,0,0.96277469,2.948387
2056,42,3255,465,1xny_BTN_B_5602,0,surfdock,0.54467343,1.2117926,2.1308029,0,0.96483152,3.0385476
2057,42,3717,531,2b3f_GAL_A_3310,0,surfdock,0.54467343,1.2117926,2.1308029,0,0,2.761161
2058,42,3724,532,2b3f_GAL_B_3311,0,surfdock,0.54467343,1.2117926,2.1308029,0,0.98877692,2.6673716
2059,42,3731,533,2b3f_GAL_C_3312,0,surfdock,0.54467343,1.2117926,2.1308029,0,0,2.6916327
2060,43,9961,1423,4rql_SNE_A_505,0,surfdock,0.68946002,1.3917305,2.3495591,0,0.99305665,2.5333557
2061,43,2646,378,1t93_FLV_A_432,0,surfdock,0.75581747,1.3057774,3.0277433,0,0.99533845,2.8296121
2062,43,2639,377,1t93_FLV_A_431,0,surfdock,0.74793632,1.3008929,3.0314276,0,0.99121425,2.4505273
2063,43,3290,470,1y8j_STS_A_900,0,surfdock,0.64107973,1.2879045,2.1297948,0,0.87107372,3.3909367
2064,43,12880,1840,5kjz_PCG_A_401,0,surfdock,0.64107973,1.2879045,2.1297948,0,0.9532402,3.673476
2065,43,17325,2475,6tt4_BMA_C_3,0,surfdock,0.64107973,1.2879045,2.1297948,0,0,4.826324
2066,43,9968,1424,4rql_SNE_B_502,0,surfdock,0.64107973,1.2562942,2.3495591,0,0.98532899,2.4517022
2067,43,196,28,1c3s_SHH_A_952,0,surfdock,0.69826464,1.2512901,3.4083159,0,0.96309139,3.370947
2068,43,11732,1676,5eso_ISC_B_602,0,surfdock,0.64107973,1.2425946,2.4495304,0,0,3.1666127
2069,43,4214,602,2fcu_AKG_A_897,0,surfdock,0.74939819,1.2374529,3.5899019,0,0.9939544,2.7548233
2070,43,7623,1089,4bz6_SHH_D_700,0,surfdock,0.71261254,1.2372433,3.537461,0,0.98935604,3.1955538
2071,43,7609,1087,4bz6_SHH_B_700,0,surfdock,0.73295696,1.233841,3.5825033,0,0.97872213,3.3909103
2072,43,7616,1088,4bz6_SHH_C_700,0,surfdock,0.72949237,1.2335246,3.5825033,0,0.93851565,3.245294
2073,43,17199,2457,6t5p_VD8_A_302,0,surfdock,0.68845075,1.2306338,3.587219,0,0.99121313,3.3118705
2074,43,7588,1084,4bux_F35_A_2166,0,surfdock,0.64107973,1.2238924,2.5909433,0,0.81415458,4.0480421
2075,43,259,37,1cq1_BGC_A_455,0,surfdock,0.54340118,1.215,2.1297948,0,0.11433033,2.2947047
2076,43,266,38,1cq1_BGC_B_455,0,surfdock,0.54340118,1.215,2.1297948,0,0.66765475,2.4181228
2077,43,826,118,1h1i_QUE_A_1358,0,surfdock,0.54340118,1.215,2.1297948,0,0.99344516,3.9081627
2078,43,833,119,1h1i_QUE_C_1358,0,surfdock,0.54340118,1.215,2.1297948,0,0,3.7784095
2079,43,840,120,1h1i_QUE_D_1357,0,surfdock,0.54340118,1.215,2.1297948,0,0.99102434,3.9360502
2080,43,847,121,1h1m_KMP_A_1360,0,surfdock,0.54340118,1.215,2.1297948,0,0,3.7219702
2081,43,854,122,1h1m_KMP_B_1358,0,surfdock,0.54340118,1.215,2.1297948,0,0,3.8214154
2082,43,861,123,1h1m_KMP_C_1358,0,surfdock,0.54340118,1.215,2.1297948,0,0,3.8149461
2083,43,1673,239,1lqp_FCN_A_4002,0,surfdock,0.54340118,1.215,2.1297948,0,0.99596532,2.2907317
2084,43,1897,271,1ne4_RP1_A_401,0,surfdock,0.54340118,1.215,2.1297948,0,0.9695519,3.6174853
2085,43,1904,272,1ne4_RP1_A_601,0,surfdock,0.54340118,1.215,2.1297948,0,0,3.7086809
2086,43,1911,273,1nf0_13P_A_5001,0,surfdock,0.54340118,1.215,2.1297948,0,0.99053029,2.6340857
2087,43,1918,274,1nf0_13P_B_1150,0,surfdock,0.54340118,1.215,2.1297948,0,0,2.6236737
2088,43,1960,280,1now_IFG_B_558,0,surfdock,0.54340118,1.215,2.1297948,0,0.98726233,2.786253
2089,43,2100,300,1om5_INE_B_791,0,surfdock,0.54340118,1.215,2.1297948,0,0.17961588,2.7140175
2090,43,2450,350,1rqh_PYR_A_602,0,surfdock,0.54340118,1.215,2.1297948,0,0.47410252,2.0865225
2091,43,2513,359,1s6h_4BZ_A_1,0,surfdock,0.54340118,1.215,2.1297948,0,0.99692146,2.4632676
2092,43,2961,423,1v5y_4HC_A_1455,0,surfdock,0.54340118,1.215,2.1297948,0,0.99504592,2.2505401
2093,43,2968,424,1v5y_4HC_B_1201,0,surfdock,0.54340118,1.215,2.1297948,0,0.0021852445,2.2899606
2094,43,3213,459,1xid_ASC_A_389,0,surfdock,0.54340118,1.215,2.1297948,0,0.9912334,2.61429
2095,43,4263,609,2fr6_CTN_A_1001,0,surfdock,0.54340118,1.215,2.1297948,0,0.97399279,3.3069241
2096,43,4270,610,2fr6_CTN_C_1003,0,surfdock,0.54340118,1.215,2.1297948,0,0.99263193,3.9908025
2097,43,4277,611,2fr6_CTN_D_1004,0,surfdock,0.54340118,1.215,2.1297948,0,0.99356225,3.3631786
2098,43,4284,612,2fr6_URI_B_1002,0,surfdock,0.54340118,1.215,2.1297948,0,0,3.3668069
2099,43,4417,631,2gue_NAG_B_122,0,surfdock,0.54340118,1.215,2.1297948,0,0,2.604705
2100,43,4620,660,2ixi_TYD_A_1182,0,surfdock,0.54340118,1.215,2.1297948,0,0,3.4345686
2101,43,4627,661,2ixi_TYD_B_1182,0,surfdock,0.54340118,1.215,2.1297948,0,0.97950715,3.6727482
2102,43,5222,746,2qx9_ML2_A_233,0,surfdock,0.54340118,1.215,2.1297948,0,0,2.9702857
2103,43,5922,846,2z26_DOR_A_1410,0,surfdock,0.54340118,1.215,2.1297948,0,0,2.557549
2104,43,6020,860,2zgw_ADN_B_1302,0,surfdock,0.54340118,1.215,2.1297948,0,0.36922621,3.2594951
2105,43,6608,944,3v1m_HPK_A_288,0,surfdock,0.54340118,1.215,2.1297948,0,0,3.2950987
2106,43,6860,980,3w8x_FTK_A_601,0,surfdock,0.54340118,1.215,2.1297948,0,1.1143835e-07,3.3756407
2107,43,6867,981,3w8x_FTK_B_601,0,surfdock,0.54340118,1.215,2.1297948,0,0,3.9395112
2108,43,7539,1077,4bdr_KAI_B_900,0,surfdock,0.54340118,1.215,2.1297948,0,0.92350269,3.2464683
2109,43,7903,1129,4crg_J4X_A_1493,0,surfdock,0.54340118,1.215,2.1297948,0,0,3.9060725
2110,44,5145,735,2qhv_OC9_A_1001,0,surfdock,0.7615853,1.4356158,2.1322045,0,0.9896149,2.8676035
2111,44,14287,2041,5xvv_AKG_C_504,0,surfdock,0.73305053,1.4202263,2.1727979,0,0.98379346,2.6807016
2112,44,8302,1186,4ekr_0R0_A_202,0,surfdock,0.76696696,1.4135157,2.276119,0,0.9971705,2.5520904
2113,44,14273,2039,5xvv_AKG_A_508,0,surfdock,0.75418247,1.4058854,2.3043919,0,0,2.6650077
2114,44,224,32,1cdk_MYR_B_403,0,surfdock,0.68615163,1.2893991,3.0693617,0,0.9745238,2.3054236
2115,44,2660,380,1tf8_TRP_A_911,0,surfdock,0.64228064,1.2884227,2.1322045,0,0,2.1431558
2116,44,7518,1074,4b98_PXG_D_470,0,surfdock,0.64228064,1.2884227,2.1322045,0,0.99305579,4.3619536
2117,44,13174,1882,5nh9_XLS_B_503,0,surfdock,0.64228064,1.2884227,2.1322045,0,0,2.6830299
2118,44,13237,1891,5o3f_9HT_A_501,0,surfdock,0.64228064,1.2884227,2.1322045,0,0,4.3465242
2119,44,14770,2110,6acn_TRC_A_899,0,surfdock,0.63301117,1.2838257,2.1322045,0,0.93096665,5.6424195
2120,44,16044,2292,6mry_FLC_B_101,0,surfdock,0.60432459,1.2830902,2.1322045,0,0.81909782,2.889825
2121,44,14413,2059,5yb7_ORN_D_603,0,surfdock,0.54504909,1.281941,2.1322045,0,0.9779181,2.5713
2122,44,14280,2040,5xvv_AKG_B_506,0,surfdock,0.64228064,1.2785378,2.1992474,0,0,2.6189231
2123,44,2828,404,1u1g_BBB_A_3300,0,surfdock,0.75049467,1.2777076,3.2278185,0,0,4.4793731
2124,44,2842,406,1u1g_BBB_C_5300,0,surfdock,0.75955068,1.2770528,3.2488222,0,0,4.4417145
2125,44,2835,405,1u1g_BBB_B_4300,0,surfdock,0.74081997,1.2689817,3.2608716,0,0,4.4001362
2126,44,2849,407,1u1g_BBB_D_6300,0,surfdock,0.73896197,1.2687365,3.2608716,0,0,4.5223036
2127,44,2597,371,1sz6_NAG_B_5001,0,surfdock,0.72868322,1.2602964,3.325191,0,7.7799723e-05,2.6207427
2128,44,16639,2377,6q4y_MAN_A_402,0,surfdock,0.64228064,1.2586798,2.3382487,0,0.0028326016,2.5256126
2129,44,8309,1187,4ekr_0R0_A_203,0,surfdock,0.73069612,1.2577865,3.3479936,0,0.0064548937,1.9321276
2130,44,16646,2378,6q4y_MAN_B_402,0,surfdock,0.64228064,1.2564793,2.3540184,0,0.091252207,2.461898
2131,44,2604,372,1sz6_NAG_B_5002,0,surfdock,0.75054777,1.2494696,3.4690616,0,0,2.5897028
2132,44,2667,381,1tf8_TRP_A_913,0,surfdock,0.64228064,1.2480631,2.415029,0,0,3.5147696
2133,44,5656,808,2x05_X05_A_1900,0,surfdock,0.64228064,1.2345793,2.5151405,0,0.98629595,2.6149212
2134,44,16065,2295,6mry_FLC_K_101,0,surfdock,0.61186283,1.226609,2.5381927,0,0.98904505,2.8908529
2135,44,5663,809,2x05_X05_B_1900,0,surfdock,0.64228064,1.2259987,2.5804129,0,0,2.5883987
2136,44,16058,2294,6mry_FLC_I_102,0,surfdock,0.61818836,1.2225704,2.5697639,0,0,2.7492009
2137,44,13419,1917,5syi_NIZ_B_805,0,surfdock,0.67165445,1.2207079,2.6572092,0,0.95171259,2.4076129
2138,45,17620,2517,6y4f_GLU_A_202,1,unimol,0.67619015,1.31045,2.4626856,0,0,18.33
2139,45,9086,1298,4kwk_CSS_A_302,0,surfdock,0.63663266,1.2898047,2.1324704,0,0,2.5109496
2140,45,8905,1272,4ixw_IXW_B_302,1,unimol,0.67619015,1.2822072,2.6669736,0,0.8743118,20.83
2141,45,8898,1271,4ixw_IXW_A_302,1,unimol,0.67619015,1.2804396,2.6801691,0,0,24.57
2142,45,4445,635,2gyw_OBI_A_952,0,surfdock,0.75749066,1.2327262,3.6332445,0,0.98696586,3.7537951
2143,45,2905,415,1um4_SH4_H_1001,0,surfdock,0.53920133,1.2193462,2.1324704,0,0.95339115,3.7760069
2144,45,3570,510,1zwp_NIM_A_401,0,surfdock,0.53920133,1.2193462,2.1324704,0,0.9545907,3.0276443
2145,45,4291,613,2fu9_MP2_A_1410,0,surfdock,0.53920133,1.2193462,2.1324704,0,0.98379741,3.3610752
2146,45,4298,614,2fu9_MP2_B_2410,0,surfdock,0.53920133,1.2193462,2.1324704,0,0.93812531,3.4614226
2147,45,4529,647,2i1v_FDP_B_710,0,surfdock,0.53920133,1.2193462,2.1324704,0,0,3.6652548
2148,45,4634,662,2iyq_SKM_A_201,0,surfdock,0.53920133,1.2193462,2.1324704,0,0.94684248,2.6745464
2149,45,6293,899,3r51_MMA_A_200,0,surfdock,0.53920133,1.2193462,2.1324704,0,0.97276311,2.6289074
2150,45,6307,901,3ro7_TDR_A_300,0,surfdock,0.53920133,1.2193462,2.1324704,0,0,2.2216026
2151,45,6440,920,3sru_Q26_X_169,0,surfdock,0.53920133,1.2193462,2.1324704,0,0,4.4777316
2152,45,6503,929,3tky_N7I_C_369,0,surfdock,0.53920133,1.2193462,2.1324704,0,0.98277996,2.8447622
2153,45,8897,1271,4ixw_IXW_A_302,0,surfdock,0.53920133,1.2193462,2.1324704,0,0.96004684,2.6128794
2154,45,8904,1272,4ixw_IXW_B_302,0,surfdock,0.53920133,1.2193462,2.1324704,0,0.00090207446,2.5020497
2155,45,9065,1295,4kqx_HIO_A_402,0,surfdock,0.53920133,1.2193462,2.1324704,0,0.81156222,2.644021
2156,45,9072,1296,4kqx_HIO_B_401,0,surfdock,0.53920133,1.2193462,2.1324704,0,0.80305821,2.7135876
2157,45,9695,1385,4pik_MAN_A_501,0,surfdock,0.53920133,1.2193462,2.1324704,0,0,2.4636457
2158,45,9702,1386,4pik_MAN_A_502,0,surfdock,0.53920133,1.2193462,2.1324704,0,0.9902741,2.4330103
2159,45,9709,1387,4pik_MAN_B_503,0,surfdock,0.53920133,1.2193462,2.1324704,0,0,2.4944872
2160,45,9716,1388,4pik_MAN_C_503,0,surfdock,0.53920133,1.2193462,2.1324704,0,0.76768728,2.5434219
2161,45,9723,1389,4pik_MAN_D_503,0,surfdock,0.53920133,1.2193462,2.1324704,0,0,2.4570805
2162,45,9730,1390,4ptx_BGC_A_501,0,surfdock,0.53920133,1.2193462,2.1324704,0,0.99132429,2.5461298
2163,45,9737,1391,4ptx_BGC_B_501,0,surfdock,0.53920133,1.2193462,2.1324704,0,0.9378411,2.6319813
2164,45,10038,1434,4tyv_BGC_B_701,0,surfdock,0.53920133,1.2193462,2.1324704,0,0.0043567237,2.6558123
2165,45,10346,1478,4ws2_6UA_A_303,0,surfdock,0.53920133,1.2193462,2.1324704,0,0.11268026,2.2646028
2166,45,12320,1760,5i0m_UMP_A_201,0,surfdock,0.53920133,1.2193462,2.1324704,0,0.98195797,3.4189059
2167,45,14322,2046,5y8k_SER_A_301,0,surfdock,0.53920133,1.2193462,2.1324704,0,0,2.2266843
2168,45,15554,2222,6hqr_3DM_A_502,0,surfdock,0.53920133,1.2193462,2.1324704,0,0.99658488,2.7735888
2169,45,17178,2454,6t0m_GOZ_A_305,0,surfdock,0.53920133,1.2193462,2.1324704,0,0,4.0504953
2170,45,17514,2502,6vo2_R67_B_403,0,surfdock,0.53920133,1.2193462,2.1324704,0,0,2.6291521
2171,45,17556,2508,6x9d_HYP_A_2002,0,surfdock,0.53920133,1.2193462,2.1324704,0,0.97339818,2.4746377
2172,45,17619,2517,6y4f_GLU_A_202,0,surfdock,0.53920133,1.2193462,2.1324704,0,0.95041491,2.3932388
2173,45,17738,2534,7bzm_GIM_B_501,0,surfdock,0.53920133,1.2193462,2.1324704,0,0,2.8959662
2174,45,16289,2327,6nnn_G1P_A_503,0,surfdock,0.53920133,1.2190461,2.1345966,0,0,3.0251333
2175,45,8092,1156,4do1_ANN_A_502,0,surfdock,0.53920133,1.2180671,2.1415439,0,0.99576008,2.5992281
2176,45,8106,1158,4do1_ANN_C_502,0,surfdock,0.53920133,1.2180671,2.1415439,0,0.99806827,2.5930361
2177,45,7476,1068,4b1f_KRH_B_1257,0,surfdock,0.53920133,1.2177461,2.1438262,0,0,4.4550356
2178,45,6489,927,3tky_N7I_A_369,0,surfdock,0.53920133,1.2166353,2.1517324,0,0,3.4385866
2179,45,7469,1067,4b1f_KRH_A_1256,0,surfdock,0.53920133,1.2151329,2.1624582,0,0.9184049,4.6217898
2180,45,13069,1867,5m66_ADN_B_502,0,surfdock,0.53920133,1.2144848,2.1670949,0,0.99174247,3.4764264
2181,45,7056,1008,3wug_XYP_C_2,0,surfdock,0.53920133,1.2129298,2.1782484,0,0.24022558,2.1871986
2182,45,11172,1596,5bwd_FUM_A_901,0,surfdock,0.53920133,1.2127613,2.1794603,0,0.025442201,2.1630365
2183,45,13062,1866,5m66_ADN_A_502,0,surfdock,0.53920133,1.2119207,2.185508,0,0.98782215,3.4935027
2184,45,12355,1765,5i5t_67X_B_402,0,surfdock,0.53920133,1.2119086,2.1855946,0,0.99593959,3.0629267
2185,45,12348,1764,5i5t_67X_A_402,0,surfdock,0.53920133,1.2116615,2.1873741,0,0.96197103,3.0057838
2186,45,13083,1869,5m66_ADN_D_502,0,surfdock,0.53920133,1.211057,2.1917338,0,0.98273753,3.5209557
2187,45,6125,875,2zvq_1NP_X_501,0,surfdock,0.53920133,1.2093651,2.203964,0,0.18870299,2.3296509
2188,46,10710,1530,4zdz_TPF_A_602,0,surfdock,0.76725117,1.4341945,2.1363199,0,3.7063607e-05,3.5360156
2189,46,11795,1685,5faj_DCS_B_401,0,surfdock,0.74505345,1.430591,2.1363199,0,0,3.9999139
2190,46,11802,1686,5faj_DCS_C_401,0,surfdock,0.73593289,1.4241231,2.1363199,0,0,3.8692547
2191,46,11788,1684,5faj_DCS_A_401,0,surfdock,0.73295092,1.4239383,2.1363199,0,0,3.969093
2192,46,5516,788,2vzu_PNJ_B_1904,0,surfdock,0.72214031,1.3757323,2.4373035,0,0.99140071,3.3208998
2193,46,11977,1711,5g09_6DF_B_1474,0,surfdock,0.7537756,1.3518147,2.6550362,0,0.98969785,4.1698878
2194,46,17493,2499,6vmz_R3P_A_404,0,surfdock,0.69365618,1.3169929,2.8390734,0,0,3.3416914
2195,46,7875,1125,4cmk_FQW_C_1270,0,surfdock,0.70582353,1.3118896,2.8799376,0,0.95793718,3.8316107
2196,46,1190,170,1iri_E4P_D_604,0,surfdock,0.75417053,1.3054353,2.9985998,0,0.99168967,2.8925561
2197,46,1183,169,1iri_E4P_C_603,0,surfdock,0.74585629,1.3046771,2.9985998,0,0.99298605,2.9215186
2198,46,7455,1065,4b1f_DGL_A_1257,0,surfdock,0.75994119,1.3034019,3.0222316,0,0.0014380996,2.895579
2199,46,7462,1066,4b1f_DGL_B_1256,0,surfdock,0.75927178,1.3032338,3.0222316,0,0.0023638514,2.6219227
2200,46,6258,894,3qxx_8AC_A_221,0,surfdock,0.75407128,1.2920489,3.1030815,0,0.9584796,2.5159338
2201,46,3059,437,1w3t_3GR_C_1297,0,surfdock,0.63780957,1.2897309,2.1363199,0,0.57352286,2.2587825
2202,46,7812,1116,4clo_XP0_B_1270,0,surfdock,0.63780957,1.2897309,2.1363199,0,0,3.1826774
2203,46,9765,1395,4q3a_2YC_C_904,0,surfdock,0.63780957,1.2897309,2.1363199,0,0.92837893,3.5834887
2204,46,9772,1396,4q3a_2YC_D_904,0,surfdock,0.63780957,1.2897309,2.1363199,0,0.95388296,3.490207
2205,46,13741,1963,5uio_LG3_A_201,0,surfdock,0.63780957,1.2897309,2.1363199,0,0.9922251,2.1984508
2206,46,7959,1137,4d06_NAR_F_302,0,surfdock,0.62771644,1.2854344,2.1363199,0,0.9941494,2.0347751
2207,46,13748,1964,5uio_LG3_B_201,0,surfdock,0.60816599,1.2852496,2.1363199,0,0.99814409,4.6748922
2208,46,5810,830,2xyj_WLM_A_1441,0,surfdock,0.54186756,1.2844181,2.1363199,0,0.98196518,5.0469894
2209,46,420,60,1e5f_PLP_A_405,0,surfdock,0.63780957,1.282178,2.1871984,0,0.4238894,3.2790116
2210,46,427,61,1e5f_PLP_B_405,0,surfdock,0.63780957,1.282178,2.1871984,0,0.39337695,3.3245858
2211,46,7819,1117,4clo_XP0_D_1270,0,surfdock,0.63780957,1.2815689,2.1913373,0,0.9637722,3.1089305
2212,46,9982,1426,4s38_CDI_A_900,0,surfdock,0.63780957,1.277721,2.2176034,0,0,2.2814844
2213,46,3066,438,1w3t_3GR_D_1297,0,surfdock,0.63780957,1.2753187,2.2341104,0,0.98036883,2.0333613
2214,46,6185,883,3qfx_CP6_B_702,4,gnina,0.54085271,1.2728454,2.2117879,0,0.98899696,2.7181297
2215,46,7540,1077,4bdr_KAI_B_900,1,unimol,0.87561445,1.2725895,3.2948823,0,0.96895492,18.94
2216,46,5643,806,2wzv_FMN_A_801,1,unimol,0.67503922,1.2652569,2.7825584,0,0,21.65
2217,46,5650,807,2wzv_FMN_B_801,1,unimol,0.67503922,1.2652569,2.7825584,0,0,20.24
2218,46,10878,1554,4zvz_4TF_C_503,0,surfdock,0.64858603,1.2500887,2.441045,0,0.97449052,3.232034
2219,46,10871,1553,4zvz_4TF_B_503,0,surfdock,0.64251511,1.2499994,2.441045,0,0.87903441,3.2847384
2220,46,12559,1794,5iuy_BOG_B_503,1,unimol,0.67503922,1.2325836,3.0430467,0,0,28.21
2221,46,6629,947,3v7u_MTA_A_301,0,surfdock,0.56897498,1.2308552,2.5191286,0,0.14848019,3.1576531
2222,46,11991,1713,5g09_6DF_D_1476,0,surfdock,0.63780957,1.2298111,2.5634584,0,0.9898245,4.1086181
2223,46,17472,2496,6vlu_CIT_A_701,0,surfdock,0.56991187,1.227461,2.5454681,0,0.32936247,2.5197273
2224,46,10885,1555,4zvz_4TF_D_503,0,surfdock,0.66750279,1.2223124,2.6511073,0,0.7568858,3.3443443
2225,46,2611,373,1sz6_NAG_B_5004,0,surfdock,0.63780957,1.2222787,2.6212084,0,6.220312e-05,2.4406199
2226,46,70,10,1aiq_UMP_B_266,0,surfdock,0.54016249,1.221172,2.1363199,0,0.96432939,3.4255911
2227,46,357,51,1dpm_EBP_A_901,0,surfdock,0.54016249,1.221172,2.1363199,0,0.00036292408,2.8164722
2228,46,371,53,1dpm_EBP_B_903,0,surfdock,0.54016249,1.221172,2.1363199,0,0,2.7031244
2229,46,1344,192,1ja9_PYQ_A_406,0,surfdock,0.54016249,1.221172,2.1363199,0,0,2.707271
2230,46,1365,195,1jho_RMB_A_990,0,surfdock,0.54016249,1.221172,2.1363199,0,0.95681204,3.8814352
2231,46,1547,221,1km6_OMP_A_2001,0,surfdock,0.54016249,1.221172,2.1363199,0,0.97817557,4.0283383
2232,46,1813,259,1ml4_PAL_A_385,0,surfdock,0.54016249,1.221172,2.1363199,0,0.98836746,3.2942324
2233,46,2016,288,1o28_UFP_A_703,0,surfdock,0.54016249,1.221172,2.1363199,0,0,3.4709319
2234,46,2023,289,1o28_UFP_B_708,0,surfdock,0.54016249,1.221172,2.1363199,0,0,3.5742421
2235,46,2030,290,1o28_UFP_D_718,0,surfdock,0.54016249,1.221172,2.1363199,0,9.5050001e-05,3.593496
2236,46,2037,291,1o29_UFP_A_803,0,surfdock,0.54016249,1.221172,2.1363199,0,0.00012005399,3.5447023
2237,46,2044,292,1o29_UFP_B_808,0,surfdock,0.54016249,1.221172,2.1363199,0,0,5.2532266
2238,47,42,6,1aer_TIA_B_700,0,surfdock,0.63636346,1.2913251,2.138304,0,0,2.8914188
2239,47,2065,295,1o2i_655_A_246,0,surfdock,0.53871647,1.2243998,2.138304,0,0.99334405,2.6354764
2240,47,3262,466,1xuf_BAZ_A_246,0,surfdock,0.53871647,1.2243998,2.138304,0,0,3.7759486
2241,47,3528,504,1zoy_UQ1_B_1201,0,surfdock,0.53871647,1.2243998,2.138304,0,0.99492405,3.2012228
2242,47,3626,518,2a9z_26A_A_1001,0,surfdock,0.53871647,1.2243998,2.138304,0,0.99335643,3.6925324
2243,47,3633,519,2a9z_26A_A_1002,0,surfdock,0.53871647,1.2243998,2.138304,0,0.9726906,5.0583303
2244,47,3696,528,2ajv_COC_L_501,0,surfdock,0.53871647,1.2243998,2.138304,0,0.75708418,3.3738056
2245,47,4375,625,2g5v_22M_A_301,0,surfdock,0.53871647,1.2243998,2.138304,0,0,3.1986023
2246,47,5306,758,2rbx_3AY_X_2001,0,surfdock,0.53871647,1.2243998,2.138304,0,0,2.3335885
2247,47,5334,762,2tio_BEN_A_247,0,surfdock,0.53871647,1.2243998,2.138304,0,0,2.4438479
2248,47,6573,939,3u3o_3QV_A_297,0,surfdock,0.53871647,1.2243998,2.138304,0,3.4594526e-05,2.5725187
2249,47,7889,1127,4cno_9PY_D_301,0,surfdock,0.53871647,1.2243998,2.138304,0,0.99007119,2.9303323
2250,47,7994,1142,4d3s_BOG_F_1000,0,surfdock,0.53871647,1.2243998,2.138304,0,0.96742037,3.6085243
2251,47,8001,1143,4d3s_BOG_H_1000,0,surfdock,0.53871647,1.2243998,2.138304,0,0.95094108,3.8536142
2252,47,8043,1149,4dab_HPA_A_301,0,surfdock,0.53871647,1.2243998,2.138304,0,0.26485807,2.2526381
2253,47,8498,1214,4gt9_MEF_A_304,0,surfdock,0.53871647,1.2243998,2.138304,0,0,3.1851156
2254,47,9338,1334,4mol_2FG_A_802,0,surfdock,0.53871647,1.2243998,2.138304,0,0,2.8034945
2255,47,9345,1335,4mol_2FG_B_802,0,surfdock,0.53871647,1.2243998,2.138304,0,0.0084512268,5.714799
2256,47,9352,1336,4mol_2FG_D_802,0,surfdock,0.53871647,1.2243998,2.138304,0,0.0070901202,3.717067
2257,47,9359,1337,4mop_2H5_A_802,0,surfdock,0.53871647,1.2243998,2.138304,0,0.011034262,2.6123004
2258,47,9366,1338,4mop_2H5_C_703,0,surfdock,0.53871647,1.2243998,2.138304,0,0.95564687,2.6108158
2259,47,9653,1379,4p7q_NAG_A_703,0,surfdock,0.53871647,1.2243998,2.138304,0,0.084504057,2.6983645
2260,47,9660,1380,4p7q_NAG_A_704,0,surfdock,0.53871647,1.2243998,2.138304,0,0,2.5964143
2261,47,9744,1392,4pxd_1AL_A_502,0,surfdock,0.53871647,1.2243998,2.138304,0,0,2.9034038
2262,47,10920,1560,5a2r_MLT_A_1615,0,surfdock,0.53871647,1.2243998,2.138304,0,0,2.4027936
2263,47,11557,1651,5e4o_L57_A_201,0,surfdock,0.53871647,1.2243998,2.138304,0,0.0010655202,2.9522823
2264,47,11564,1652,5e4o_L57_B_201,0,surfdock,0.53871647,1.2243998,2.138304,0,0.98319123,3.2732575
2265,47,14840,2120,6b6r_BEN_A_302,0,surfdock,0.53871647,1.2243998,2.138304,0,0.99817632,2.4207113
2266,47,15953,2279,6lx5_C5F_A_502,0,surfdock,0.53871647,1.2243998,2.138304,0,0,3.455891
2267,47,15960,2280,6lx5_C5F_A_503,0,surfdock,0.53871647,1.2243998,2.138304,0,4.578077e-07,3.3300952
2268,47,16667,2381,6qdb_HWQ_A_1003,0,surfdock,0.53871647,1.2243998,2.138304,0,0.98756333,3.6584325
2269,47,17038,2434,6sj8_44V_A_901,0,surfdock,0.53871647,1.2243998,2.138304,0,0,2.3987671
2270,47,17045,2435,6sj8_44V_B_901,0,surfdock,0.53871647,1.2243998,2.138304,0,0.99360757,2.4858739
2271,47,17059,2437,6sux_BEN_A_302,0,surfdock,0.53871647,1.2243998,2.138304,0,0.99755928,2.4550788
2272,47,17066,2438,6svu_BEN_A_302,0,surfdock,0.53871647,1.2243998,2.138304,0,0.99585252,2.4611995
2273,47,17402,2486,6ur0_ETM_A_401,0,surfdock,0.53871647,1.2243998,2.138304,0,0.75018752,2.2895578
2274,47,17409,2487,6ur0_ETM_B_401,0,surfdock,0.53871647,1.2243998,2.138304,0,0.98154439,2.1910813
2275,47,16989,2427,6s51_KVQ_A_901,0,surfdock,0.53871647,1.219251,2.1746969,0,0.92601743,3.911074
2276,47,5670,810,2x0u_X0U_B_1291,0,surfdock,0.53871647,1.2189733,2.1766715,0,7.3080386e-05,2.5582846
2277,47,9331,1333,4mog_G3F_A_802,0,surfdock,0.53871647,1.21708,2.1901662,0,0.94564143,2.6083894
2278,47,12712,1816,5jeh_EVF_B_302,0,surfdock,0.53871647,1.2157814,2.1994553,0,0.99037332,2.7972509
2279,47,13839,1977,5v31_ARG_A_401,0,surfdock,0.53871647,1.2156635,2.2003005,0,0,2.8812195
2280,47,4046,578,2e40_LGC_A_1001,0,surfdock,0.53871647,1.2152516,2.2032533,0,0.9583643,2.8841988
2281,47,4053,579,2e40_LGC_B_2001,0,surfdock,0.53871647,1.2152516,2.2032533,0,0,2.7662462
2282,47,5054,722,2qab_EI1_A_1,0,surfdock,0.53871647,1.2115943,2.2295885,0,0.99637467,3.5235664
2283,47,15050,2150,6ezf_C6Z_A_1003,0,surfdock,0.53871647,1.2111645,2.2326987,0,0.99549646,3.1078533
2284,47,5061,723,2qab_EI1_B_1,0,surfdock,0.53871647,1.2092633,2.2464862,0,0.99581208,3.50237
2285,47,15785,2255,6k92_GT0_A_802,0,surfdock,0.53871647,1.205875,2.2712071,0,0.99321628,2.8607249
2286,47,2191,313,1pke_2FD_A_446,0,surfdock,0.53871647,1.2057431,2.272172,0,0,3.3336873
2287,47,2198,314,1pke_2FD_B_447,0,surfdock,0.53871647,1.2057431,2.272172,0,0,3.3519925
2288,48,12250,1750,5hss_64Z_A_402,0,surfdock,0.76907629,1.4314429,2.1412549,0,0.97133303,2.7930232
2289,48,12257,1751,5hss_64Z_D_403,0,surfdock,0.75547117,1.429118,2.1412549,0,0,2.8268749
2290,48,6727,961,3vnm_SDD_B_301,0,surfdock,0.70011188,1.4169359,2.1412549,0,0.5488338,3.0005467
2291,48,12264,1752,5hss_64Z_E_402,0,surfdock,0.67915607,1.416285,2.1412549,0,0.90557479,2.9847891
2292,48,17459,2494,6v9f_QTS_B_2001,1,unimol,0.89378151,1.382758,2.507057,0,0.99388312,21.38
2293,48,2878,411,1u6r_IOM_B_1601,1,unimol,0.67166264,1.3041713,2.481524,0,0.97355557,19.72
2294,48,2345,335,1q3a_NGH_C_481,0,surfdock,0.63371297,1.2908838,2.1412549,0,0.94462054,3.9073967
2295,48,4144,592,2exs_TRP_B_2100,0,surfdock,0.63371297,1.2908838,2.1412549,0,0,2.9568051
2296,48,6706,958,3vnj_PSJ_A_301,0,surfdock,0.63371297,1.2908838,2.1412549,0,0,2.818328
2297,48,6713,959,3vnj_PSJ_B_301,0,surfdock,0.63371297,1.2908838,2.1412549,0,0.73477122,2.94644
2298,48,6720,960,3vnj_PSJ_C_301,0,surfdock,0.63371297,1.2908838,2.1412549,0,0,2.8133487
2299,48,6734,962,3vnm_SDD_C_301,0,surfdock,0.63371297,1.2908838,2.1412549,0,0.49332286,2.7772493
2300,48,6741,963,3vnm_SDD_D_301,0,surfdock,0.63371297,1.2908838,2.1412549,0,0,2.8826509
2301,48,12180,1740,5h9i_XAN_A_301,0,surfdock,0.63371297,1.2908838,2.1412549,0,0,2.2949358
2302,48,15862,2266,6l68_ALL_A_201,0,surfdock,0.63371297,1.2908838,2.1412549,0,0,2.4466616
2303,48,15869,2267,6l68_ALL_A_202,0,surfdock,0.63371297,1.2908838,2.1412549,0,0.00076258625,2.4381239
2304,48,15582,2226,6i4b_E2N_B_603,0,surfdock,0.63167641,1.2874895,2.1412549,0,7.2887036e-08,3.672595
2305,48,12838,1834,5kcp_PFB_A_379,0,surfdock,0.53708398,1.2862806,2.1412549,0,0.98490993,2.3893051
2306,48,2303,329,1pym_OXL_B_1002,0,surfdock,0.72155189,1.2782224,3.1153386,0,0.9971198,2.0648777
2307,48,2296,328,1pym_OXL_A_1001,0,surfdock,0.68502334,1.2759206,3.1196852,0,0.99587261,2.1789846
2308,48,2569,367,1sjc_SMG_C_1200,0,surfdock,0.72787074,1.2712826,3.1753547,0,0,3.49194
2309,48,2884,412,1uay_ADN_A_1001,0,surfdock,0.76065594,1.2620089,3.3327186,0,0.96927504,3.3053453
2310,48,2891,413,1uay_ADN_B_1002,0,surfdock,0.74305902,1.2599697,3.3395295,0,0.99461596,3.2733912
2311,48,11313,1616,5cjn_52F_A_809,1,unimol,0.67166264,1.2586168,2.8160405,0,0,15.17
2312,48,1988,284,1nsm_GAL_A_1400,0,surfdock,0.63371297,1.25326,2.4003663,0,0.018743792,2.4824638
2313,48,14861,2123,6bds_DJ4_A_302,0,surfdock,0.63371297,1.2365916,2.5220342,0,0.86628976,4.9866012
2314,48,14,2,1a49_OXL_D_2333,0,surfdock,0.75766714,1.2356034,3.5564585,0,0.99569192,2.031792
2315,48,406,58,1e2j_THM_B_500,0,surfdock,0.63371297,1.2312692,2.5618315,0,0.98410595,3.3150911
2316,49,4746,678,2nos_AGU_A_903,0,surfdock,0.71388554,1.4184731,2.1409841,0,0.15479364,2.0964395
2317,49,2240,320,1pr0_NOS_B_1246,0,surfdock,0.63346214,1.2948947,2.1409841,0,0,3.3212781
2318,49,16401,2343,6ofr_BOG_A_804,0,surfdock,0.63266467,1.2922862,2.1409841,0,0,3.1608001
2319,49,13049,1864,5m5a_KSA_A_404,1,unimol,0.88741007,1.2516434,3.4882193,0,0.98415248,26.01
2320,49,13406,1915,5sga_TYR_P_1,1,unimol,0.67060159,1.2387806,2.9758935,0,0.94206676,29.66
2321,49,11544,1649,5dz2_212_B_404,1,unimol,0.67060159,1.2370921,2.9895101,0,0.94835662,20.12
2322,49,15086,2155,6f3s_CKW_A_902,1,unimol,0.887323,1.2324886,3.6554952,0,0,22.44
2323,49,11537,1648,5dz2_212_A_404,1,unimol,0.67060159,1.2303408,3.0444691,0,0.9652972,17.93
2324,49,2233,319,1pr0_NOS_A_1245,0,surfdock,0.53526418,1.2281913,2.1409841,0,0,3.3338473
2325,49,2247,321,1pr0_NOS_C_1247,0,surfdock,0.53526418,1.2281913,2.1409841,0,0.97562186,3.2876785
2326,49,2583,369,1syf_THP_A_180,0,surfdock,0.53526418,1.2281913,2.1409841,0,0,3.7392967
2327,49,3003,429,1vl1_CIT_A_300,0,surfdock,0.53526418,1.2281913,2.1409841,0,0.86706107,2.5008436
2328,49,3738,534,2b3f_GAL_D_3313,0,surfdock,0.53526418,1.2281913,2.1409841,0,0,2.6855147
2329,49,3745,535,2b3f_GAL_E_3314,0,surfdock,0.53526418,1.2281913,2.1409841,0,0,2.828061
2330,49,3752,536,2b3f_GAL_F_3315,0,surfdock,0.53526418,1.2281913,2.1409841,0,0.94250889,2.8313109
2331,49,4074,582,2eb5_OXL_A_2001,0,surfdock,0.53526418,1.2281913,2.1409841,0,0.98917454,2.2354571
2332,49,4081,583,2eb5_OXL_B_2002,0,surfdock,0.53526418,1.2281913,2.1409841,0,0.98365441,2.2528923
2333,49,4088,584,2eb5_OXL_D_2004,0,surfdock,0.53526418,1.2281913,2.1409841,0,0.99310695,2.2351063
2334,49,4095,585,2eb5_OXL_E_2005,0,surfdock,0.53526418,1.2281913,2.1409841,0,0.99276216,2.1810126
2335,49,5026,718,2q1a_2KT_X_295,0,surfdock,0.53526418,1.2281913,2.1409841,0,0.99573964,2.8347216
2336,49,6139,877,2zwt_CAM_A_422,0,surfdock,0.53526418,1.2281913,2.1409841,0,0,2.3677992
2337,49,6524,932,3tye_XTZ_A_801,0,surfdock,0.53526418,1.2281913,2.1409841,0,0.92288041,4.4937103
2338,49,7140,1020,3zbs_OVE_A_1380,0,surfdock,0.53526418,1.2281913,2.1409841,0,0,3.4471891
2339,49,7196,1028,3zwe_FUC_A_110,0,surfdock,0.53526418,1.2281913,2.1409841,0,0,2.2958933
2340,49,7238,1034,3zzv_FUC_B_401,0,surfdock,0.53526418,1.2281913,2.1409841,0,0,2.2377172
2341,49,7490,1070,4b5v_E8U_A_1253,0,surfdock,0.53526418,1.2281913,2.1409841,0,0,2.79272
2342,49,7497,1071,4b5v_E8U_B_1254,0,surfdock,0.53526418,1.2281913,2.1409841,0,0.88630508,2.8027713
2343,49,8176,1168,4dwv_PFB_A_378,0,surfdock,0.53526418,1.2281913,2.1409841,0,0.99004499,2.7794535
2344,49,8183,1169,4dwv_PFB_B_378,0,surfdock,0.53526418,1.2281913,2.1409841,0,0.99182577,2.6975983
2345,49,8407,1201,4g1q_T27_A_601,0,surfdock,0.53526418,1.2281913,2.1409841,0,0,3.5897501
2346,49,8414,1202,4g1x_TQU_A_409,0,surfdock,0.53526418,1.2281913,2.1409841,0,0,2.8322102
2347,49,8561,1223,4hgg_SYN_A_502,0,surfdock,0.53526418,1.2281913,2.1409841,0,0.99810189,2.2618047
2348,49,8729,1247,4i6s_FUC_A_102,0,surfdock,0.53526418,1.2281913,2.1409841,0,0,2.3759845
2349,49,8736,1248,4i6s_FUC_B_101,0,surfdock,0.53526418,1.2281913,2.1409841,0,0.52744812,2.1105659
2350,49,8743,1249,4i6s_FUC_C_101,0,surfdock,0.53526418,1.2281913,2.1409841,0,0.74154165,2.2329311
2351,49,9079,1297,4kux_FPS_B_405,0,surfdock,0.53526418,1.2281913,2.1409841,0,0,4.2869735
2352,49,9114,1302,4l4d_CAM_A_503,0,surfdock,0.53526418,1.2281913,2.1409841,0,0,2.4387107
2353,49,9380,1340,4mr7_2BV_A_501,0,surfdock,0.53526418,1.2281913,2.1409841,0,0,3.5534339
2354,49,9485,1355,4ni1_2JX_A_203,0,surfdock,0.53526418,1.2281913,2.1409841,0,2.3874317e-06,2.8269122
2355,49,9492,1356,4ni1_2JX_A_204,0,surfdock,0.53526418,1.2281913,2.1409841,0,0,2.6870492
2356,49,9499,1357,4nir_6DH_A_307,0,surfdock,0.53526418,1.2281913,2.1409841,0,0.99514521,2.7072676
2357,49,9506,1358,4nir_6DH_A_308,0,surfdock,0.53526418,1.2281913,2.1409841,0,0,2.6221154
2358,49,9513,1359,4nkw_PLO_A_601,0,surfdock,0.53526418,1.2281913,2.1409841,0,0.98700299,3.884379
2359,49,9520,1360,4nkw_PLO_B_601,0,surfdock,0.53526418,1.2281913,2.1409841,0,0.99066857,3.9582903
2360,49,9527,1361,4nkw_PLO_C_601,0,surfdock,0.53526418,1.2281913,2.1409841,0,7.6450406e-07,3.9125172
2361,49,9534,1362,4nkw_PLO_D_601,0,surfdock,0.53526418,1.2281913,2.1409841,0,0.98034375,3.9260768
2362,49,9632,1376,4oxy_1TN_A_302,0,surfdock,0.53526418,1.2281913,2.1409841,0,0.98129797,3.6238136
2363,49,9646,1378,4oxy_1TN_D_302,0,surfdock,0.53526418,1.2281913,2.1409841,0,0,3.7402037
2364,49,10325,1475,4wqq_MAN_B_204,0,surfdock,0.53526418,1.2281913,2.1409841,0,0.017094036,2.2455519
2365,49,10332,1476,4wqq_MAN_D_204,0,surfdock,0.53526418,1.2281913,2.1409841,0,0.81890647,2.395596
2366,50,6245,892,3qwi_CUE_A_272,1,unimol,0.6701417,1.3540921,2.1412489,0,0.99556184,16.37
2367,50,6252,893,3qwi_CUE_B_272,1,unimol,0.6701417,1.3540921,2.1412489,0,0.9948852,22.15
2368,50,8933,1276,4j7u_YTZ_C_802,1,unimol,0.6701417,1.3540921,2.1412489,0,0.95107983,21.13
2369,50,2877,411,1u6r_IOM_B_1601,0,surfdock,0.75541842,1.3363938,2.7360733,0,0.9270924,2.3682958
2370,50,10977,1568,5abz_Z47_A_201,1,unimol,0.6701417,1.3150994,2.3960783,0,0,19.9
2371,50,8603,1229,4hrq_AZG_B_201,0,surfdock,0.62826307,1.2922196,2.1412489,0,0,2.192591
2372,50,10304,1472,4wdx_WDX_A_402,0,surfdock,0.62826307,1.2922196,2.1412489,0,0,3.5711269
2373,50,10311,1473,4wdx_WDX_B_402,0,surfdock,0.62826307,1.2922196,2.1412489,0,0,3.6555675
2374,50,3214,459,1xid_ASC_A_389,1,unimol,0.88373436,1.2840716,3.2120996,0,0.89814863,15.76
2375,50,11495,1642,5dr9_SKE_A_401,1,unimol,0.6701417,1.2701437,2.7165563,0,0,19.91
2376,50,11502,1643,5dt0_SKE_A_401,1,unimol,0.6701417,1.2674275,2.7369177,0,0,16.49
2377,50,15856,2265,6l17_E2X_A_401,1,unimol,0.88331155,1.2522904,3.4735358,0,0,23
2378,50,15394,2199,6gck_EUB_C_302,1,unimol,0.6701417,1.2497109,2.8727236,0,0.98488417,20.19
2379,50,6294,899,3r51_MMA_A_200,1,unimol,0.8751791,1.2494807,3.4717944,0,0.96556947,16.72
2380,50,15380,2197,6gck_EUB_A_302,1,unimol,0.6701417,1.2488258,2.8796468,0,0.99210447,20.14
2381,50,15387,2198,6gck_EUB_B_302,1,unimol,0.6701417,1.2426349,2.9284563,0,0.9764824,22.45
2382,50,231,33,1cgk_NAR_A_390,0,surfdock,0.53135836,1.2299732,2.1412489,0,0,3.6420491
2383,50,364,52,1dpm_EBP_B_902,0,surfdock,0.53135836,1.2299732,2.1412489,0,0.75421767,3.0546961
2384,50,588,84,1fuy_FIP_A_269,0,surfdock,0.53135836,1.2299732,2.1412489,0,0,3.7793622
2385,50,1953,279,1nmz_NYM_A_301,0,surfdock,0.53135836,1.2299732,2.1412489,0,0.97243404,3.718592
2386,50,2107,301,1opr_ORO_A_220,0,surfdock,0.53135836,1.2299732,2.1412489,0,0.99831537,2.5530725
2387,50,2128,304,1p1w_AMQ_A_428,0,surfdock,0.53135836,1.2299732,2.1412489,0,0.99363753,3.0575603
2388,50,2135,305,1p1w_AMQ_B_427,0,surfdock,0.53135836,1.2299732,2.1412489,0,0.99633263,2.8826369
2389,50,2282,326,1pvc_ILE_0_7,0,surfdock,0.53135836,1.2299732,2.1412489,0,0,3.8193067
2390,50,2394,342,1r4f_AD3_B_330,0,surfdock,0.53135836,1.2299732,2.1412489,0,0,3.5738717
2391,50,2485,355,1s2c_FLF_A_2001,0,surfdock,0.53135836,1.2299732,2.1412489,0,0,3.6511899
2392,50,3073,439,1w55_C_A_1373,0,surfdock,0.53135836,1.2299732,2.1412489,0,0.9813245,3.347471
2393,50,3101,443,1wmz_A2G_B_502,0,surfdock,0.53135836,1.2299732,2.1412489,0,0.95253956,5.7626129
2394,50,3108,444,1wmz_NGA_A_501,0,surfdock,0.53135836,1.2299732,2.1412489,0,0.93263607,2.7493004
2395,50,3115,445,1wmz_NGA_D_504,0,surfdock,0.53135836,1.2299732,2.1412489,0,0.91030941,2.7220265
2396,50,3773,539,2bf7_HBI_A_1290,0,surfdock,0.53135836,1.2299732,2.1412489,0,0,2.892265
2397,50,3780,540,2bf7_HBI_B_1290,0,surfdock,0.53135836,1.2299732,2.1412489,0,0,2.9395951
2398,50,3787,541,2bf7_HBI_D_1290,0,surfdock,0.53135836,1.2299732,2.1412489,0,0,2.9004979
2399,50,4242,606,2fib_GLY_B_2,0,surfdock,0.53135836,1.2299732,2.1412489,0,0,4.2895743
2400,50,5019,717,2pvy_ACP_D_802,0,surfdock,0.53135836,1.2299732,2.1412489,0,0.97872743,3.0163561
2401,50,5103,729,2qd1_CHD_D_802,0,surfdock,0.53135836,1.2299732,2.1412489,0,6.2332991e-11,3.5661764
2402,50,5201,743,2qvr_CIT_A_335,0,surfdock,0.53135836,1.2299732,2.1412489,0,0.88736328,2.5612403
2403,50,5208,744,2qvr_FDP_A_333,0,surfdock,0.53135836,1.2299732,2.1412489,0,0.97305232,5.0605215
2404,50,5404,772,2v32_BEZ_A_1222,0,surfdock,0.53135836,1.2299732,2.1412489,0,0.98959182,2.496641
2405,50,5411,773,2v32_BEZ_C_1222,0,surfdock,0.53135836,1.2299732,2.1412489,0,0.99266246,2.3447701
2406,50,5509,787,2vsu_V55_D_1251,0,surfdock,0.53135836,1.2299732,2.1412489,0,0.0038107567,2.7008038
2407,50,5572,796,2wdq_TEO_A_1589,0,surfdock,0.53135836,1.2299732,2.1412489,0,0.98038844,2.5029935
2408,50,5586,798,2wdq_TEO_I_1589,0,surfdock,0.53135836,1.2299732,2.1412489,0,0,2.4757382
2409,50,5761,823,2xul_AKG_A_201,0,surfdock,0.53135836,1.2299732,2.1412489,0,0,2.6641111
2410,50,5768,824,2xul_AKG_B_201,0,surfdock,0.53135836,1.2299732,2.1412489,0,0.92692556,2.5153854
2411,50,5775,825,2xul_AKG_C_201,0,surfdock,0.53135836,1.2299732,2.1412489,0,0.93368965,2.529452
2412,50,5782,826,2xul_AKG_D_201,0,surfdock,0.53135836,1.2299732,2.1412489,0,0,2.3223233
2413,50,5789,827,2xul_AKG_E_201,0,surfdock,0.53135836,1.2299732,2.1412489,0,0.99308964,2.7004374
2414,50,5796,828,2xul_AKG_F_201,0,surfdock,0.53135836,1.2299732,2.1412489,0,0.99389446,2.6161709
2415,50,5929,847,2z48_A2G_A_1005,0,surfdock,0.53135836,1.2299732,2.1412489,0,0.98852892,2.7728808
2416,51,1351,193,1jf0_CZH_A_197,0,surfdock,0.7687685,1.4284425,2.1426609,0,2.1247351e-08,5.4650252
2417,51,399,57,1e2j_THM_A_500,0,surfdock,0.62814094,1.292387,2.1426609,0,0.98420793,3.3469871
2418,51,10976,1568,5abz_Z47_A_201,0,surfdock,0.62814094,1.292387,2.1426609,0,0.98239623,3.5227389
2419,51,6244,892,3qwi_CUE_A_272,0,surfdock,0.77151287,1.2731395,3.2262564,0,0.99717939,3.311976
2420,51,6251,893,3qwi_CUE_B_272,0,surfdock,0.77101259,1.2714621,3.2385709,0,0.99810223,3.0944767
2421,51,6574,939,3u3o_3QV_A_297,1,unimol,0.73306596,1.2370519,3.4207854,0,0.98927618,17.9
2422,51,3193,456,1x8i_BMH_A_2,1,unimol,0.66954425,1.2330485,2.9920385,0,0,27.76
2423,51,413,59,1e48_13P_P_302,0,surfdock,0.53119792,1.2319543,2.1426609,0,0.85673679,2.3157916
2424,51,497,71,1fdk_GLE_A_150,0,surfdock,0.53119792,1.2319543,2.1426609,0,0,4.19696
2425,51,1204,172,1itw_ICT_A_743,0,surfdock,0.53119792,1.2319543,2.1426609,0,0.98770296,2.7458521
2426,51,1211,173,1itw_ICT_C_743,0,surfdock,0.53119792,1.2319543,2.1426609,0,0.99213665,2.7923759
2427,51,2093,299,1o8a_NXA_A_702,0,surfdock,0.53119792,1.2319543,2.1426609,0,0.98983562,2.3559829
2428,51,2149,307,1p7c_THM_B_501,0,surfdock,0.53119792,1.2319543,2.1426609,0,0.98834238,3.3331892
2429,51,2422,346,1rf2_BV4_F_106,0,surfdock,0.53119792,1.2319543,2.1426609,0,0,3.4730275
2430,51,2429,347,1rf2_BV4_G_107,0,surfdock,0.53119792,1.2319543,2.1426609,0,0.028399354,3.5566514
2431,51,2436,348,1rf2_BV4_H_108,0,surfdock,0.53119792,1.2319543,2.1426609,0,0.022685385,3.4339892
2432,51,2940,420,1uxq_G1P_A_1503,0,surfdock,0.53119792,1.2319543,2.1426609,0,0.95994683,2.9915234
2433,51,3192,456,1x8i_BMH_A_2,0,surfdock,0.53119792,1.2319543,2.1426609,0,0.95697267,3.8202074
2434,51,3241,463,1xkw_188_A_1001,0,surfdock,0.53119792,1.2319543,2.1426609,0,0,3.4281484
2435,51,3472,496,1zha_PEP_A_1268,0,surfdock,0.53119792,1.2319543,2.1426609,0,0.99620821,2.5460073
2436,51,3479,497,1zha_PEP_B_2268,0,surfdock,0.53119792,1.2319543,2.1426609,0,0,2.7339441
2437,51,3710,530,2b04_CHO_A_200,0,surfdock,0.53119792,1.2319543,2.1426609,0,0,4.7680131
2438,51,3794,542,2bgc_DTU_A_1238,0,surfdock,0.53119792,1.2319543,2.1426609,0,0.58303984,2.3618462
2439,51,3843,549,2bs8_NAG_A_1177,0,surfdock,0.53119792,1.2319543,2.1426609,0,0.91733601,2.698787
2440,51,3871,553,2c3d_COM_A_1525,0,surfdock,0.53119792,1.2319543,2.1426609,0,0.99153815,2.3981563
2441,51,3878,554,2c3d_COM_A_1526,0,surfdock,0.53119792,1.2319543,2.1426609,0,0.97782818,2.4483888
2442,51,3885,555,2c3d_COM_B_1525,0,surfdock,0.53119792,1.2319543,2.1426609,0,0.97631434,2.3856056
2443,51,3892,556,2c3d_COM_B_1526,0,surfdock,0.53119792,1.2319543,2.1426609,0,0.98382622,2.2666719
2444,51,3899,557,2c5b_5F1_A_500,0,surfdock,0.53119792,1.2319543,2.1426609,0,0,3.3363655
2445,51,3906,558,2c5b_5F1_B_500,0,surfdock,0.53119792,1.2319543,2.1426609,0,0,3.2738374
2446,51,4004,572,2d1j_D01_A_700,0,surfdock,0.53119792,1.2319543,2.1426609,0,0,4.4753754
2447,51,4228,604,2fhn_BNI_X_501,0,surfdock,0.53119792,1.2319543,2.1426609,0,0.97362038,4.120018
2448,51,4235,605,2fhn_BNI_Y_502,0,surfdock,0.53119792,1.2319543,2.1426609,0,0,4.0550336
2449,51,4501,643,2hs3_FGR_A_2166,0,surfdock,0.53119792,1.2319543,2.1426609,0,0.92818262,3.9436492
2450,51,5383,769,2uyv_TLA_C_1275,0,surfdock,0.53119792,1.2319543,2.1426609,0,0.99323161,2.6248057
2451,51,5390,770,2uyv_TLA_D_1275,0,surfdock,0.53119792,1.2319543,2.1426609,0,0,2.6139162
2452,51,6265,895,3r3z_GOA_A_305,0,surfdock,0.53119792,1.2319543,2.1426609,0,0.99377237,2.0396516
2453,51,6279,897,3r3z_GOA_C_305,0,surfdock,0.53119792,1.2319543,2.1426609,0,0.99618025,2.0810081
2454,51,6286,898,3r3z_GOA_D_305,0,surfdock,0.53119792,1.2319543,2.1426609,0,0.9932017,2.1340351
2455,51,6566,938,3u3o_3QV_A_296,0,surfdock,0.53119792,1.2319543,2.1426609,0,0,2.7611647
2456,51,6783,969,3vqe_FMQ_B_306,0,surfdock,0.53119792,1.2319543,2.1426609,0,0.9924809,2.8516755
2457,51,6993,999,3wqs_KBK_B_503,0,surfdock,0.53119792,1.2319543,2.1426609,0,0.99157589,3.6004611
2458,51,7399,1057,4al9_GLA_A_1123,0,surfdock,0.53119792,1.2319543,2.1426609,0,0.94428736,2.3823401
2459,51,7406,1058,4al9_GLA_B_1123,0,surfdock,0.53119792,1.2319543,2.1426609,0,0.997371,2.4441468
2460,51,7413,1059,4al9_GLA_C_1123,0,surfdock,0.53119792,1.2319543,2.1426609,0,0.94486765,2.4568244
2461,51,7420,1060,4al9_GLA_D_1123,0,surfdock,0.53119792,1.2319543,2.1426609,0,0.91528956,2.3387165
2462,51,7427,1061,4al9_GLA_E_1123,0,surfdock,0.53119792,1.2319543,2.1426609,0,0.98905997,2.3854604
2463,51,7434,1062,4al9_GLA_G_1123,0,surfdock,0.53119792,1.2319543,2.1426609,0,0.96910569,2.3714074
2464,51,8113,1159,4dt8_ADN_A_401,0,surfdock,0.53119792,1.2319543,2.1426609,0,0,3.1961926
2465,51,8120,1160,4dt8_ADN_B_401,0,surfdock,0.53119792,1.2319543,2.1426609,0,0.9783334,3.3349645
2466,52,7470,1067,4b1f_KRH_A_1256,1,unimol,0.83938071,1.428302,2.1418359,0,0.97506368,21.41
2467,52,7477,1068,4b1f_KRH_B_1257,1,unimol,0.73050481,1.416684,2.1418359,0,0.95203713,18.9
2468,52,8932,1276,4j7u_YTZ_C_802,0,surfdock,0.74235556,1.3185126,2.8281064,0,0.95342618,3.0915658
2469,52,323,46,1daf_DSD_A_225,1,unimol,0.66974955,1.3144076,2.3770254,0,0.98706643,21.08
2470,52,330,47,1dai_DSD_A_225,1,unimol,0.66974955,1.3119384,2.3937137,0,0.98709623,17.61
2471,52,10220,1460,4uy7_HIS_A_800,0,surfdock,0.63408306,1.2924613,2.1418359,0,0,2.5256453
2472,52,10227,1461,4uy7_HIS_B_800,0,surfdock,0.63408306,1.2924613,2.1418359,0,0,2.4339585
2473,52,12558,1794,5iuy_BOG_B_503,0,surfdock,0.63408306,1.2924613,2.1418359,0,0.86112427,3.2271973
2474,52,5453,779,2vjb_CCD_A_1539,0,surfdock,0.63350246,1.2898273,2.1418359,0,0.87407036,2.8168837
2475,52,11536,1648,5dz2_212_A_404,0,surfdock,0.75281077,1.2703026,3.2019835,0,0.98873409,3.002972
2476,52,11543,1649,5dz2_212_B_404,0,surfdock,0.74035296,1.2635613,3.2536149,0,0.99036767,2.9933616
2477,52,7077,1011,3wur_O4B_B_202,0,surfdock,0.67573806,1.2588758,3.1697705,0,0.63647398,2.9475527
2478,52,980,140,1h5r_THM_C_1292,0,surfdock,0.63364574,1.2394317,2.4914007,0,0,3.0909877
2479,52,2590,370,1sz6_NAG_A_5003,0,surfdock,0.63408306,1.2391013,2.511672,0,0,2.2485242
2480,52,217,31,1cdk_MYR_A_403,0,surfdock,0.63408306,1.2384259,2.5166314,0,0.97867701,2.2744141
2481,52,301,43,1d7a_AIR_A_300,0,surfdock,0.53629775,1.2339483,2.1418359,0,0.67609753,3.3867431
2482,52,308,44,1d7a_AIR_C_400,0,surfdock,0.53629775,1.2339483,2.1418359,0,0,3.386709
2483,52,315,45,1d7a_AIR_D_450,0,surfdock,0.53629775,1.2339483,2.1418359,0,0.97994517,3.3899028
2484,52,322,46,1daf_DSD_A_225,0,surfdock,0.53629775,1.2339483,2.1418359,0,0.87448279,3.0556372
2485,52,329,47,1dai_DSD_A_225,0,surfdock,0.53629775,1.2339483,2.1418359,0,0.89260721,2.9957464
2486,52,553,79,1fqo_F6R_B_2268,0,surfdock,0.53629775,1.2339483,2.1418359,0,0.94851056,3.3761576
2487,52,1218,174,1iwe_IMP_A_460,0,surfdock,0.53629775,1.2339483,2.1418359,0,0,4.1346542
2488,52,1225,175,1iwe_IMP_B_1443,0,surfdock,0.53629775,1.2339483,2.1418359,0,0.97852813,3.9338565
2489,52,2478,354,1s1f_PIM_A_431,0,surfdock,0.53629775,1.2339483,2.1418359,0,0,2.3478582
2490,52,2499,357,1s3u_TQD_A_187,0,surfdock,0.53629775,1.2339483,2.1418359,0,0.5475266,4.0551084
2491,52,2506,358,1s3v_TQD_A_187,0,surfdock,0.53629775,1.2339483,2.1418359,0,0.87342551,4.3183713
2492,52,2618,374,1t5z_DHT_A_931,0,surfdock,0.53629775,1.2339483,2.1418359,0,0.98484995,3.7836678
2493,52,3381,483,1zb6_DIN_A_401,0,surfdock,0.53629775,1.2339483,2.1418359,0,0.99759157,2.5586143
2494,53,21,3,1a49_OXL_F_4133,0,surfdock,0.68518863,1.3032701,2.8263772,0,0.9892019,2.2614053
2495,53,6874,982,3wat_BGC_A_403,0,surfdock,0.77026491,1.299957,2.9858193,0,0.010465657,2.5502108
2496,53,6881,983,3wat_BGC_B_403,0,surfdock,0.769052,1.2996992,2.9858193,0,0.012086556,2.5786586
2497,53,12096,1728,5gwt_SIN_B_302,0,surfdock,0.62862881,1.2907729,2.1439998,0,0.99454225,2.3507414
2498,53,12103,1729,5gwt_SIN_C_301,0,surfdock,0.62515279,1.2906786,2.1439998,0,0,2.4051284
2499,53,12089,1727,5gto_MYR_A_502,0,surfdock,0.71710984,1.2563461,3.2012873,0,0,3.2528566
2500,53,791,113,1h18_DTL_A_9009,0,surfdock,0.53792423,1.2355927,2.1439998,0,0.99448401,2.2306867
2501,53,798,114,1h18_DTL_A_9010,0,surfdock,0.53792423,1.2355927,2.1439998,0,0.99086552,2.3909501
2502,53,812,116,1h18_DTL_B_9010,0,surfdock,0.53792423,1.2355927,2.1439998,0,0.97209303,2.4914823
2503,53,896,128,1h48_CDI_A_201,0,surfdock,0.53792423,1.2355927,2.1439998,0,0,3.1579558
2504,53,903,129,1h48_CDI_D_201,0,surfdock,0.53792423,1.2355927,2.1439998,0,0,2.959965
2505,53,910,130,1h48_CDI_E_902,0,surfdock,0.53792423,1.2355927,2.1439998,0,0.96100581,2.9929156
2506,53,3220,460,1xin_XYL_A_397,0,surfdock,0.53792423,1.2355927,2.1439998,0,0.77721827,4.9799165
2507,53,3227,461,1xin_XYL_B_397,0,surfdock,0.53792423,1.2355927,2.1439998,0,0.98988845,2.6014409
2508,53,3234,462,1xin_XYL_D_397,0,surfdock,0.53792423,1.2355927,2.1439998,0,0.98686733,2.4667065
2509,53,4459,637,2gzm_DGL_A_501,0,surfdock,0.53792423,1.2355927,2.1439998,0,0.9912032,2.9393125
2510,53,4466,638,2gzm_DGL_C_503,0,surfdock,0.53792423,1.2355927,2.1439998,0,0,2.6148527
2511,53,4473,639,2gzm_DGL_D_504,0,surfdock,0.53792423,1.2355927,2.1439998,0,0,2.7958326
2512,53,4480,640,2hdk_COI_B_900,0,surfdock,0.53792423,1.2355927,2.1439998,0,0,2.5540992
2513,53,4508,644,2ht8_G39_A_800,0,surfdock,0.53792423,1.2355927,2.1439998,0,0.96659385,3.662866
2514,53,4788,684,2ntk_IMP_A_205,0,surfdock,0.53792423,1.2355927,2.1439998,0,0,3.6712351
2515,53,4795,685,2ntk_IMP_B_206,0,surfdock,0.53792423,1.2355927,2.1439998,0,0.98439979,3.7809618
2516,53,4802,686,2ntk_IMP_D_208,0,surfdock,0.53792423,1.2355927,2.1439998,0,0,3.7238533
2517,53,4830,690,2nu7_COA_E_1325,0,surfdock,0.53792423,1.2355927,2.1439998,0,0.17455798,2.4740069
2518,53,4942,706,2p1e_LAC_A_303,0,surfdock,0.53792423,1.2355927,2.1439998,0,0,1.9634558
2519,53,6055,865,2zm7_ACA_A_501,0,surfdock,0.53792423,1.2355927,2.1439998,0,0,3.4863747
2520,53,6104,872,2zut_A2G_C_4003,0,surfdock,0.53792423,1.2355927,2.1439998,0,0.9520775,2.8867508
2521,53,6111,873,2zuw_NDG_B_4002,0,surfdock,0.53792423,1.2355927,2.1439998,0,0,2.9261829
2522,53,6118,874,2zuw_NDG_D_4004,0,surfdock,0.53792423,1.2355927,2.1439998,0,0.99186384,2.9389008
2523,53,6405,915,3se2_LDR_A_1,0,surfdock,0.53792423,1.2355927,2.1439998,0,0.99714113,2.8279053
2524,53,7252,1036,4a3u_NCA_A_1359,0,surfdock,0.53792423,1.2355927,2.1439998,0,0.99429191,2.2897425
2525,53,7343,1049,4ajj_88R_B_1333,0,surfdock,0.53792423,1.2355927,2.1439998,0,0.99150414,2.4798312
2526,53,7350,1050,4ajj_88R_C_1335,0,surfdock,0.53792423,1.2355927,2.1439998,0,0.9930883,3.3811996
2527,53,7938,1134,4d06_NAR_A_301,0,surfdock,0.53792423,1.2355927,2.1439998,0,0,3.660561
2528,53,7945,1135,4d06_NAR_D_302,0,surfdock,0.53792423,1.2355927,2.1439998,0,1.0028765e-06,2.7220765
2529,53,7952,1136,4d06_NAR_F_301,0,surfdock,0.53792423,1.2355927,2.1439998,0,0.97458134,2.9190977
2530,53,7966,1138,4d06_X8W_B_301,0,surfdock,0.53792423,1.2355927,2.1439998,0,0.99502186,3.1881013
2531,53,7973,1139,4d06_X8W_D_303,0,surfdock,0.53792423,1.2355927,2.1439998,0,0.99223868,2.2802877
2532,53,8288,1184,4ek1_CAM_A_502,0,surfdock,0.53792423,1.2355927,2.1439998,0,0.066424545,2.4956931
2533,53,8295,1185,4ek1_CAM_B_502,0,surfdock,0.53792423,1.2355927,2.1439998,0,0.072793645,2.383185
2534,53,8337,1191,4evq_PHB_B_402,0,surfdock,0.53792423,1.2355927,2.1439998,0,0.98976449,2.6146326
2535,53,8351,1193,4f06_PHB_A_401,0,surfdock,0.53792423,1.2355927,2.1439998,0,0.98213379,2.5080761
2536,53,8477,1211,4gim_PSU_B_400,0,surfdock,0.53792423,1.2355927,2.1439998,0,0.97830455,3.7372134
2537,53,8484,1212,4gim_PSU_C_400,0,surfdock,0.53792423,1.2355927,2.1439998,0,0.94561269,3.8482246
2538,53,8876,1268,4itu_1HS_B_302,0,surfdock,0.53792423,1.2355927,2.1439998,0,7.3478855e-06,2.9050543
2539,53,8883,1269,4itu_1HS_C_302,0,surfdock,0.53792423,1.2355927,2.1439998,0,7.119074e-06,2.8060793
2540,53,8890,1270,4itu_1HS_D_302,0,surfdock,0.53792423,1.2355927,2.1439998,0,5.1528215e-06,2.9139994
2541,53,9051,1293,4kp7_1UQ_A_503,0,surfdock,0.53792423,1.2355927,2.1439998,0,0,3.4967209
2542,53,9058,1294,4kp7_1UQ_B_502,0,surfdock,0.53792423,1.2355927,2.1439998,0,0.99343385,3.3514633
2543,53,9100,1300,4l1x_STR_A_402,0,surfdock,0.53792423,1.2355927,2.1439998,0,0.98821587,3.5815556
2544,54,15379,2197,6gck_EUB_A_302,0,surfdock,0.77199815,1.4236898,2.1490149,0,0.82353599,3.3976825
2545,54,15393,2199,6gck_EUB_C_302,0,surfdock,0.76672457,1.4225552,2.1490149,0,0.99039091,2.3450384
2546,54,15386,2198,6gck_EUB_B_302,0,surfdock,0.76058805,1.4214205,2.1490149,0,0.98790333,3.3399866
2547,54,11655,1665,5eo7_SFU_B_404,0,surfdock,0.54958839,1.2901805,2.1490149,0,0,2.6196737
2548,54,679,97,1gck_PLP_A_413,0,surfdock,0.53779381,1.2375615,2.1490149,0,0,3.844498
2549,54,686,98,1gck_PLP_B_913,0,surfdock,0.53779381,1.2375615,2.1490149,0,0,3.2080356
2550,54,2163,309,1p7l_PPK_C_684,0,surfdock,0.53779381,1.2375615,2.1490149,0,0.98636298,2.961343
2551,54,2170,310,1p7l_PPK_D_884,0,surfdock,0.53779381,1.2375615,2.1490149,0,0.0071423959,2.9455863
2552,54,2464,352,1rvt_NDG_H_742,0,surfdock,0.53779381,1.2375615,2.1490149,0,0,2.6985241
2553,54,2674,382,1thc_FL9_A_130,0,surfdock,0.53779381,1.2375615,2.1490149,0,3.6158123e-07,3.0397459
2554,54,3129,447,1x09_IPE_A_901,0,surfdock,0.53779381,1.2375615,2.1490149,0,0.98596716,2.4415176
2555,54,3549,507,1zuw_DGL_A_1301,0,surfdock,0.53779381,1.2375615,2.1490149,0,0.0022358184,2.8110173
2556,54,3556,508,1zuw_DGL_B_2301,0,surfdock,0.53779381,1.2375615,2.1490149,0,0.0010481364,2.8044692
2557,54,3563,509,1zuw_DGL_C_3301,0,surfdock,0.53779381,1.2375615,2.1490149,0,0,2.954644
2558,54,3955,565,2caq_GSH_A_1208,0,surfdock,0.53779381,1.2375615,2.1490149,0,0,5.1891011
2559,54,4032,576,2dv0_ZST_A_600,0,surfdock,0.53779381,1.2375615,2.1490149,0,0,4.2443255
2560,54,4102,586,2ef9_A5P_A_1269,0,surfdock,0.53779381,1.2375615,2.1490149,0,0,4.6310723
2561,54,4109,587,2ef9_A5P_B_2269,0,surfdock,0.53779381,1.2375615,2.1490149,0,0.96285241,3.0447047
2562,54,4305,615,2fyd_BGC_B_403,0,surfdock,0.53779381,1.2375615,2.1490149,0,0.98348,2.5686446
2563,54,4312,616,2fyd_BGC_D_530,0,surfdock,0.53779381,1.2375615,2.1490149,0,0,2.7541018
2564,54,4333,619,2fz8_ZST_A_600,0,surfdock,0.53779381,1.2375615,2.1490149,0,0,4.363632
2565,54,4809,687,2nu7_COA_B_1025,0,surfdock,0.53779381,1.2375615,2.1490149,0,0,3.1487256
2566,54,4823,689,2nu7_COA_E_1025,0,surfdock,0.53779381,1.2375615,2.1490149,0,0.52875291,3.0057185
2567,54,4949,707,2pd5_ZST_A_600,0,surfdock,0.53779381,1.2375615,2.1490149,0,0.99154006,4.3385824
2568,54,5278,754,2r4t_GLC_A_502,0,surfdock,0.53779381,1.2375615,2.1490149,0,0,2.8166981
2569,54,5936,848,2z48_A2G_B_2005,0,surfdock,0.53779381,1.2375615,2.1490149,0,0,2.6952069
2570,54,5943,849,2z48_NGA_A_1002,0,surfdock,0.53779381,1.2375615,2.1490149,0,0,2.6916391
2571,54,5950,850,2z48_NGA_A_1003,0,surfdock,0.53779381,1.2375615,2.1490149,0,0,2.7111553
2572,54,5957,851,2z48_NGA_A_1004,0,surfdock,0.53779381,1.2375615,2.1490149,0,0,2.6848058
2573,54,5964,852,2z48_NGA_A_1006,0,surfdock,0.53779381,1.2375615,2.1490149,0,0,2.9372633
2574,54,5971,853,2z48_NGA_B_2002,0,surfdock,0.53779381,1.2375615,2.1490149,0,0.97904807,2.6944507
2575,54,5978,854,2z48_NGA_B_2003,0,surfdock,0.53779381,1.2375615,2.1490149,0,0.98433886,2.7226763
2576,54,5985,855,2z48_NGA_B_2004,0,surfdock,0.53779381,1.2375615,2.1490149,0,0,2.6591698
2577,54,5992,856,2z48_NGA_B_2006,0,surfdock,0.53779381,1.2375615,2.1490149,0,0.13471393,2.7884494
2578,54,6132,876,2zvq_1NP_X_502,0,surfdock,0.53779381,1.2375615,2.1490149,0,0,1.9990842
2579,54,6426,918,3sli_SKD_A_760,0,surfdock,0.53779381,1.2375615,2.1490149,0,0,3.5073965
2580,54,6433,919,3sp6_IL2_A_901,0,surfdock,0.53779381,1.2375615,2.1490149,0,0,4.3345224
2581,54,6496,928,3tky_N7I_B_369,0,surfdock,0.53779381,1.2375615,2.1490149,0,0.08238235,2.8915246
2582,54,6510,930,3tky_N7I_D_369,0,surfdock,0.53779381,1.2375615,2.1490149,0,0.91531158,2.8414893
2583,54,6580,940,3uu7_2OH_A_1,0,surfdock,0.53779381,1.2375615,2.1490149,0,0.99697205,3.3124763
2584,54,6587,941,3uu7_2OH_B_1,0,surfdock,0.53779381,1.2375615,2.1490149,0,0.99680394,3.3668991
2585,54,7980,1140,4d0z_BBK_E_1584,0,surfdock,0.53779381,1.2375615,2.1490149,0,0.92336522,2.8271555
2586,54,8008,1144,4d4u_FUC_A_950,0,surfdock,0.53779381,1.2375615,2.1490149,0,0.98504497,2.3623948
2587,54,8141,1163,4dtb_GMP_A_401,0,surfdock,0.53779381,1.2375615,2.1490149,0,0,3.3089954
2588,54,8148,1164,4dtb_GMP_B_401,0,surfdock,0.53779381,1.2375615,2.1490149,0,0.99279644,3.2915658
2589,54,8442,1206,4gh8_MTX_B_201,0,surfdock,0.53779381,1.2375615,2.1490149,0,0.97815095,4.7998497
2590,54,8533,1219,4hey_4MZ_A_307,0,surfdock,0.53779381,1.2375615,2.1490149,0,0.071537657,1.8959037
2591,54,8540,1220,4hey_4MZ_A_308,0,surfdock,0.53779381,1.2375615,2.1490149,0,0.8286018,1.8849655
2592,54,8547,1221,4hez_1MZ_A_302,0,surfdock,0.53779381,1.2375615,2.1490149,0,0,1.8859067
2593,54,8554,1222,4hez_1MZ_A_307,0,surfdock,0.53779381,1.2375615,2.1490149,0,0.076795885,1.8764846
2594,55,11956,1708,5fwe_OGA_A_1358,0,surfdock,0.70509496,1.3331858,2.5613289,0,0.99620838,2.6985111
2595,55,15421,2203,6h8p_OGA_A_504,0,surfdock,0.71166986,1.3099048,2.7292128,0,0,2.7037712
2596,55,7854,1122,4cme_KTZ_C_1270,0,surfdock,0.62888991,1.2950863,2.1424959,0,0.99550674,3.5899261
2597,55,7777,1111,4cle_JR2_A_1270,0,surfdock,0.62845276,1.292857,2.1424959,0,0.99282038,2.6102216
2598,55,7791,1113,4cle_JR2_C_1270,0,surfdock,0.62845276,1.292857,2.1424959,0,0.99120331,2.5406749
2599,55,7798,1114,4cle_JR2_D_1270,0,surfdock,0.62845276,1.292857,2.1424959,0,0.99116582,2.5398358
2600,55,6181,883,3qfx_CP6_B_702,0,surfdock,0.54767413,1.2900585,2.1424959,0,0.98832834,3.1758338
2601,55,9226,1318,4lxi_22J_A_301,0,surfdock,0.54005386,1.2899636,2.1424959,0,0.90201603,3.632006
2602,55,7770,1110,4cld_JUO_D_1270,0,surfdock,0.53173355,1.2892047,2.1424959,0,0,3.1914864
2603,55,4928,704,2ot7_OGA_A_500,0,surfdock,0.70589827,1.2768046,2.9725971,0,0.99467675,2.7214344
2604,55,15260,2180,6flu_DTK_A_405,0,surfdock,0.75443312,1.272564,3.1575911,0,0,2.0902373
2605,55,15295,2185,6flu_DTK_B_404,0,surfdock,0.75435052,1.272479,3.1575911,0,0.99150481,2.0943718
2606,55,15288,2184,6flu_DTK_B_403,0,surfdock,0.75283104,1.2701679,3.1747601,0,0.93482349,2.0474483
2607,55,16779,2397,6qqs_JCZ_B_301,0,surfdock,0.62845276,1.2666062,2.3182375,0,0.92756935,2.9582012
2608,55,8582,1226,4hon_AKG_B_401,0,surfdock,0.62845276,1.2662382,2.320771,0,0.99329821,2.7992165
2609,55,15267,2181,6flu_DTK_A_406,0,surfdock,0.76319818,1.2632125,3.246948,0,0.98205729,2.2180148
2610,55,16772,2396,6qqs_JCZ_A_301,0,surfdock,0.62845276,1.2621355,2.3491549,0,0.53484623,3.0488607
2611,55,8575,1225,4hon_AKG_A_401,0,surfdock,0.62845276,1.2599998,2.3640296,0,0.99662671,2.7235457
2612,55,581,83,1fuq_CIT_B_1002,0,surfdock,0.53131642,1.239069,2.1424959,0,0.42350044,2.4601984
2613,55,595,85,1fwn_PEP_A_1268,0,surfdock,0.53131642,1.239069,2.1424959,0,0,2.3554295
2614,55,1036,148,1h7q_TYD_A_1258,0,surfdock,0.53131642,1.239069,2.1424959,0,0.55942237,3.8327271
2615,55,1540,220,1ki2_GA2_B_2,0,surfdock,0.53131642,1.239069,2.1424959,0,0.98928761,3.4817345
2616,55,1729,247,1m3u_KPL_B_265,0,surfdock,0.53131642,1.239069,2.1424959,0,0.5774203,2.7065992
2617,55,1736,248,1m3u_KPL_C_265,0,surfdock,0.53131642,1.239069,2.1424959,0,0.63416872,2.738891
2618,55,1743,249,1m3u_KPL_D_265,0,surfdock,0.53131642,1.239069,2.1424959,0,0.77151058,2.5396945
2619,55,1750,250,1m3u_KPL_E_265,0,surfdock,0.53131642,1.239069,2.1424959,0,0.99436588,2.5224493
2620,55,1757,251,1m3u_KPL_G_265,0,surfdock,0.53131642,1.239069,2.1424959,0,0.41429981,5.6412252
2621,55,1764,252,1m3u_KPL_H_265,0,surfdock,0.53131642,1.239069,2.1424959,0,0.2487361,2.504068
2622,55,1771,253,1m3u_KPL_I_265,0,surfdock,0.53131642,1.239069,2.1424959,0,0.23320502,5.6368989
2623,55,1778,254,1m3u_KPL_J_265,0,surfdock,0.53131642,1.239069,2.1424959,0,0.99584105,2.5730411
2624,55,2730,390,1tl2_NDG_A_237,0,surfdock,0.53131642,1.239069,2.1424959,0,0.98017459,2.7604079
2625,55,2737,391,1tl2_NDG_A_238,0,surfdock,0.53131642,1.239069,2.1424959,0,0.00028478674,2.746407
2626,55,2751,393,1tl2_NDG_A_241,0,surfdock,0.53131642,1.239069,2.1424959,0,0.98446654,2.8102498
2627,55,2814,402,1tvw_UMP_A_317,0,surfdock,0.53131642,1.239069,2.1424959,0,0.99132926,3.471981
2628,55,3822,546,2brk_CMF_A_1534,0,surfdock,0.53131642,1.239069,2.1424959,0,0,4.5479988
2629,55,4116,588,2ef9_PEP_B_2268,0,surfdock,0.53131642,1.239069,2.1424959,0,0,2.6209886
2630,55,5047,721,2q6m_P34_A_1001,0,surfdock,0.53131642,1.239069,2.1424959,0,0.93265115,3.3662043
2631,55,5215,745,2qx4_ML1_B_233,0,surfdock,0.53131642,1.239069,2.1424959,0,0.98086065,3.2205622
2632,55,5313,759,2ri1_GLP_B_234,0,surfdock,0.53131642,1.239069,2.1424959,0,0.66481448,3.0096965
2633,55,5481,783,2vlf_PLI_B_1459,0,surfdock,0.53131642,1.239069,2.1424959,0,0,4.03213
2634,55,5523,789,2w0b_CMW_A_1450,0,surfdock,0.53131642,1.239069,2.1424959,0,5.77721e-06,5.762002
2635,55,5677,811,2x6o_2TC_A_1209,0,surfdock,0.53131642,1.239069,2.1424959,0,0,4.4002253
2636,55,5733,819,2xta_TPP_A_2001,0,surfdock,0.53131642,1.239069,2.1424959,0,0.9785827,4.5972359
2637,55,5740,820,2xta_TPP_B_2001,0,surfdock,0.53131642,1.239069,2.1424959,0,0.99476056,4.4247346
2638,55,5747,821,2xta_TPP_C_2001,0,surfdock,0.53131642,1.239069,2.1424959,0,0.95225006,4.3915352
2639,55,5754,822,2xta_TPP_D_2001,0,surfdock,0.53131642,1.239069,2.1424959,0,0,4.5752978
2640,55,5852,836,2y4j_LAC_A_400,0,surfdock,0.53131642,1.239069,2.1424959,0,0.98384052,2.1792451
2641,55,5859,837,2y4j_LAC_B_400,0,surfdock,0.53131642,1.239069,2.1424959,0,0.9640357,2.190249
2642,55,6006,858,2z7s_P01_A_1,0,surfdock,0.53131642,1.239069,2.1424959,0,0.73019444,4.2077217
2643,55,6153,879,2zyv_NPO_X_1602,0,surfdock,0.53131642,1.239069,2.1424959,0,0.99812404,3.8124425
2644,56,8722,1246,4i4v_NGA_D_201,0,surfdock,0.7573417,1.4192815,2.1416709,0,0.98665319,2.5786067
2645,56,8715,1245,4i4v_NGA_B_202,0,surfdock,0.7555964,1.4189959,2.1416709,0,0,2.7615746
2646,56,8701,1243,4i4v_NGA_A_201,0,surfdock,0.73325332,1.4172827,2.1416709,0,0,2.8976884
2647,56,8708,1244,4i4v_NGA_A_202,0,surfdock,0.72145453,1.3987232,2.1416709,0,0.96863382,2.6645247
2648,56,17431,2490,6uxr_K6G_B_202,1,unimol,0.66911392,1.3449957,2.1416709,0,0.89948728,39.38
2649,56,14918,2131,6cdy_EY1_A_501,1,unimol,0.66911392,1.3242388,2.2741649,0,0,23.05
2650,56,14925,2132,6cdy_EY1_B_501,1,unimol,0.66911392,1.3242388,2.2741649,0,0,24.27
2651,56,232,33,1cgk_NAR_A_390,1,unimol,0.72258027,1.292945,2.9238882,0,0,16.86
2652,56,7644,1092,4c7g_NGO_A_1495,0,surfdock,0.63315682,1.2916013,2.1416709,0,0,2.8809428
2653,56,372,53,1dpm_EBP_B_903,1,unimol,0.72258027,1.2845248,2.987999,0,0.97920817,24.08
2654,56,358,51,1dpm_EBP_A_901,1,unimol,0.72254378,1.2764149,2.987999,0,0.9780366,19.09
2655,56,9849,1407,4qya_LU2_B_201,0,surfdock,0.6469568,1.2676354,2.3288691,0,0,5.7926778
2656,56,8541,1220,4hey_4MZ_A_308,1,unimol,0.77877698,1.2601401,3.2678721,0,0,18.85
2657,56,15625,2232,6j4t_IMP_A_401,1,unimol,0.66911392,1.2452024,2.834487,0,0,15.86
2658,56,3318,474,1yw9_A84_A_482,0,surfdock,0.53589873,1.2418237,2.1416709,0,0,4.4864508
2659,56,3913,559,2c6q_IMP_A_1337,0,surfdock,0.53589873,1.2418237,2.1416709,0,0.95838321,3.8342806
2660,56,3920,560,2c6q_IMP_D_1337,0,surfdock,0.53589873,1.2418237,2.1416709,0,0.95736072,3.9253672
2661,56,3927,561,2c6q_IMP_E_1337,0,surfdock,0.53589873,1.2418237,2.1416709,0,0.52824311,3.8296305
2662,56,3934,562,2c6q_IMP_F_1337,0,surfdock,0.53589873,1.2418237,2.1416709,0,0.9927371,3.9540319
2663,56,3941,563,2c6q_IMP_G_1338,0,surfdock,0.53589873,1.2418237,2.1416709,0,0.99621839,3.9007411
2664,56,3948,564,2c6q_IMP_H_1337,0,surfdock,0.53589873,1.2418237,2.1416709,0,0,3.9403654
2665,56,4319,617,2fyd_NGA_B_404,0,surfdock,0.53589873,1.2418237,2.1416709,0,0.97698155,2.7596668
2666,56,4326,618,2fyd_NGA_D_529,0,surfdock,0.53589873,1.2418237,2.1416709,0,0.9574603,3.0207309
2667,56,4543,649,2iht_TPP_A_600,0,surfdock,0.53589873,1.2418237,2.1416709,0,0,4.5891793
2668,56,4550,650,2iht_TPP_B_600,0,surfdock,0.53589873,1.2418237,2.1416709,0,0.8056644,4.5836029
2669,56,4557,651,2iht_TPP_C_600,0,surfdock,0.53589873,1.2418237,2.1416709,0,0.96034959,4.4852786
2670,56,4662,666,2j5b_TYE_A_1336,0,surfdock,0.53589873,1.2418237,2.1416709,0,0,2.6827412
2671,56,4669,667,2j5b_TYE_B_1338,0,surfdock,0.53589873,1.2418237,2.1416709,0,0.83428746,2.7618277
2672,57,12215,1745,5hfa_FP1_A_607,0,surfdock,0.76557023,1.420001,2.1438591,0,0.00070349745,2.5721982
2673,57,12222,1746,5hfa_FP1_A_608,0,surfdock,0.76467299,1.4198103,2.1438591,0,0.0055357731,2.569883
2674,57,12229,1747,5hfa_FP1_B_609,0,surfdock,0.76294467,1.4195242,2.1438591,0,0.0041199842,2.4820926
2675,57,10619,1517,4z69_DIF_A_1007,0,surfdock,0.76626192,1.3451939,2.6222384,0,0.9943386,3.4811523
2676,57,14945,2135,6cqu_HI6_B_601,0,surfdock,0.63421213,1.2689106,2.3143318,0,0,3.7611742
2677,57,10612,1516,4z69_DIF_A_1006,0,surfdock,0.57960471,1.2670811,2.3092492,0,0,3.3421721
2678,57,350,50,1dna_CB3_B_602,0,surfdock,0.63318068,1.2461285,2.4588058,0,0.91066295,4.8442767
2679,57,280,40,1d6u_HY1_A_2001,0,surfdock,0.5361247,1.2432637,2.1438591,0,0.99426473,2.5733155
2680,57,287,41,1d6u_HY1_B_3001,0,surfdock,0.5361247,1.2432637,2.1438591,0,0.99514332,2.4266236
2681,57,574,82,1fsa_F6P_B_338,0,surfdock,0.5361247,1.2432637,2.1438591,0,0.96123392,3.3005421
2682,57,2002,286,1nuw_F6P_A_2336,0,surfdock,0.5361247,1.2432637,2.1438591,0,0,3.1148016
2683,57,2009,287,1nux_F6P_A_2339,0,surfdock,0.5361247,1.2432637,2.1438591,0,0.9712401,3.2576205
2684,57,2289,327,1pwz_RSO_B_256,0,surfdock,0.5361247,1.2432637,2.1438591,0,0.9951624,1.698808
2685,57,2786,398,1tsd_UMP_A_267,0,surfdock,0.5361247,1.2432637,2.1438591,0,0.96169717,3.6706363
2686,57,2793,399,1tsd_UMP_B_265,0,surfdock,0.5361247,1.2432637,2.1438591,0,0.97418974,3.4521133
2687,57,3024,432,1vzu_UDP_A_1371,0,surfdock,0.5361247,1.2432637,2.1438591,0,0,4.0457677
2688,57,3031,433,1vzu_UDP_B_2371,0,surfdock,0.5361247,1.2432637,2.1438591,0,0.97566077,3.923967
2689,57,3206,458,1xdj_HCS_A_1050,0,surfdock,0.5361247,1.2432637,2.1438591,0,0.97585257,2.5027132
2690,57,3612,516,2a5t_GLU_B_2002,0,surfdock,0.5361247,1.2432637,2.1438591,0,0,2.5043057
2691,57,4438,634,2gyv_HBP_B_545,0,surfdock,0.5361247,1.2432637,2.1438591,0,0,4.0471019
2692,57,5530,790,2w1a_TSA_D_1091,0,surfdock,0.5361247,1.2432637,2.1438591,0,0.97137595,2.9986503
2693,57,5551,793,2wch_B7M_A_1145,0,surfdock,0.5361247,1.2432637,2.1438591,0,0,3.7129995
2694,57,5628,804,2wu4_HBP_A_1544,0,surfdock,0.5361247,1.2432637,2.1438591,0,0.12293251,4.2157806
2695,57,6636,948,3v8n_5NB_A_301,0,surfdock,0.5361247,1.2432637,2.1438591,0,0.25908289,3.2216833
2696,57,7126,1018,3wzo_ZOE_A_201,0,surfdock,0.5361247,1.2432637,2.1438591,0,0,4.1592346
2697,57,7133,1019,3wzo_ZOE_B_201,0,surfdock,0.5361247,1.2432637,2.1438591,0,0,4.1346229
2698,57,7385,1055,4ajj_MLI_A_1333,0,surfdock,0.5361247,1.2432637,2.1438591,0,0.99369265,2.2051053
2699,57,7392,1056,4ajj_MLI_D_1333,0,surfdock,0.5361247,1.2432637,2.1438591,0,0,2.0752333
2700,57,7532,1076,4bdr_CYS_B_804,0,surfdock,0.5361247,1.2432637,2.1438591,0,0,1.9929507
2701,57,8064,1152,4dd8_BAT_A_1000,0,surfdock,0.5361247,1.2432637,2.1438591,0,0,4.5834627
2702,57,8071,1153,4dd8_BAT_B_1000,0,surfdock,0.5361247,1.2432637,2.1438591,0,0.93643228,4.561592
2703,57,8078,1154,4dd8_BAT_C_1000,0,surfdock,0.5361247,1.2432637,2.1438591,0,0.59027314,4.893446
2704,57,8085,1155,4dd8_BAT_D_1000,0,surfdock,0.5361247,1.2432637,2.1438591,0,0,4.9519569
2705,57,8568,1224,4hmx_WUB_A_302,0,surfdock,0.5361247,1.2432637,2.1438591,0,0.0001287914,2.8960965
2706,57,8778,1254,4i9n_1E5_A_402,0,surfdock,0.5361247,1.2432637,2.1438591,0,0.88465507,3.5428221
2707,57,8785,1255,4i9n_1E5_D_402,0,surfdock,0.5361247,1.2432637,2.1438591,0,0.8644883,3.5562936
2708,57,8792,1256,4i9n_1E5_G_402,0,surfdock,0.5361247,1.2432637,2.1438591,0,0.86354281,3.3980331
2709,57,8799,1257,4i9n_1E5_H_402,0,surfdock,0.5361247,1.2432637,2.1438591,0,0.89727759,3.5331233
2710,57,9541,1363,4np7_DPJ_A_403,0,surfdock,0.5361247,1.2432637,2.1438591,0,0,2.4104806
2711,57,9548,1364,4npm_SIN_A_301,0,surfdock,0.5361247,1.2432637,2.1438591,0,0.99523311,2.5402076
2712,57,9555,1365,4npm_SIN_B_301,0,surfdock,0.5361247,1.2432637,2.1438591,0,0.99470736,2.5451785
2713,57,9835,1405,4qxc_OGA_A_600,0,surfdock,0.5361247,1.2432637,2.1438591,0,0.99713744,2.8374349
2714,57,10024,1432,4trj_665_A_501,0,surfdock,0.5361247,1.2432637,2.1438591,0,0.87354375,3.7462651
2715,57,10353,1479,4wua_3UL_A_701,0,surfdock,0.5361247,1.2432637,2.1438591,0,0.98708508,4.1555126
2716,57,10360,1480,4wxb_CIT_A_501,0,surfdock,0.5361247,1.2432637,2.1438591,0,0.79853253,3.0019116
2717,57,10367,1481,4wxb_CIT_B_501,0,surfdock,0.5361247,1.2432637,2.1438591,0,0.90996692,2.9353589
2718,57,10374,1482,4wxb_CIT_C_501,0,surfdock,0.5361247,1.2432637,2.1438591,0,0.31199923,2.6004095
2719,57,10381,1483,4wxb_CIT_D_501,0,surfdock,0.5361247,1.2432637,2.1438591,0,0,3.0249008
2720,57,10549,1507,4ysx_MLI_E_701,0,surfdock,0.5361247,1.2432637,2.1438591,0,0.98895814,2.1752841
2721,57,10647,1521,4zb2_FRU_A_404,0,surfdock,0.5361247,1.2432637,2.1438591,0,0,2.3885343
2722,58,11466,1638,5dne_ASN_C_601,0,surfdock,0.75635756,1.417247,2.1431558,0,0,2.5017056
2723,58,11459,1637,5dne_ASN_A_601,0,surfdock,0.7557142,1.4171513,2.1431558,0,0,2.5474067
2724,58,15148,2164,6f76_CVK_F_203,0,surfdock,0.74904561,1.3283608,2.7112596,0,0,3.9992679
2725,58,15134,2162,6f76_CVK_B_203,0,surfdock,0.76138293,1.3246825,2.7481284,0,0.48931418,4.0262364
2726,58,13378,1911,5r0j_RBJ_B_401,1,unimol,0.66738601,1.3228256,2.2737772,0,0.94617903,17.29
2727,58,15127,2161,6f76_CVK_A_203,0,surfdock,0.74363961,1.320649,2.7616258,0,0,4.0684282
2728,58,5642,806,2wzv_FMN_A_801,0,surfdock,0.63355568,1.2944074,2.1431558,0,0.00037572046,4.9633476
2729,58,5649,807,2wzv_FMN_B_801,0,surfdock,0.63355568,1.2944074,2.1431558,0,0.98355615,4.6948491
2730,58,8953,1279,4jhh_H35_A_201,0,surfdock,0.63355568,1.2944074,2.1431558,0,0.96983172,3.172112
2731,58,15786,2255,6k92_GT0_A_802,1,unimol,0.83146669,1.2718781,3.282753,0,0.96383066,19.88
2732,58,742,106,1gsq_GDN_A_203,0,surfdock,0.53556259,1.245329,2.1431558,0,0.73101184,2.927866
2733,58,973,139,1h5r_THM_B_1293,0,surfdock,0.53556259,1.245329,2.1431558,0,0.98383148,3.1136914
2734,58,987,141,1h5r_THM_C_1293,0,surfdock,0.53556259,1.245329,2.1431558,0,0,3.2340477
2735,58,994,142,1h5r_THM_D_1292,0,surfdock,0.53556259,1.245329,2.1431558,0,0.98919434,3.1655211
2736,58,1001,143,1h5r_THM_D_1293,0,surfdock,0.53556259,1.245329,2.1431558,0,0.45179086,3.2316316
2737,58,1876,268,1mvc_BM6_A_200,0,surfdock,0.53556259,1.245329,2.1431558,0,0.99246354,4.6687388
2738,58,3010,430,1vzd_CB3_A_318,0,surfdock,0.53556259,1.245329,2.1431558,0,0,4.5719371
2739,58,3017,431,1vzd_UFP_A_317,0,surfdock,0.53556259,1.245329,2.1431558,0,0.98543516,3.3424588
2740,58,3535,505,1zpd_CIT_A_610,0,surfdock,0.53556259,1.245329,2.1431558,0,0,2.7317557
2741,58,3542,506,1zpd_CIT_E_610,0,surfdock,0.53556259,1.245329,2.1431558,0,0.98209188,2.837468
2742,58,4424,632,2gx5_PCG_C_514,0,surfdock,0.53556259,1.245329,2.1431558,0,0.85691377,2.99121
2743,58,5152,736,2qim_ZEA_A_159,0,surfdock,0.53556259,1.245329,2.1431558,0,0.99028936,3.3746808
2744,58,5159,737,2qim_ZEA_A_160,0,surfdock,0.53556259,1.245329,2.1431558,0,0,4.7104
2745,58,5166,738,2qim_ZEA_A_161,0,surfdock,0.53556259,1.245329,2.1431558,0,0,3.0332242
2746,58,5229,747,2qxf_TMP_A_3000,0,surfdock,0.53556259,1.245329,2.1431558,0,0.97848271,3.2517104
2747,58,5299,757,2rbu_273_X_4001,0,surfdock,0.53556259,1.245329,2.1431558,0,0.9926902,2.2973614
2748,58,5355,765,2uuj_896_B_1250,0,surfdock,0.53556259,1.245329,2.1431558,0,0,4.190677
2749,58,5684,812,2xh0_PEP_A_1440,0,surfdock,0.53556259,1.245329,2.1431558,0,0,2.5388446
2750,58,5698,814,2xh0_PEP_C_1440,0,surfdock,0.53556259,1.245329,2.1431558,0,0.98802835,2.6264175
2751,58,5866,838,2ye5_2A7_A_1224,0,surfdock,0.53556259,1.245329,2.1431558,0,0.99016123,2.422752
2752,58,7203,1029,3zwt_KFZ_A_1401,0,surfdock,0.53556259,1.245329,2.1431558,0,0.98430495,3.8483007
2753,58,8246,1178,4e9z_651_A_301,0,surfdock,0.53556259,1.245329,2.1431558,0,0.99823689,3.4438554
2754,58,8253,1179,4ea0_651_B_305,0,surfdock,0.53556259,1.245329,2.1431558,0,0.88660388,3.7618455
2755,58,8491,1213,4gps_CIT_A_501,0,surfdock,0.53556259,1.245329,2.1431558,0,0,2.7627419
2756,58,8505,1215,4gy9_ZIP_A_201,0,surfdock,0.53556259,1.245329,2.1431558,0,0.99409346,3.0900416
2757,58,8750,1250,4i6w_1CO_A_501,0,surfdock,0.53556259,1.245329,2.1431558,0,0.00035806334,2.5693181
2758,58,8757,1251,4i6w_1CO_B_1001,0,surfdock,0.53556259,1.245329,2.1431558,0,0.98595935,2.5322443
2759,58,8967,1281,4jmz_1M2_A_302,0,surfdock,0.53556259,1.245329,2.1431558,0,0.99655803,2.5194523
2760,58,9037,1291,4kcf_FMN_A_502,0,surfdock,0.53556259,1.245329,2.1431558,0,0,4.1437172
2761,58,9107,1301,4l1x_STR_B_402,0,surfdock,0.53556259,1.245329,2.1431558,0,0,3.4503285
2762,58,9198,1314,4lol_1YE_A_401,0,surfdock,0.53556259,1.245329,2.1431558,0,0.99795073,3.5440466
2763,58,9205,1315,4lol_1YE_A_402,0,surfdock,0.53556259,1.245329,2.1431558,0,0.99567078,3.7242259
2764,58,9870,1410,4r2n_PHE_D_402,0,surfdock,0.53556259,1.245329,2.1431558,0,0.74142151,2.7501152
2765,58,9989,1427,4tq4_DMA_A_403,0,surfdock,0.53556259,1.245329,2.1431558,0,0.95627539,2.8681384
2766,58,9996,1428,4tq4_DMA_C_403,0,surfdock,0.53556259,1.245329,2.1431558,0,0.95790485,3.1383623
2767,58,10003,1429,4tq4_DMA_D_403,0,surfdock,0.53556259,1.245329,2.1431558,0,0.9842704,3.1070621
2768,58,10178,1454,4upd_7P9_A_1550,0,surfdock,0.53556259,1.245329,2.1431558,0,0,3.964178
2769,58,10185,1455,4upd_7P9_B_1550,0,surfdock,0.53556259,1.245329,2.1431558,0,7.8624181e-05,4.0740095
2770,58,10248,1464,4v2z_Y70_B_151,0,surfdock,0.53556259,1.245329,2.1431558,0,0.99349922,3.0837612
2771,58,10255,1465,4v2z_Y70_C_151,0,surfdock,0.53556259,1.245329,2.1431558,0,0.98637397,3.0342082
2772,59,13377,1911,5r0j_RBJ_B_401,0,surfdock,0.72488903,1.4126509,2.1502612,0,0,2.3622488
2773,59,11312,1616,5cjn_52F_A_809,0,surfdock,0.63517391,1.294826,2.1502612,0,0.99020367,3.4173138
2774,59,11781,1683,5f79_4V7_A_4000,0,surfdock,0.63435137,1.2928582,2.1502612,0,0.96011011,4.4131304
2775,59,11963,1709,5fwe_OGA_B_1359,0,surfdock,0.63517391,1.2905207,2.1781983,0,0,2.9125906
2776,59,16583,2369,6po9_OS7_A_803,0,surfdock,0.53718409,1.2570513,2.384377,0,0.26412292,3.7755204
2777,59,630,90,1g72_PQQ_A_701,0,surfdock,0.53694013,1.2475041,2.1502612,0,0,4.0796586
2778,59,756,108,1gz5_G6P_A_901,0,surfdock,0.53694013,1.2475041,2.1502612,0,0.70041485,3.2760552
2779,59,763,109,1gz5_G6P_C_901,0,surfdock,0.53694013,1.2475041,2.1502612,0,0,3.2338916
2780,59,770,110,1gz5_G6P_D_901,0,surfdock,0.53694013,1.2475041,2.1502612,0,0.82702458,3.2690028
2781,59,1428,204,1jyx_IPT_A_2001,0,surfdock,0.53694013,1.2475041,2.1502612,0,0,2.9842967
2782,59,1449,207,1jyx_IPT_C_2001,0,surfdock,0.53694013,1.2475041,2.1502612,0,0,2.8209646
2783,59,1456,208,1jyx_IPT_D_2001,0,surfdock,0.53694013,1.2475041,2.1502612,0,0.99098755,3.0708888
2784,59,2366,338,1q92_DRM_A_1001,0,surfdock,0.53694013,1.2475041,2.1502612,0,0.98807652,3.3656483
2785,59,2744,392,1tl2_NDG_A_240,0,surfdock,0.53694013,1.2475041,2.1502612,0,0.90898353,2.7838576
2786,59,3360,480,1z4k_T3P_A_4341,0,surfdock,0.53694013,1.2475041,2.1502612,0,0.99006705,3.6414356
2787,59,4718,674,2ji6_TPW_A_1566,0,surfdock,0.53694013,1.2475041,2.1502612,0,0,4.530183
2788,59,4851,693,2o1o_RIS_A_400,0,surfdock,0.53694013,1.2475041,2.1502612,0,0,3.2806648
2789,59,5124,732,2qd4_CHD_B_927,0,surfdock,0.53694013,1.2475041,2.1502612,0,2.0706733e-09,3.3122245
2790,59,6167,881,3mk1_NPO_A_911,0,surfdock,0.53694013,1.2475041,2.1502612,0,0.99454875,2.1105427
2791,59,6174,882,3mk1_NPO_A_913,0,surfdock,0.53694013,1.2475041,2.1502612,0,0.9948701,2.0599082
2792,59,6398,914,3se2_3AB_D_3,0,surfdock,0.53694013,1.2475041,2.1502612,0,0.99562959,2.5658703
2793,59,6762,966,3vq5_MMJ_A_1007,0,surfdock,0.53694013,1.2475041,2.1502612,0,0.99438716,2.9761187
2794,59,6769,967,3vq5_MMJ_B_307,0,surfdock,0.53694013,1.2475041,2.1502612,0,0.9934769,3.0018508
2795,59,6965,995,3wlf_FEH_A_401,0,surfdock,0.53694013,1.2475041,2.1502612,0,0.99626471,2.5177062
2796,59,6972,996,3wlf_FEH_B_401,0,surfdock,0.53694013,1.2475041,2.1502612,0,0.99680978,3.009972
2797,59,6979,997,3wlf_FEH_C_401,0,surfdock,0.53694013,1.2475041,2.1502612,0,0.9948248,2.3959558
2798,59,6986,998,3wlf_FEH_D_401,0,surfdock,0.53694013,1.2475041,2.1502612,0,0.99676535,2.4651729
2799,59,7665,1095,4cb5_93G_A_1484,0,surfdock,0.53694013,1.2475041,2.1502612,0,0,3.6555479
2800,59,7735,1105,4cjw_CBJ_A_1216,0,surfdock,0.53694013,1.2475041,2.1502612,0,4.6666931e-07,3.7011379
2801,59,7749,1107,4cjw_CBJ_B_1218,0,surfdock,0.53694013,1.2475041,2.1502612,0,3.6857397e-07,4.4270859
2802,59,8365,1195,4f8n_PC_A_202,0,surfdock,0.53694013,1.2475041,2.1502612,0,0.9663152,2.5033255
2803,59,8918,1274,4j4b_0TF_A_904,0,surfdock,0.53694013,1.2475041,2.1502612,0,0.97641548,3.5830967
2804,59,8925,1275,4j4b_0TF_B_301,0,surfdock,0.53694013,1.2475041,2.1502612,0,0.97586855,3.5552565
2805,59,9016,1288,4k5g_Q13_A_803,0,surfdock,0.53694013,1.2475041,2.1502612,0,0.021061927,3.7725091
2806,59,9023,1289,4k5g_Q13_B_803,0,surfdock,0.53694013,1.2475041,2.1502612,0,0.22522573,3.8466717
2807,59,9128,1304,4l80_OXL_A_402,0,surfdock,0.53694013,1.2475041,2.1502612,0,0.99550802,2.2808445
2808,59,9135,1305,4l80_OXL_B_402,0,surfdock,0.53694013,1.2475041,2.1502612,0,0.98072824,2.1793839
2809,59,9142,1306,4l80_OXL_C_402,0,surfdock,0.53694013,1.2475041,2.1502612,0,0.99606764,2.1267748
2810,59,9149,1307,4l80_OXL_D_402,0,surfdock,0.53694013,1.2475041,2.1502612,0,0.99482162,2.2723322
2811,59,9156,1308,4l80_OXL_E_402,0,surfdock,0.53694013,1.2475041,2.1502612,0,0.99179727,2.1333565
2812,59,9163,1309,4l80_OXL_F_402,0,surfdock,0.53694013,1.2475041,2.1502612,0,0.99232612,2.1511185
2813,59,9233,1319,4lz7_1YW_B_804,0,surfdock,0.53694013,1.2475041,2.1502612,0,0.19717189,3.1176897
2814,59,9240,1320,4lz7_1YW_C_804,0,surfdock,0.53694013,1.2475041,2.1502612,0,0,3.7917553
2815,59,10717,1531,4zhd_4OZ_A_202,0,surfdock,0.53694013,1.2475041,2.1502612,0,0,4.200166
2816,59,10724,1532,4zhd_4OZ_C_202,0,surfdock,0.53694013,1.2475041,2.1502612,0,0.015308782,3.5120573
2817,59,10752,1536,4zo7_BGC_A_805,0,surfdock,0.53694013,1.2475041,2.1502612,0,0.76289475,2.5347766
2818,59,10794,1542,4zu3_4SD_A_301,0,surfdock,0.53694013,1.2475041,2.1502612,0,0.9567195,5.6027616
2819,59,10801,1543,4zu3_4SD_B_301,0,surfdock,0.53694013,1.2475041,2.1502612,0,0.93852138,2.4540769
2820,59,10808,1544,4zu3_4SD_B_302,0,surfdock,0.53694013,1.2475041,2.1502612,0,0.95106907,2.4259548
2821,59,10815,1545,4zu3_4SD_C_301,0,surfdock,0.53694013,1.2475041,2.1502612,0,0.030118337,2.4367526
2822,60,518,74,1fk1_DAO_A_201,0,surfdock,0.73731851,1.3070329,2.8275871,0,0.94505784,3.4397775
2823,60,11088,1584,5av2_KMP_A_300,0,surfdock,0.63717687,1.2945251,2.1445627,0,0.99688126,3.458109
2824,60,11494,1642,5dr9_SKE_A_401,0,surfdock,0.63717687,1.2945251,2.1445627,0,0,3.9061869
2825,60,11501,1643,5dt0_SKE_A_401,0,surfdock,0.63717687,1.2945251,2.1445627,0,0.96918022,3.9722193
2826,60,17297,2471,6tol_NQW_A_201,0,surfdock,0.63717687,1.2945251,2.1445627,0,0,4.0589076
2827,60,4781,683,2nry_STU_D_501,0,surfdock,0.73994237,1.2922955,2.9391623,0,0.99343246,4.9969553
2828,60,4774,682,2nry_STU_C_503,0,surfdock,0.7456832,1.2795359,3.0417151,0,0.99268149,4.9439056
2829,60,4767,681,2nry_STU_B_502,0,surfdock,0.70812378,1.2641207,2.9761496,0,0.93096274,4.9967589
2830,60,560,80,1fs5_16G_A_1267,0,surfdock,0.53862059,1.249501,2.1445627,0,0.22979798,2.7611592
2831,60,567,81,1fs5_16G_B_2267,0,surfdock,0.53862059,1.249501,2.1445627,0,0.017154785,2.8733108
2832,60,1099,157,1hot_16G_A_269,0,surfdock,0.53862059,1.249501,2.1445627,0,0.00032804334,2.9092965
2833,60,2800,400,1tt6_DES_B_128,0,surfdock,0.53862059,1.249501,2.1445627,0,0.3116108,3.0354246
2834,60,3353,479,1z3n_3NA_A_320,0,surfdock,0.53862059,1.249501,2.1445627,0,0,4.0551085
2835,60,3864,552,2bxh_IOS_A_1001,0,surfdock,0.53862059,1.249501,2.1445627,0,0.99680824,2.9934537
2836,60,4172,596,2f78_BEZ_A_1001,0,surfdock,0.53862059,1.249501,2.1445627,0,0.99520585,2.2773014
2837,60,4452,636,2gyw_OBI_B_953,0,surfdock,0.53862059,1.249501,2.1445627,0,0.95715683,3.7105317
2838,60,4753,679,2npq_BOG_A_1000,0,surfdock,0.53862059,1.249501,2.1445627,0,0,3.7603235
2839,60,4991,713,2prg_BRL_A_1,0,surfdock,0.53862059,1.249501,2.1445627,0,0.94496135,4.1129869
2840,60,5488,784,2vmg_MBG_A_1179,0,surfdock,0.53862059,1.249501,2.1445627,0,0.98019659,2.4895842
2841,60,5691,813,2xh0_PEP_B_1440,0,surfdock,0.53862059,1.249501,2.1445627,0,0.99111711,2.5890709
2842,60,5845,835,2y2f_YI1_A_1469,0,surfdock,0.53862059,1.249501,2.1445627,0,0.83272339,3.5093002
2843,60,6146,878,2zyv_NPO_X_1601,0,surfdock,0.53862059,1.249501,2.1445627,0,0,3.0273176
2844,60,6377,911,3ryd_SRT_A_271,0,surfdock,0.53862059,1.249501,2.1445627,0,0,2.3552885
2845,60,6384,912,3ryd_SRT_C_268,0,surfdock,0.53862059,1.249501,2.1445627,0,0.54297982,2.1861244
2846,60,7273,1039,4a7x_UDP_B_1241,0,surfdock,0.53862059,1.249501,2.1445627,0,0.94721058,4.1149867
2847,60,7441,1063,4aql_TXC_A_1452,0,surfdock,0.53862059,1.249501,2.1445627,0,0,3.8844085
2848,60,7784,1112,4cle_JR2_A_1271,0,surfdock,0.53862059,1.249501,2.1445627,0,0,2.8784623
2849,60,7805,1115,4cle_JR2_D_1271,0,surfdock,0.53862059,1.249501,2.1445627,0,0,2.7985245
2850,61,13860,1980,5ved_STU_A_601,0,surfdock,0.68662586,1.3816179,2.1496694,0,0,4.8539559
2851,61,1050,150,1h82_GZZ_C_590,0,surfdock,0.72467383,1.3121111,2.7852011,0,0,4.650908
2852,61,1043,149,1h82_GZZ_B_590,0,surfdock,0.72940296,1.2956785,2.9072077,0,0.95906774,3.3983171
2853,61,938,134,1h5r_G1P_A_1294,0,surfdock,0.53826002,1.250876,2.1496694,0,0.84403737,3.161929
2854,61,945,135,1h5r_G1P_B_1294,0,surfdock,0.53826002,1.250876,2.1496694,0,0.9828736,3.1666865
2855,61,952,136,1h5r_G1P_C_1294,0,surfdock,0.53826002,1.250876,2.1496694,0,0,3.1865425
2856,61,959,137,1h5r_G1P_D_1294,0,surfdock,0.53826002,1.250876,2.1496694,0,0,3.1967115
2857,61,1260,180,1j0y_BGC_A_1601,0,surfdock,0.53826002,1.250876,2.1496694,0,0.99715808,2.6647271
2858,61,1267,181,1j0y_BGC_B_2601,0,surfdock,0.53826002,1.250876,2.1496694,0,0.9543416,2.6449362
2859,61,1274,182,1j0y_BGC_C_3601,0,surfdock,0.53826002,1.250876,2.1496694,0,0.99731894,2.7467204
2860,61,1281,183,1j0y_BGC_D_4601,0,surfdock,0.53826002,1.250876,2.1496694,0,0.99550916,4.6779681
2861,61,3493,499,1zjp_DR4_A_1,0,surfdock,0.53826002,1.250876,2.1496694,0,0.92249257,3.8631107
2862,61,5033,719,2q28_TPP_A_4001,0,surfdock,0.53826002,1.250876,2.1496694,0,0.90482135,4.0171504
2863,61,6237,891,3qt8_FM0_A_328,0,surfdock,0.53826002,1.250876,2.1496694,0,0.99100529,3.7257301
2864,61,8589,1227,4hoz_GLC_A_703,0,surfdock,0.53826002,1.250876,2.1496694,0,0.99290205,2.7397413
2865,61,8855,1265,4iph_1FJ_A_201,0,surfdock,0.53826002,1.250876,2.1496694,0,0.98293708,3.4917041
2866,61,8862,1266,4iph_1FJ_A_202,0,surfdock,0.53826002,1.250876,2.1496694,0,0.0023835989,2.3903207
2867,61,9044,1292,4kfj_1R0_A_202,0,surfdock,0.53826002,1.250876,2.1496694,0,0,4.4056958
2868,61,9254,1322,4m2c_DAR_C_402,0,surfdock,0.53826002,1.250876,2.1496694,0,0.97985841,2.9672316
2869,61,9261,1323,4m2c_DAR_D_402,0,surfdock,0.53826002,1.250876,2.1496694,0,0,2.8617601
2870,61,9604,1372,4ocj_NDG_A_401,0,surfdock,0.53826002,1.250876,2.1496694,0,0,3.1486
2871,61,10430,1490,4xh4_PPI_A_504,0,surfdock,0.53826002,1.250876,2.1496694,0,0.99779281,1.9700955
2872,61,10654,1522,4zb2_GLC_A_403,0,surfdock,0.53826002,1.250876,2.1496694,0,0,2.5985373
2873,61,10661,1523,4zb5_GLC_A_403,0,surfdock,0.53826002,1.250876,2.1496694,0,0.98060384,2.631438
2874,61,10668,1524,4zbc_FRU_A_409,0,surfdock,0.53826002,1.250876,2.1496694,0,0.99597874,2.616858
2875,61,10675,1525,4zbc_FRU_B_408,0,surfdock,0.53826002,1.250876,2.1496694,0,0.0056344966,2.466939
2876,61,10682,1526,4zbc_FRU_B_409,0,surfdock,0.53826002,1.250876,2.1496694,0,0,2.3226248
2877,61,10689,1527,4zbc_GLC_A_407,0,surfdock,0.53826002,1.250876,2.1496694,0,0,2.7934014
2878,61,10696,1528,4zbc_GLC_B_406,0,surfdock,0.53826002,1.250876,2.1496694,0,0,2.7070757
2879,61,10703,1529,4zbc_GLC_B_407,0,surfdock,0.53826002,1.250876,2.1496694,0,0.081255711,2.4077078
2880,61,11039,1577,5agl_CCW_A_800,0,surfdock,0.53826002,1.250876,2.1496694,0,0.92788286,3.3183287
2881,61,11046,1578,5agl_CCW_B_800,0,surfdock,0.53826002,1.250876,2.1496694,0,0.82902421,3.176015
2882,61,11067,1581,5ahn_IMP_A_1468,0,surfdock,0.53826002,1.250876,2.1496694,0,0.94831195,3.4584502
2883,61,11137,1591,5b4u_MLA_A_302,0,surfdock,0.53826002,1.250876,2.1496694,0,0,2.2741432
2884,61,11144,1592,5bk9_SIN_A_301,0,surfdock,0.53826002,1.250876,2.1496694,0,0.99492289,2.5050132
2885,61,11151,1593,5bkd_AKG_A_502,0,surfdock,0.53826002,1.250876,2.1496694,0,0.9889843,2.8840909
2886,61,11158,1594,5bkd_AKG_B_502,0,surfdock,0.53826002,1.250876,2.1496694,0,0.97236046,2.5903196
2887,61,11193,1599,5c38_DA8_A_403,0,surfdock,0.53826002,1.250876,2.1496694,0,0.8342698,3.9401416
2888,61,11242,1606,5cak_4Z9_A_802,0,surfdock,0.53826002,1.250876,2.1496694,0,0.97813324,3.788045
2889,61,11410,1630,5del_ORO_A_602,0,surfdock,0.53826002,1.250876,2.1496694,0,0,4.5414193
2890,61,11606,1658,5eo7_SFU_A_401,0,surfdock,0.53826002,1.250876,2.1496694,0,0,1.684788
2891,61,11613,1659,5eo7_SFU_A_402,0,surfdock,0.53826002,1.250876,2.1496694,0,0,3.0833849
2892,61,11620,1660,5eo7_SFU_A_403,0,surfdock,0.53826002,1.250876,2.1496694,0,0.01341422,2.54309
2893,61,11627,1661,5eo7_SFU_A_405,0,surfdock,0.53826002,1.250876,2.1496694,0,0.86463364,2.4734548
2894,61,11634,1662,5eo7_SFU_B_401,0,surfdock,0.53826002,1.250876,2.1496694,0,0.94623429,2.44376
2895,61,11641,1663,5eo7_SFU_B_402,0,surfdock,0.53826002,1.250876,2.1496694,0,0.97909445,2.5528808
2896,61,11648,1664,5eo7_SFU_B_403,0,surfdock,0.53826002,1.250876,2.1496694,0,0,2.439579
2897,61,11662,1666,5eo7_SFU_B_405,0,surfdock,0.53826002,1.250876,2.1496694,0,0,2.4287783
2898,61,11669,1667,5eo7_SFU_C_403,0,surfdock,0.53826002,1.250876,2.1496694,0,0.70668546,2.3554724
2899,61,11676,1668,5eo7_SFU_C_405,0,surfdock,0.53826002,1.250876,2.1496694,0,0,2.5481625
2900,62,13405,1915,5sga_TYR_P_1,0,surfdock,0.71221398,1.3952746,2.2184839,0,0,4.7938696
2901,62,11284,1612,5cga_KP6_F_301,0,surfdock,0.73394169,1.3192856,2.7249372,0,0.99586843,2.8008279
2902,62,11291,1613,5cga_KP6_H_301,0,surfdock,0.74044389,1.3175486,2.7429781,0,0.99648687,2.7749513
2903,62,11263,1609,5cga_KP6_B_301,0,surfdock,0.73871809,1.317277,2.7429781,0,0.99601473,2.5454739
2904,62,11270,1610,5cga_KP6_C_301,0,surfdock,0.73764704,1.3171865,2.7429781,0,0.99698746,2.6594242
2905,62,11256,1608,5cga_KP6_A_301,0,surfdock,0.73738467,1.3170055,2.7429781,0,0.99670158,2.6510764
2906,62,11277,1611,5cga_KP6_E_301,0,surfdock,0.72745397,1.3160097,2.7429781,0,0.99686063,4.782112
2907,62,91,13,1amq_PMP_A_413,0,surfdock,0.5380478,1.252798,2.150877,0,0,3.1383996
2908,62,434,62,1e7h_PLM_A_1001,0,surfdock,0.5380478,1.252798,2.150877,0,0.96268238,2.935885
2909,62,2072,296,1o68_KIV_A_275,0,surfdock,0.5380478,1.252798,2.150877,0,0.98739086,2.3435445
2910,62,2079,297,1o68_KIV_D_275,0,surfdock,0.5380478,1.252798,2.150877,0,0.92939119,2.2865782
2911,62,2086,298,1o68_KIV_E_275,0,surfdock,0.5380478,1.252798,2.150877,0,0.9968964,2.4482266
2912,62,3507,501,1zmt_RNO_A_1002,0,surfdock,0.5380478,1.252798,2.150877,0,0,2.6497654
2913,62,3514,502,1zmt_RNO_D_1004,0,surfdock,0.5380478,1.252798,2.150877,0,0,2.7522154
2914,62,5068,724,2qb3_PMP_A_700,0,surfdock,0.5380478,1.252798,2.150877,0,0,3.1583242
2915,62,7007,1001,3wsg_CIT_A_302,0,surfdock,0.5380478,1.252798,2.150877,0,0.98930535,2.8704975
2916,62,7014,1002,3wsg_CIT_B_302,0,surfdock,0.5380478,1.252798,2.150877,0,0.98773373,2.7750901
2917,62,7021,1003,3wsg_CIT_C_302,0,surfdock,0.5380478,1.252798,2.150877,0,0.91616998,2.8828145
2918,62,7028,1004,3wsg_CIT_D_302,0,surfdock,0.5380478,1.252798,2.150877,0,0,2.7524942
2919,62,7035,1005,3wsg_CIT_E_302,0,surfdock,0.5380478,1.252798,2.150877,0,0,2.6076283
2920,62,7042,1006,3wsg_CIT_F_302,0,surfdock,0.5380478,1.252798,2.150877,0,0.98695186,2.7689275
2921,62,7259,1037,4a7a_RGZ_A_601,0,surfdock,0.5380478,1.252798,2.150877,0,0.99485876,3.6948041
2922,62,7266,1038,4a7a_RGZ_B_601,0,surfdock,0.5380478,1.252798,2.150877,0,0.98458192,3.7679005
2923,62,8050,1150,4dch_4DC_A_502,0,surfdock,0.5380478,1.252798,2.150877,0,0.96829989,3.9644829
2924,62,8344,1192,4evs_PHB_A_408,0,surfdock,0.5380478,1.252798,2.150877,0,0.9955027,2.5894647
2925,62,8995,1285,4jzx_476_A_402,0,surfdock,0.5380478,1.252798,2.150877,0,0.98889299,3.7889907
2926,62,9002,1286,4jzx_476_B_402,0,surfdock,0.5380478,1.252798,2.150877,0,0,3.7939645
2927,62,9009,1287,4jzx_IPE_B_401,0,surfdock,0.5380478,1.252798,2.150877,0,0.98659831,3.0483309
2928,62,9268,1324,4m54_AE5_A_403,0,surfdock,0.5380478,1.252798,2.150877,0,5.927046e-05,3.234894
2929,62,9639,1377,4oxy_1TN_B_302,0,surfdock,0.5380478,1.252798,2.150877,0,0.98677158,3.9585772
2930,62,9919,1417,4rje_PYR_B_402,0,surfdock,0.5380478,1.252798,2.150877,0,0.99591366,2.0832032
2931,62,9926,1418,4rje_PYR_D_402,0,surfdock,0.5380478,1.252798,2.150877,0,0,2.1047124
2932,62,9933,1419,4rkz_3S4_A_402,0,surfdock,0.5380478,1.252798,2.150877,0,0.98471835,3.009112
2933,62,9975,1425,4rvg_TYD_A_502,0,surfdock,0.5380478,1.252798,2.150877,0,0.9743768,4.0090917
2934,62,10297,1471,4wdd_CIT_A_401,0,surfdock,0.5380478,1.252798,2.150877,0,0.98767434,2.6589179
2935,62,10339,1477,4ws1_URF_A_301,0,surfdock,0.5380478,1.252798,2.150877,0,0.035058805,2.3180734
2936,62,10514,1502,4y14_C0A_A_407,0,surfdock,0.5380478,1.252798,2.150877,0,0.96805373,3.7273408
2937,62,10521,1503,4y14_C0A_B_404,0,surfdock,0.5380478,1.252798,2.150877,0,0.97211292,3.7984939
2938,62,10584,1512,4ywb_OXD_C_704,0,surfdock,0.5380478,1.252798,2.150877,0,0.9971287,2.1501865
2939,62,11375,1625,5ddu_PMP_A_601,0,surfdock,0.5380478,1.252798,2.150877,0,0.98996833,3.4104584
2940,62,11382,1626,5ddu_PMP_B_601,0,surfdock,0.5380478,1.252798,2.150877,0,0.21266363,3.185501
2941,62,11389,1627,5ddu_PMP_C_601,0,surfdock,0.5380478,1.252798,2.150877,0,0.9915381,3.33637
2942,62,11396,1628,5ddu_PMP_D_601,0,surfdock,0.5380478,1.252798,2.150877,0,0.99385418,3.3943615
2943,62,11473,1639,5dnx_5LD_A_203,0,surfdock,0.5380478,1.252798,2.150877,0,0.93684412,2.8551257
2944,62,11487,1641,5dnx_5LD_B_205,0,surfdock,0.5380478,1.252798,2.150877,0,0,2.4182606
2945,62,11697,1671,5eo8_TFU_A_403,0,surfdock,0.5380478,1.252798,2.150877,0,0.9876577,2.5016119
2946,62,11711,1673,5eo8_TFU_A_405,0,surfdock,0.5380478,1.252798,2.150877,0,0,2.5782269
2947,62,11718,1674,5eo8_TFU_A_406,0,surfdock,0.5380478,1.252798,2.150877,0,0.89876625,2.5101829
2948,62,11872,1696,5fkl_TDC_A_222,0,surfdock,0.5380478,1.252798,2.150877,0,0,4.3808355
2949,62,11879,1697,5fli_QUE_A_301,0,surfdock,0.5380478,1.252798,2.150877,0,0,3.7880706
2950,63,14224,2032,5xj7_87O_A_309,0,surfdock,0.64112552,1.2948023,2.1505594,0,0.94204549,4.3936477
2951,63,15561,2223,6hsg_GM5_A_504,0,surfdock,0.54211751,1.2922767,2.1505594,0,0,3.6036237
2952,63,15624,2232,6j4t_IMP_A_401,0,surfdock,0.64112552,1.2679766,2.3272045,0,0,3.9682666
2953,63,2716,388,1tkh_DPN_A_913,0,surfdock,0.64112552,1.2578913,2.3962622,0,0,2.7876434
2954,63,609,87,1g6n_CMP_A_621,0,surfdock,0.54195182,1.2549271,2.1505594,0,5.0567369e-07,3.7318588
2955,63,616,88,1g6n_CMP_B_622,0,surfdock,0.54195182,1.2549271,2.1505594,0,0,3.7591926
2956,63,3367,481,1z6k_OAA_A_274,0,surfdock,0.54195182,1.2549271,2.1505594,0,0,2.3472255
2957,63,4221,603,2fhk_MFN_B_602,0,surfdock,0.54195182,1.2549271,2.1505594,0,0,4.7510751
2958,63,4382,626,2g9z_VNP_A_602,0,surfdock,0.54195182,1.2549271,2.1505594,0,0,4.2046523
2959,63,5873,839,2yi6_6QM_A_1225,0,surfdock,0.54195182,1.2549271,2.1505594,0,0.97225952,5.7750953
2960,63,6832,976,3w7f_FPS_A_301,0,surfdock,0.54195182,1.2549271,2.1505594,0,0,4.0122563
2961,63,6839,977,3w7f_FPS_A_302,0,surfdock,0.54195182,1.2549271,2.1505594,0,0.96497093,4.4375359
2962,63,6846,978,3w7f_FPS_B_301,0,surfdock,0.54195182,1.2549271,2.1505594,0,0,4.1114917
2963,63,6853,979,3w7f_FPS_B_302,0,surfdock,0.54195182,1.2549271,2.1505594,0,0,4.4153911
2964,63,8610,1230,4hxk_1AJ_A_201,0,surfdock,0.54195182,1.2549271,2.1505594,0,1.5991157e-05,2.8803488
2965,63,8617,1231,4hzf_CMP_A_301,0,surfdock,0.54195182,1.2549271,2.1505594,0,0.48825785,3.9607236
2966,63,8624,1232,4hzf_CMP_A_302,0,surfdock,0.54195182,1.2549271,2.1505594,0,0.8709495,3.4864712
2967,63,8631,1233,4hzf_CMP_B_301,0,surfdock,0.54195182,1.2549271,2.1505594,0,0,3.9120259
2968,63,8638,1234,4i02_CMP_A_301,0,surfdock,0.54195182,1.2549271,2.1505594,0,0,3.7797818
2969,63,8645,1235,4i02_CMP_A_302,0,surfdock,0.54195182,1.2549271,2.1505594,0,0.87754944,3.3409482
2970,63,8652,1236,4i02_CMP_B_301,0,surfdock,0.54195182,1.2549271,2.1505594,0,0.96012242,3.7914655
2971,63,8659,1237,4i02_CMP_B_302,0,surfdock,0.54195182,1.2549271,2.1505594,0,0.18131332,3.1602182
2972,63,8666,1238,4i02_CMP_C_301,0,surfdock,0.54195182,1.2549271,2.1505594,0,0,3.5177183
2973,63,8680,1240,4i0b_CMP_A_302,0,surfdock,0.54195182,1.2549271,2.1505594,0,0.97462773,3.5402613
2974,63,9121,1303,4l7p_M95_A_601,0,surfdock,0.54195182,1.2549271,2.1505594,0,0.97495861,3.8747205
2975,63,9247,1321,4lz7_GLU_A_802,0,surfdock,0.54195182,1.2549271,2.1505594,0,0,2.614759
2976,63,9310,1330,4mig_G3F_B_802,0,surfdock,0.54195182,1.2549271,2.1505594,0,0.98360732,2.739972
2977,63,9317,1331,4mig_G3F_C_802,0,surfdock,0.54195182,1.2549271,2.1505594,0,0.95042455,2.8007799
2978,63,9436,1348,4n4j_HG1_A_607,0,surfdock,0.54195182,1.2549271,2.1505594,0,3.3184418e-08,2.708871
2979,63,9464,1352,4ndn_PPK_A_406,0,surfdock,0.54195182,1.2549271,2.1505594,0,0.90226474,2.9205422
2980,63,9471,1353,4ndn_PPK_C_404,0,surfdock,0.54195182,1.2549271,2.1505594,0,0,2.875802
2981,63,9828,1404,4qpe_37E_A_901,0,surfdock,0.54195182,1.2549271,2.1505594,0,0.99374267,3.0125852
2982,63,9842,1406,4qya_LU2_A_201,0,surfdock,0.54195182,1.2549271,2.1505594,0,0.98717476,2.9218322
2983,63,10066,1438,4u8p_UDP_A_603,0,surfdock,0.54195182,1.2549271,2.1505594,0,0.89250141,1.9156895
2984,63,10598,1514,4z1d_PEP_B_300,0,surfdock,0.54195182,1.2549271,2.1505594,0,0.88488139,2.5682189
2985,63,10773,1539,4zsy_RW2_B_502,0,surfdock,0.54195182,1.2549271,2.1505594,0,0,4.3207179
2986,63,10780,1540,4zsy_RW2_C_502,0,surfdock,0.54195182,1.2549271,2.1505594,0,0,4.5498309
2987,63,10787,1541,4zsy_RW2_D_502,0,surfdock,0.54195182,1.2549271,2.1505594,0,0,4.4039708
2988,63,10990,1570,5adi_TUE_A_800,0,surfdock,0.54195182,1.2549271,2.1505594,0,0.99028658,3.311625
2989,63,10997,1571,5adi_TUE_B_800,0,surfdock,0.54195182,1.2549271,2.1505594,0,0,2.9844704
2990,63,11032,1576,5ag5_DLR_A_1422,0,surfdock,0.54195182,1.2549271,2.1505594,0,1.8081241e-05,3.6626868
2991,63,11214,1602,5c8w_PCG_A_302,0,surfdock,0.54195182,1.2549271,2.1505594,0,0.99197156,3.7918229
2992,63,11221,1603,5c8w_PCG_B_303,0,surfdock,0.54195182,1.2549271,2.1505594,0,0,3.6234255
2993,63,11228,1604,5c8w_PCG_C_302,0,surfdock,0.54195182,1.2549271,2.1505594,0,0.98628668,3.6362392
2994,63,11235,1605,5c8w_PCG_E_302,0,surfdock,0.54195182,1.2549271,2.1505594,0,0.90661575,3.7300509
2995,63,11249,1607,5cfw_53W_A_201,0,surfdock,0.54195182,1.2549271,2.1505594,0,6.2280362e-05,4.1074991
2996,63,11340,1620,5cpp_ADO_A_422,0,surfdock,0.54195182,1.2549271,2.1505594,0,0.99587133,2.3162646
2997,63,11739,1677,5ew8_5SF_B_802,0,surfdock,0.54195182,1.2549271,2.1505594,0,0.9519242,4.7232337
2998,63,11830,1690,5fc5_PC_A_516,0,surfdock,0.54195182,1.2549271,2.1505594,0,0.98828868,2.5597863
2999,63,11837,1691,5fe1_12Q_B_901,0,surfdock,0.54195182,1.2549271,2.1505594,0,0.99708093,2.4608628
3000,64,8562,1223,4hgg_SYN_A_502,1,unimol,0.79607038,1.2807998,3.2391303,0,0.86131549,20.95
3001,64,203,29,1c9c_PP3_A_413,0,surfdock,0.53937339,1.2569244,2.1517489,0,0,4.2114545
3002,64,245,35,1cib_IMP_A_440,0,surfdock,0.53937339,1.2569244,2.1517489,0,0,3.874648
3003,64,707,101,1gim_IMP_A_440,0,surfdock,0.53937339,1.2569244,2.1517489,0,0,3.8100446
3004,64,777,111,1gz5_UDP_C_900,0,surfdock,0.53937339,1.2569244,2.1517489,0,0.95703959,4.3172244
3005,64,6671,953,3vc3_C6P_B_501,0,surfdock,0.53937339,1.2569244,2.1517489,0,3.2435431e-05,4.2278885
3006,64,9807,1401,4qbz_D80_A_917,0,surfdock,0.53937339,1.2569244,2.1517489,0,6.5425734e-05,3.4114184
3007,64,9814,1402,4qbz_D80_B_901,0,surfdock,0.53937339,1.2569244,2.1517489,0,0.99623849,3.3853902
3008,64,10556,1508,4yu7_DHC_A_203,0,surfdock,0.53937339,1.2569244,2.1517489,0,0.43601167,2.4348103
3009,64,10570,1510,4yu7_DHC_B_203,0,surfdock,0.53937339,1.2569244,2.1517489,0,0,2.5853719
3010,64,10759,1537,4zo7_GLC_A_806,0,surfdock,0.53937339,1.2569244,2.1517489,0,0.99400109,2.7212385
3011,64,10766,1538,4zqp_IMP_A_601,0,surfdock,0.53937339,1.2569244,2.1517489,0,0.99112463,3.9814826
3012,64,10892,1556,5a02_GOL_B_1342,0,surfdock,0.53937339,1.2569244,2.1517489,0,0.99563457,2.1654127
3013,64,10899,1557,5a02_GOL_C_1341,0,surfdock,0.53937339,1.2569244,2.1517489,0,0.99558525,2.1927317
3014,64,10906,1558,5a02_GOL_D_1341,0,surfdock,0.53937339,1.2569244,2.1517489,0,0.99496701,2.1384999
3015,64,10913,1559,5a02_GOL_F_1342,0,surfdock,0.53937339,1.2569244,2.1517489,0,0.99547269,2.0625073
3016,64,11102,1586,5awd_IDQ_A_901,0,surfdock,0.53937339,1.2569244,2.1517489,0,5.1274426e-06,3.8297529
3017,64,11186,1598,5bwr_4VT_B_402,0,surfdock,0.53937339,1.2569244,2.1517489,0,2.370869e-05,3.2950947
3018,64,11347,1621,5cr1_STL_B_201,0,surfdock,0.53937339,1.2569244,2.1517489,0,0,2.6950693
3019,64,11935,1705,5fuv_THM_A_1388,0,surfdock,0.53937339,1.2569244,2.1517489,0,0,3.1884797
3020,64,12334,1762,5i5s_NVU_A_402,0,surfdock,0.53937339,1.2569244,2.1517489,0,0.96649614,2.7234169
3021,64,12341,1763,5i5s_NVU_B_402,0,surfdock,0.53937339,1.2569244,2.1517489,0,0.99564549,5.8898586
3022,64,12446,1778,5ihe_D5M_A_701,0,surfdock,0.53937339,1.2569244,2.1517489,0,0,3.4489489
3023,64,12530,1790,5ip6_6C9_A_301,0,surfdock,0.53937339,1.2569244,2.1517489,0,0.88842373,3.205158
3024,64,12887,1841,5kmj_6UF_A_901,0,surfdock,0.53937339,1.2569244,2.1517489,0,0.00087032259,4.3439181
3025,64,13328,1904,5oew_GLU_A_301,0,surfdock,0.53937339,1.2569244,2.1517489,0,0,2.3361478
3026,64,13335,1905,5oew_GLU_B_902,0,surfdock,0.53937339,1.2569244,2.1517489,0,0,2.7533071
3027,64,13342,1906,5oew_GLU_C_302,0,surfdock,0.53937339,1.2569244,2.1517489,0,0,2.5678235
3028,65,7084,1012,3wur_O4B_B_204,0,surfdock,0.6359119,1.2929961,2.1513286,0,0.61499371,5.0012376
3029,65,7063,1009,3wur_O4B_A_202,0,surfdock,0.58362561,1.2658538,2.3258543,0,0.97220594,2.8915291
3030,65,7070,1010,3wur_O4B_B_201,0,surfdock,0.62899425,1.2617134,2.357214,0,0.83349925,2.8370223
3031,65,4207,601,2f7x_4EA_E_351,0,surfdock,0.53747939,1.2579883,2.1513286,0,0.97317141,4.3032171
3032,65,7280,1040,4a8p_PAO_A_1340,0,surfdock,0.53747939,1.2579883,2.1513286,0,0.98902869,3.4000536
3033,65,7287,1041,4a8p_PAO_C_1340,0,surfdock,0.53747939,1.2579883,2.1513286,0,0,3.2840949
3034,65,7294,1042,4a8p_PAO_D_1340,0,surfdock,0.53747939,1.2579883,2.1513286,0,0.88022415,3.155383
3035,65,7301,1043,4a8p_PAO_F_1340,0,surfdock,0.53747939,1.2579883,2.1513286,0,0,3.2253182
3036,65,8960,1280,4jm8_26D_A_302,0,surfdock,0.53747939,1.2579883,2.1513286,0,0.99824273,4.6977893
3037,65,10094,1442,4uc9_ASP_C_1300,0,surfdock,0.53747939,1.2579883,2.1513286,0,0.70422773,3.043848
3038,65,10101,1443,4uc9_ASP_D_1300,0,surfdock,0.53747939,1.2579883,2.1513286,0,0,3.2232385
3039,65,10640,1520,4z6p_DHY_C_403,0,surfdock,0.53747939,1.2579883,2.1513286,0,0.98436267,2.8051257
3040,65,11928,1704,5fqf_NGA_A_1588,0,surfdock,0.53747939,1.2579883,2.1513286,0,0.96236063,4.5167768
3041,65,11949,1707,5fwd_GJV_A_1446,0,surfdock,0.53747939,1.2579883,2.1513286,0,0.97693357,4.1263993
3042,65,11970,1710,5g03_OE2_A_1263,0,surfdock,0.53747939,1.2579883,2.1513286,0,0,3.8147961
3043,65,12061,1723,5gnx_BGC_A_502,0,surfdock,0.53747939,1.2579883,2.1513286,0,0,2.6222036
3044,65,12068,1724,5gnx_BGC_B_503,0,surfdock,0.53747939,1.2579883,2.1513286,0,0,2.619027
3045,65,12474,1782,5ijz_AKG_D_502,0,surfdock,0.53747939,1.2579883,2.1513286,0,0.99187262,2.6546177
3046,65,12565,1795,5iuy_BOG_C_503,0,surfdock,0.53747939,1.2579883,2.1513286,0,0.084318658,2.4073598
3047,65,12684,1812,5jdv_EVF_B_302,0,surfdock,0.53747939,1.2579883,2.1513286,0,0.9943729,2.7725391
3048,65,12929,1847,5l7u_NGA_B_601,0,surfdock,0.53747939,1.2579883,2.1513286,0,0.96959322,2.8937726
3049,65,13195,1885,5nnw_GCS_D_302,0,surfdock,0.53747939,1.2579883,2.1513286,0,0,2.5642818
3050,65,13251,1893,5o4j_9KH_B_302,0,surfdock,0.53747939,1.2579883,2.1513286,0,0,2.8587497
3051,65,13258,1894,5o4j_9KH_C_302,0,surfdock,0.53747939,1.2579883,2.1513286,0,0,2.8114288
3052,65,13279,1897,5o72_9MH_A_303,0,surfdock,0.53747939,1.2579883,2.1513286,0,0.96568365,2.8047118
3053,65,13447,1921,5tch_MLI_A_301,0,surfdock,0.53747939,1.2579883,2.1513286,0,0.99560524,2.2362386
3054,65,13454,1922,5tch_MLI_B_501,0,surfdock,0.53747939,1.2579883,2.1513286,0,0.99862595,2.1242608
3055,65,13461,1923,5tch_MLI_C_301,0,surfdock,0.53747939,1.2579883,2.1513286,0,0.99645158,2.2680171
3056,65,13468,1924,5tch_MLI_E_301,0,surfdock,0.53747939,1.2579883,2.1513286,0,0.99810456,2.1694318
3057,65,13475,1925,5tch_MLI_F_501,0,surfdock,0.53747939,1.2579883,2.1513286,0,0.99787196,2.262593
3058,65,13601,1943,5u5g_7VD_A_302,0,surfdock,0.53747939,1.2579883,2.1513286,0,0.88365286,2.4553713
3059,65,13608,1944,5u5g_7VD_B_302,0,surfdock,0.53747939,1.2579883,2.1513286,0,0.86719422,2.3754154
3060,65,13615,1945,5u5g_7VD_C_302,0,surfdock,0.53747939,1.2579883,2.1513286,0,0,2.2803161
3061,65,13713,1959,5uim_TYD_B_403,0,surfdock,0.53747939,1.2579883,2.1513286,0,0,3.7773213
3062,65,13965,1995,5vyr_GMP_B_302,0,surfdock,0.53747939,1.2579883,2.1513286,0,0,3.1636747
3063,65,13986,1998,5vys_1YJ_B_301,0,surfdock,0.53747939,1.2579883,2.1513286,0,0.98921784,2.5439477
3064,65,13993,1999,5vys_GMP_B_303,0,surfdock,0.53747939,1.2579883,2.1513286,0,0.97877942,3.1400268
3065,65,14014,2002,5w7b_MYR_B_208,0,surfdock,0.53747939,1.2579883,2.1513286,0,0.98258875,3.0239843
3066,65,14042,2006,5wcz_NOJ_A_601,0,surfdock,0.53747939,1.2579883,2.1513286,0,0,2.6505941
3067,65,14308,2044,5y7a_KYN_A_502,0,surfdock,0.53747939,1.2579883,2.1513286,0,0.9182321,3.1640811
3068,65,14343,2049,5yaq_ISE_B_402,0,surfdock,0.53747939,1.2579883,2.1513286,0,0.97140153,2.4756665
3069,65,14350,2050,5yaq_ISE_C_402,0,surfdock,0.53747939,1.2579883,2.1513286,0,0.8109495,2.4030795
3070,65,14357,2051,5yaq_ISE_D_402,0,surfdock,0.53747939,1.2579883,2.1513286,0,0,2.5800925
3071,65,14483,2069,5ykt_PMP_A_501,0,surfdock,0.53747939,1.2579883,2.1513286,0,0.99034576,3.2516487
3072,65,14490,2070,5ykt_PMP_B_501,0,surfdock,0.53747939,1.2579883,2.1513286,0,0.99295307,3.457541
3073,65,14721,2103,6a3j_SOE_A_402,0,surfdock,0.53747939,1.2579883,2.1513286,0,0.0089691686,2.70716
3074,65,14728,2104,6a3j_SOE_B_401,0,surfdock,0.53747939,1.2579883,2.1513286,0,0,2.8121521
3075,65,14735,2105,6a3j_SOE_C_402,0,surfdock,0.53747939,1.2579883,2.1513286,0,0.99701948,2.6262848
3076,65,14742,2106,6a3j_SOE_D_401,0,surfdock,0.53747939,1.2579883,2.1513286,0,0,2.7257798
3077,65,14819,2117,6ayv_MLI_A_409,0,surfdock,0.53747939,1.2579883,2.1513286,0,0,2.2242317
3078,66,602,86,1g4s_TPS_A_2001,0,surfdock,0.53876501,1.2599576,2.1522899,0,0.98867079,4.0188
3079,66,3038,434,1w1a_NDG_1_1261,0,surfdock,0.53876501,1.2599576,2.1522899,0,0,2.9277173
3080,66,4060,580,2e56_MYR_A_601,0,surfdock,0.53876501,1.2599576,2.1522899,0,0,2.9574193
3081,66,4067,581,2e56_MYR_A_701,0,surfdock,0.53876501,1.2599576,2.1522899,0,0.9766597,3.1923859
3082,66,5635,805,2wzh_NGO_A_1589,0,surfdock,0.53876501,1.2599576,2.1522899,0,0.98786212,2.8436583
3083,66,6664,952,3vc3_C6P_A_501,0,surfdock,0.53876501,1.2599576,2.1522899,0,0,4.2403747
3084,66,6678,954,3vc3_C6P_D_501,0,surfdock,0.53876501,1.2599576,2.1522899,0,0,4.2683375
3085,66,6685,955,3vc3_C6P_E_501,0,surfdock,0.53876501,1.2599576,2.1522899,0,0.95757499,4.2312206
3086,66,7175,1025,3zp7_PRE_A_1118,0,surfdock,0.53876501,1.2599576,2.1522899,0,0,3.2090018
3087,66,7357,1051,4ajj_88S_A_1332,0,surfdock,0.53876501,1.2599576,2.1522899,0,0.97726652,3.4788457
3088,66,7364,1052,4ajj_88S_B_1332,0,surfdock,0.53876501,1.2599576,2.1522899,0,0.99295854,3.3437698
3089,66,7546,1078,4bq5_GAL_C_1,0,surfdock,0.53876501,1.2599576,2.1522899,0,0,3.550776
3090,66,7637,1091,4c2z_646_A_1498,0,surfdock,0.53876501,1.2599576,2.1522899,0,0.95322667,6.6881694
3091,66,8519,1217,4h4c_10D_B_402,0,surfdock,0.53876501,1.2599576,2.1522899,0,0,3.2391694
3092,66,9394,1342,4mux_2E4_A_402,0,surfdock,0.53876501,1.2599576,2.1522899,0,0,4.3781208
3093,66,10192,1456,4uqs_INE_A_904,0,surfdock,0.53876501,1.2599576,2.1522899,0,0.99602178,3.1618414
3094,66,10843,1549,4zvv_GN0_A_405,0,surfdock,0.53876501,1.2599576,2.1522899,0,0.40960682,4.2341449
3095,66,10850,1550,4zvv_GN0_B_404,0,surfdock,0.53876501,1.2599576,2.1522899,0,0.81865592,4.3992568
3096,66,10857,1551,4zvv_GN0_C_403,0,surfdock,0.53876501,1.2599576,2.1522899,0,0,4.3553307
3097,66,10864,1552,4zvv_GN0_D_403,0,surfdock,0.53876501,1.2599576,2.1522899,0,0,4.490684
3098,66,10962,1566,5a8k_TP7_A_558,0,surfdock,0.53876501,1.2599576,2.1522899,0,0,2.9580491
3099,66,10969,1567,5a8k_TP7_D_554,0,surfdock,0.53876501,1.2599576,2.1522899,0,0,4.0888127
3100,66,11004,1572,5aew_BNL_C_462,0,surfdock,0.53876501,1.2599576,2.1522899,0,0,2.7472478
3101,66,11011,1573,5aew_BNL_I_462,0,surfdock,0.53876501,1.2599576,2.1522899,0,0.99844431,2.7621883
3102,66,11417,1631,5di7_5CQ_A_601,0,surfdock,0.53876501,1.2599576,2.1522899,0,0.99054191,3.5499709
3103,66,11683,1669,5eo8_TFU_A_401,0,surfdock,0.53876501,1.2599576,2.1522899,0,0,2.5112327
3104,66,11690,1670,5eo8_TFU_A_402,0,surfdock,0.53876501,1.2599576,2.1522899,0,0.86508143,2.4219273
3105,66,11704,1672,5eo8_TFU_A_404,0,surfdock,0.53876501,1.2599576,2.1522899,0,0,2.5585632
3106,66,11998,1714,5g21_YN4_A_1002,0,surfdock,0.53876501,1.2599576,2.1522899,0,0.95834817,5.0657047
3107,66,12005,1715,5g44_I6G_A_1510,0,surfdock,0.53876501,1.2599576,2.1522899,0,0.99529456,2.8782603
3108,66,12075,1725,5goo_FRU_A_501,0,surfdock,0.53876501,1.2599576,2.1522899,0,0.97635857,2.6561236
3109,66,12159,1737,5h8q_5YE_B_302,0,surfdock,0.53876501,1.2599576,2.1522899,0,0.98891678,3.8238465
3110,66,12187,1741,5ha7_WY1_A_402,0,surfdock,0.53876501,1.2599576,2.1522899,0,0.59192995,3.2768745
3111,66,12194,1742,5ha7_WY1_B_402,0,surfdock,0.53876501,1.2599576,2.1522899,0,0,3.4534377
3112,66,12285,1755,5htd_MYR_A_201,0,surfdock,0.53876501,1.2599576,2.1522899,0,0.98150334,3.4204385
3113,66,12362,1766,5i7r_68W_A_402,0,surfdock,0.53876501,1.2599576,2.1522899,0,0.8057277,3.9138716
3114,66,12383,1769,5i95_AKG_A_508,0,surfdock,0.53876501,1.2599576,2.1522899,0,0.8047017,2.3807424
3115,66,12579,1797,5j5i_6GM_A_302,0,surfdock,0.53876501,1.2599576,2.1522899,0,0.86870557,4.5440763
3116,66,12586,1798,5j5i_6GM_A_303,0,surfdock,0.53876501,1.2599576,2.1522899,0,0,4.5241258
3117,66,12593,1799,5j5i_6GM_B_302,0,surfdock,0.53876501,1.2599576,2.1522899,0,0.95485162,4.4297776
3118,66,12600,1800,5j5i_6GM_C_302,0,surfdock,0.53876501,1.2599576,2.1522899,0,0.94990699,4.5631315
3119,66,12607,1801,5j5i_6GM_E_302,0,surfdock,0.53876501,1.2599576,2.1522899,0,0,4.4943838
3120,66,12614,1802,5j5i_6GM_F_302,0,surfdock,0.53876501,1.2599576,2.1522899,0,0,4.624544
3121,66,12621,1803,5j5i_6GM_F_303,0,surfdock,0.53876501,1.2599576,2.1522899,0,0.95778132,4.5239596
3122,66,12628,1804,5j5i_6GM_G_302,0,surfdock,0.53876501,1.2599576,2.1522899,0,0.89147907,4.4600209
3123,66,12635,1805,5j5i_6GM_I_302,0,surfdock,0.53876501,1.2599576,2.1522899,0,0.96099703,4.4780568
3124,66,12642,1806,5j5i_6GM_I_303,0,surfdock,0.53876501,1.2599576,2.1522899,0,0,4.5971177
3125,66,12691,1813,5je1_TOF_A_302,0,surfdock,0.53876501,1.2599576,2.1522899,0,0.0032439393,2.8261425
3126,66,12698,1814,5je1_TOF_B_302,0,surfdock,0.53876501,1.2599576,2.1522899,0,0.0033249225,2.7542158
3127,66,12705,1815,5je5_AZ9_A_302,0,surfdock,0.53876501,1.2599576,2.1522899,0,0.00041595415,2.7133573
3128,67,1554,222,1knu_YPA_A_1001,0,surfdock,0.53752184,1.2617928,2.1543972,0,0.98339956,4.53872
3129,67,3983,569,2cxp_A5P_A_1601,0,surfdock,0.53752184,1.2617928,2.1543972,0,0.99396606,3.1556128
3130,67,3990,570,2cxp_A5P_B_2601,0,surfdock,0.53752184,1.2617928,2.1543972,0,0.99442931,3.1411936
3131,67,7553,1079,4bu7_25F_A_2165,0,surfdock,0.53752184,1.2617928,2.1543972,0,0.99542246,3.3200582
3132,67,7560,1080,4bu7_25F_C_2165,0,surfdock,0.53752184,1.2617928,2.1543972,0,0.99673568,3.2144172
3133,67,10444,1492,4xpq_FUL_A_1002,0,surfdock,0.53752184,1.2617928,2.1543972,0,0.99573926,2.1616638
3134,67,10451,1493,4xpq_FUL_A_1003,0,surfdock,0.53752184,1.2617928,2.1543972,0,0.017863074,2.3307931
3135,67,11361,1623,5d8u_0N8_A_203,0,surfdock,0.53752184,1.2617928,2.1543972,0,0.96603555,3.4497401
3136,67,11431,1633,5did_5CK_B_601,0,surfdock,0.53752184,1.2617928,2.1543972,0,0,3.6121037
3137,67,11438,1634,5die_5CJ_A_601,0,surfdock,0.53752184,1.2617928,2.1543972,0,0.9934629,3.8432884
3138,67,11445,1635,5die_5CJ_B_601,0,surfdock,0.53752184,1.2617928,2.1543972,0,0,3.6271002
3139,67,11746,1678,5ezp_IPJ_A_201,0,surfdock,0.53752184,1.2617928,2.1543972,0,0.98673532,3.23014
3140,67,11753,1679,5ezp_IPJ_B_201,0,surfdock,0.53752184,1.2617928,2.1543972,0,0,3.1125996
3141,67,11760,1680,5ezp_IPJ_C_201,0,surfdock,0.53752184,1.2617928,2.1543972,0,0,2.8414261
3142,67,11767,1681,5ezp_IPJ_F_201,0,surfdock,0.53752184,1.2617928,2.1543972,0,0.99677704,3.0068165
3143,67,12152,1736,5h8f_GLU_A_302,0,surfdock,0.53752184,1.2617928,2.1543972,0,0,2.5196882
3144,67,12166,1738,5h8q_GLU_A_302,0,surfdock,0.53752184,1.2617928,2.1543972,0,0,2.4761161
3145,67,12649,1807,5j61_A3G_B_501,0,surfdock,0.53752184,1.2617928,2.1543972,0,0.95025229,3.5619231
3146,67,12656,1808,5j61_A3G_C_501,0,surfdock,0.53752184,1.2617928,2.1543972,0,0,3.9663754
3147,67,12663,1809,5j61_A3G_D_501,0,surfdock,0.53752184,1.2617928,2.1543972,0,0.97440373,3.7482396
3148,67,12670,1810,5j61_A3G_G_501,0,surfdock,0.53752184,1.2617928,2.1543972,0,0,3.728182
3149,67,12677,1811,5j61_A3G_H_501,0,surfdock,0.53752184,1.2617928,2.1543972,0,0,3.6711074
3150,67,12824,1832,5kcj_GLU_A_302,0,surfdock,0.53752184,1.2617928,2.1543972,0,0,2.5323555
3151,67,13097,1871,5mdh_MAK_A_335,0,surfdock,0.53752184,1.2617928,2.1543972,0,0,2.4248993
3152,67,13104,1872,5mdh_MAK_B_335,0,surfdock,0.53752184,1.2617928,2.1543972,0,0.48841866,2.3427831
3153,67,13503,1929,5tde_FLC_A_501,0,surfdock,0.53752184,1.2617928,2.1543972,0,0.98575395,2.9384996
3154,67,13657,1951,5uap_82S_A_505,0,surfdock,0.53752184,1.2617928,2.1543972,0,0.042905437,2.3985072
3155,67,13664,1952,5uap_82S_B_505,0,surfdock,0.53752184,1.2617928,2.1543972,0,0.99603508,2.4527923
3156,67,13951,1993,5vyr_B62_A_301,0,surfdock,0.53752184,1.2617928,2.1543972,0,0.98878633,2.4885434
3157,67,13958,1994,5vyr_B62_B_301,0,surfdock,0.53752184,1.2617928,2.1543972,0,0.97738831,2.4919844
3158,67,13972,1996,5vyr_GMP_B_303,0,surfdock,0.53752184,1.2617928,2.1543972,0,0.99858409,2.2419566
3159,67,14161,2023,5x86_TMP_A_205,0,surfdock,0.53752184,1.2617928,2.1543972,0,0,3.3302913
3160,67,14168,2024,5x86_TMP_B_207,0,surfdock,0.53752184,1.2617928,2.1543972,0,0.99407495,3.5300978
3161,67,14252,2036,5xrv_F6R_A_702,0,surfdock,0.53752184,1.2617928,2.1543972,0,0,2.8281847
3162,67,14364,2052,5yb7_ORN_A_602,0,surfdock,0.53752184,1.2617928,2.1543972,0,0.98493186,2.5456619
3163,67,14371,2053,5yb7_ORN_A_603,0,surfdock,0.53752184,1.2617928,2.1543972,0,0.98024333,2.567118
3164,67,14378,2054,5yb7_ORN_B_602,0,surfdock,0.53752184,1.2617928,2.1543972,0,0,2.4964718
3165,67,14385,2055,5yb7_ORN_B_603,0,surfdock,0.53752184,1.2617928,2.1543972,0,0,2.6380259
3166,67,14392,2056,5yb7_ORN_C_602,0,surfdock,0.53752184,1.2617928,2.1543972,0,0.985926,2.4821416
3167,67,14399,2057,5yb7_ORN_C_603,0,surfdock,0.53752184,1.2617928,2.1543972,0,0,2.4462348
3168,67,14406,2058,5yb7_ORN_D_602,0,surfdock,0.53752184,1.2617928,2.1543972,0,0.99589612,2.6066713
3169,67,14546,2078,5z9b_AX7_A_304,0,surfdock,0.53752184,1.2617928,2.1543972,0,0.99593375,2.314979
3170,67,14896,2128,6c1i_EEY_B_501,0,surfdock,0.53752184,1.2617928,2.1543972,0,0.99469493,3.2989511
3171,67,14903,2129,6c1x_DNX_A_203,0,surfdock,0.53752184,1.2617928,2.1543972,0,0,2.8562423
3172,67,14931,2133,6cgc_F0A_A_402,0,surfdock,0.53752184,1.2617928,2.1543972,0,0.72459197,4.8100504
3173,67,15176,2168,6f7r_CIT_A_1002,0,surfdock,0.53752184,1.2617928,2.1543972,0,0.89067245,2.7060803
3174,67,15407,2201,6gl4_GLU_B_301,0,surfdock,0.53752184,1.2617928,2.1543972,0,0,2.6146568
3175,67,15428,2204,6hgl_TES_A_401,0,surfdock,0.53752184,1.2617928,2.1543972,0,0.97795019,3.0527818
3176,67,15526,2218,6hnz_GH5_A_301,0,surfdock,0.53752184,1.2617928,2.1543972,0,0.97526871,4.2329427
3177,67,15568,2224,6hsg_GM5_C_504,0,surfdock,0.53752184,1.2617928,2.1543972,0,0,3.5754749
3178,68,3130,447,1x09_IPE_A_901,1,unimol,0.77754825,1.3794111,2.4025114,0,0.85467088,23.59
3179,68,4984,712,2pnz_UDP_A_250,0,surfdock,0.64769277,1.2941243,2.1592507,0,0.92954455,3.7173076
3180,68,5439,777,2v7o_DRN_A_1303,0,surfdock,0.5380092,1.2636406,2.1592507,0,0.94648488,4.4563874
3181,68,9177,1311,4lek_1DN_X_202,0,surfdock,0.5380092,1.2636406,2.1592507,0,0,4.3608922
3182,68,9373,1339,4mpr_TPP_A_602,0,surfdock,0.5380092,1.2636406,2.1592507,0,0,4.1714944
3183,68,9856,1408,4r08_URI_A_901,0,surfdock,0.5380092,1.2636406,2.1592507,0,0,3.1465002
3184,68,10010,1430,4tqi_6BD_A_201,0,surfdock,0.5380092,1.2636406,2.1592507,0,0.92487826,3.0719504
3185,68,10017,1431,4tqi_6BD_B_201,0,surfdock,0.5380092,1.2636406,2.1592507,0,0.95377808,3.0380911
3186,68,11123,1589,5b4o_6DQ_B_202,0,surfdock,0.5380092,1.2636406,2.1592507,0,0.25459049,2.7683218
3187,68,11165,1595,5bkd_RCF_A_503,0,surfdock,0.5380092,1.2636406,2.1592507,0,0,4.3048471
3188,68,11403,1629,5del_D59_A_603,0,surfdock,0.5380092,1.2636406,2.1592507,0,0.54678837,3.8634853
3189,68,13153,1879,5n8c_8Q8_A_403,0,surfdock,0.5380092,1.2636406,2.1592507,0,0,5.0410398
3190,68,13349,1907,5oip_9WE_A_302,0,surfdock,0.5380092,1.2636406,2.1592507,0,0.93587628,3.5959265
3191,68,13636,1948,5u8z_83D_B_602,0,surfdock,0.5380092,1.2636406,2.1592507,0,3.3227494e-07,3.4737884
3192,68,13643,1949,5u8z_83D_C_602,0,surfdock,0.5380092,1.2636406,2.1592507,0,2.5714219e-07,3.4398438
3193,68,13650,1950,5u8z_83D_D_602,0,surfdock,0.5380092,1.2636406,2.1592507,0,0,3.5406719
3194,68,13720,1960,5uio_8DM_A_202,0,surfdock,0.5380092,1.2636406,2.1592507,0,0.98649564,3.3342614
3195,68,14056,2008,5wgr_PM7_A_711,0,surfdock,0.5380092,1.2636406,2.1592507,0,0,3.8542843
3196,68,14070,2010,5wgv_PM7_A_712,0,surfdock,0.5380092,1.2636406,2.1592507,0,0,3.8781465
3197,68,14084,2012,5wgw_MB5_A_715,0,surfdock,0.5380092,1.2636406,2.1592507,0,0.54284463,3.1914601
3198,68,14091,2013,5x0j_SEP_A_302,0,surfdock,0.5380092,1.2636406,2.1592507,0,0,2.7351516
3199,68,14525,2075,5z54_0HZ_A_303,0,surfdock,0.5380092,1.2636406,2.1592507,0,0.19287987,3.440524
3200,68,14532,2076,5z54_0HZ_B_303,0,surfdock,0.5380092,1.2636406,2.1592507,0,0,3.407223
3201,68,14644,2092,5zpt_HY1_A_702,0,surfdock,0.5380092,1.2636406,2.1592507,0,0.0056048982,2.4072332
3202,68,14651,2093,5zpt_HY1_B_703,0,surfdock,0.5380092,1.2636406,2.1592507,0,0.98684521,2.5010281
3203,68,14882,2126,6bvl_EBY_B_2001,0,surfdock,0.5380092,1.2636406,2.1592507,0,0,4.3367803
3204,68,14938,2134,6cgn_DA_A_801,0,surfdock,0.5380092,1.2636406,2.1592507,0,0,3.3563771
3205,68,15008,2144,6dyt_F0G_A_503,0,surfdock,0.5380092,1.2636406,2.1592507,0,0.99150775,2.8701477
3206,69,10626,1518,4z69_DIF_A_1008,0,surfdock,0.63338167,1.2926532,2.1601706,0,0,3.4110982
3207,69,10633,1519,4z69_DIF_I_1006,0,surfdock,0.56349922,1.290874,2.1601706,0,0.97985257,3.5106864
3208,69,2254,322,1pr6_XYA_A_1245,0,surfdock,0.53537527,1.2648786,2.1601706,0,0.98852205,3.0507016
3209,69,2261,323,1pr6_XYA_B_1246,0,surfdock,0.53537527,1.2648786,2.1601706,0,0.98677071,3.3623586
3210,69,5180,740,2qse_1HP_A_1,0,surfdock,0.53537527,1.2648786,2.1601706,0,0.99307504,3.305021
3211,69,7826,1118,4clr_FDB_B_1270,0,surfdock,0.53537527,1.2648786,2.1601706,0,0.1399195,2.3736951
3212,69,7833,1119,4clr_FDB_C_1270,0,surfdock,0.53537527,1.2648786,2.1601706,0,0.15304424,2.3316405
3213,69,7840,1120,4clr_FDB_D_1270,0,surfdock,0.53537527,1.2648786,2.1601706,0,0.99889934,2.2792768
3214,69,10283,1469,4wbd_CIT_A_602,0,surfdock,0.53537527,1.2648786,2.1601706,0,0.89966864,2.7331183
3215,69,10738,1534,4zjz_BEZ_A_1001,0,surfdock,0.53537527,1.2648786,2.1601706,0,0.99225216,2.4889091
3216,69,10745,1535,4zjz_BEZ_B_601,0,surfdock,0.53537527,1.2648786,2.1601706,0,0.99635403,2.3874813
3217,69,10941,1563,5a86_D7E_A_1433,0,surfdock,0.53537527,1.2648786,2.1601706,0,0.98957987,4.4317822
3218,69,11550,1650,5dzh_5KG_A_900,0,surfdock,0.53537527,1.2648786,2.1601706,0,0.98964519,4.2396554
3219,69,11851,1693,5fiu_Y3J_A_1299,0,surfdock,0.53537527,1.2648786,2.1601706,0,0,3.670506
3220,69,11858,1694,5fiu_Y3J_B_1299,0,surfdock,0.53537527,1.2648786,2.1601706,0,0,3.5077773
3221,69,11865,1695,5fiu_Y3J_C_1299,0,surfdock,0.53537527,1.2648786,2.1601706,0,0.98945543,3.5932209
3222,69,12117,1731,5gzz_GSH_D_301,0,surfdock,0.53537527,1.2648786,2.1601706,0,0.98052436,3.5312485
3223,69,12124,1732,5gzz_GSH_E_301,0,surfdock,0.53537527,1.2648786,2.1601706,0,0.89858757,3.4725561
3224,69,12439,1777,5igs_GMP_A_403,0,surfdock,0.53537527,1.2648786,2.1601706,0,0.97818636,3.2658476
3225,69,12936,1848,5l9v_OGA_A_502,0,surfdock,0.53537527,1.2648786,2.1601706,0,0.99676817,2.7697512
3226,69,12943,1849,5l9v_OGA_B_502,0,surfdock,0.53537527,1.2648786,2.1601706,0,0.99753535,2.7653912
3227,69,13510,1930,5tdt_MBN_A_502,0,surfdock,0.53537527,1.2648786,2.1601706,0,0,2.2099794
3228,69,13517,1931,5tdt_MBN_A_504,0,surfdock,0.53537527,1.2648786,2.1601706,0,0.99857112,2.1953006
3229,69,13552,1936,5tlg_7EG_A_601,0,surfdock,0.53537527,1.2648786,2.1601706,0,0.98490613,4.1517105
3230,69,13559,1937,5tlg_7EG_B_601,0,surfdock,0.53537527,1.2648786,2.1601706,0,0.9922672,4.2588869
3231,69,13706,1958,5uda_CAE_B_502,0,surfdock,0.53537527,1.2648786,2.1601706,0,0.50867144,2.2577718
3232,69,14210,2030,5xin_XLS_C_397,0,surfdock,0.53537527,1.2648786,2.1601706,0,0.95556714,2.6503125
3233,69,14420,2060,5ybl_AKG_C_302,0,surfdock,0.53537527,1.2648786,2.1601706,0,0.9948874,2.6361814
3234,69,14434,2062,5ybp_AKG_A_302,0,surfdock,0.53537527,1.2648786,2.1601706,0,0.99764391,2.5540868
3235,69,14441,2063,5ybp_AKG_B_302,0,surfdock,0.53537527,1.2648786,2.1601706,0,0,2.4768621
3236,69,14455,2065,5ybq_AKG_A_302,0,surfdock,0.53537527,1.2648786,2.1601706,0,0.99649565,2.6230688
3237,69,14462,2066,5ybq_AKG_B_302,0,surfdock,0.53537527,1.2648786,2.1601706,0,0,2.6138444
3238,69,14665,2095,6a1l_BEZ_A_403,0,surfdock,0.53537527,1.2648786,2.1601706,0,0.99315221,2.4498688
3239,69,14672,2096,6a1l_BEZ_A_404,0,surfdock,0.53537527,1.2648786,2.1601706,0,0.98537155,2.114208
3240,69,14973,2139,6dl7_ONC_C_301,0,surfdock,0.53537527,1.2648786,2.1601706,0,0.98777042,4.4959124
3241,69,14980,2140,6dl7_ONC_E_301,0,surfdock,0.53537527,1.2648786,2.1601706,0,0.86878442,4.4735199
3242,69,14987,2141,6dl7_ONC_G_301,0,surfdock,0.53537527,1.2648786,2.1601706,0,2.3043627e-07,4.5083476
3243,69,15057,2151,6f2b_AKG_B_402,0,surfdock,0.53537527,1.2648786,2.1601706,0,0,2.6304487
3244,69,15064,2152,6f2b_AKG_C_402,0,surfdock,0.53537527,1.2648786,2.1601706,0,0.71480457,2.6836751
3245,69,15351,2193,6fw0_E92_A_602,0,surfdock,0.53537527,1.2648786,2.1601706,0,0.54614392,3.7660483
3246,69,15358,2194,6fw0_E92_B_602,0,surfdock,0.53537527,1.2648786,2.1601706,0,0.98620506,3.7951735
3247,69,15414,2202,6gqk_F88_B_1001,0,surfdock,0.53537527,1.2648786,2.1601706,0,0.99052505,4.873849
3248,69,15883,2269,6l86_LMR_B_302,0,surfdock,0.53537527,1.2648786,2.1601706,0,0,2.5174817
3249,69,15890,2270,6l86_LMR_B_303,0,surfdock,0.53537527,1.2648786,2.1601706,0,0.0041605763,2.6257015
3250,69,15897,2271,6l86_LMR_D_302,0,surfdock,0.53537527,1.2648786,2.1601706,0,0.95079546,2.5796829
3251,69,15904,2272,6l86_MLT_A_303,0,surfdock,0.53537527,1.2648786,2.1601706,0,0,2.4925379
3252,69,15939,2277,6lj7_EFR_A_301,0,surfdock,0.53537527,1.2648786,2.1601706,0,0.95921318,2.9586467
3253,69,16016,2288,6md2_GW9_A_501,0,surfdock,0.53537527,1.2648786,2.1601706,0,0.98498776,3.4047518
3254,69,16023,2289,6md2_GW9_B_501,0,surfdock,0.53537527,1.2648786,2.1601706,0,0,2.3453176
3255,69,16079,2297,6n0z_DP6_A_401,0,surfdock,0.53537527,1.2648786,2.1601706,0,0,3.4991585
3256,70,15344,2192,6fs7_E4Z_F_903,0,surfdock,0.63511219,1.2872485,2.1925943,0,0.00056997011,4.6432709
3257,70,15337,2191,6fs7_E4Z_E_903,0,surfdock,0.63511219,1.2858736,2.2013712,0,0,4.4860731
3258,70,15316,2188,6fs7_E4Z_A_903,0,surfdock,0.63511219,1.2830068,2.2197528,0,0,4.3990724
3259,70,15323,2189,6fs7_E4Z_C_903,0,surfdock,0.63511219,1.2814353,2.2298756,0,0.62171293,4.4548296
3260,70,15330,2190,6fs7_E4Z_D_903,0,surfdock,0.63511219,1.2810986,2.2320487,0,0.59360106,4.6652843
3261,70,7672,1096,4cdt_M48_A_801,0,surfdock,0.53905989,1.2720102,2.2794163,0,0.035791247,3.2243036
3262,70,12453,1779,5ijz_AKG_A_502,0,surfdock,0.53855461,1.2667469,2.161278,0,0,2.6673436
3263,70,12460,1780,5ijz_AKG_B_502,0,surfdock,0.53855461,1.2667469,2.161278,0,0,2.7554986
3264,70,12467,1781,5ijz_AKG_C_502,0,surfdock,0.53855461,1.2667469,2.161278,0,0,2.6837369
3265,70,12481,1783,5ijz_AKG_E_502,0,surfdock,0.53855461,1.2667469,2.161278,0,0.97827861,2.5237447
3266,70,12488,1784,5ijz_AKG_H_502,0,surfdock,0.53855461,1.2667469,2.161278,0,0,2.5232767
3267,70,12985,1855,5lwy_OLB_A_402,0,surfdock,0.53855461,1.2667469,2.161278,0,0.7943107,3.5660739
3268,70,13013,1859,5lwy_OLB_A_407,0,surfdock,0.53855461,1.2667469,2.161278,0,0,3.6158872
3269,70,13020,1860,5lwy_OLB_A_409,0,surfdock,0.53855461,1.2667469,2.161278,0,0,3.6953378
3270,70,13027,1861,5m0e_7CR_A_922,0,surfdock,0.53855461,1.2667469,2.161278,0,0.89477815,4.7786531
3271,70,13034,1862,5m0t_AKG_A_302,0,surfdock,0.53855461,1.2667469,2.161278,0,0.99488046,2.727667
3272,70,13209,1887,5nuk_Z80_A_201,0,surfdock,0.53855461,1.2667469,2.161278,0,0.97926673,3.657142
3273,70,13426,1918,5t6b_TMP_A_504,0,surfdock,0.53855461,1.2667469,2.161278,0,0,2.4370573
3274,70,13433,1919,5t6b_TMP_C_503,0,surfdock,0.53855461,1.2667469,2.161278,0,0.98733835,3.5613031
3275,70,13440,1920,5t6b_TMP_D_503,0,surfdock,0.53855461,1.2667469,2.161278,0,0,3.5440493
3276,70,13489,1927,5tde_2HP_A_502,0,surfdock,0.53855461,1.2667469,2.161278,0,0.99540916,1.8952525
3277,70,13496,1928,5tde_2HP_B_901,0,surfdock,0.53855461,1.2667469,2.161278,0,0.9961562,2.1390357
3278,70,13727,1961,5uio_8DM_D_202,0,surfdock,0.53855461,1.2667469,2.161278,0,0,3.1091516
3279,70,13832,1976,5urz_BOG_B_201,0,surfdock,0.53855461,1.2667469,2.161278,0,0.69756857,3.2140905
3280,70,13979,1997,5vys_1YJ_A_301,0,surfdock,0.53855461,1.2667469,2.161278,0,0.99314773,2.64742
3281,70,14294,2042,5xz7_F6P_A_407,0,surfdock,0.53855461,1.2667469,2.161278,0,0,2.9544196
3282,70,14315,2045,5y7r_58K_B_403,0,surfdock,0.53855461,1.2667469,2.161278,0,0,3.511197
3283,70,14756,2108,6a7e_9QR_A_201,0,surfdock,0.53855461,1.2667469,2.161278,0,0,4.2986823
3284,70,15155,2165,6f77_PLP_C_600,0,surfdock,0.53855461,1.2667469,2.161278,0,0,3.0928905
3285,70,15169,2167,6f77_PLP_E_600,0,surfdock,0.53855461,1.2667469,2.161278,0,0.96609486,3.3784549
3286,70,15659,2237,6jea_NAG_A_501,0,surfdock,0.53855461,1.2667469,2.161278,0,0,2.8826307
3287,70,15764,2252,6jz4_EVA_A_701,0,surfdock,0.53855461,1.2667469,2.161278,0,0.97526108,2.7072699
3288,70,15771,2253,6jz4_EVA_B_701,0,surfdock,0.53855461,1.2667469,2.161278,0,0.97516707,2.5763742
3289,70,15799,2257,6krs_CIT_D_301,0,surfdock,0.53855461,1.2667469,2.161278,0,0,2.8327839
3290,70,15806,2258,6krs_CIT_F_301,0,surfdock,0.53855461,1.2667469,2.161278,0,0,2.7896287
3291,70,15813,2259,6krs_CIT_G_301,0,surfdock,0.53855461,1.2667469,2.161278,0,0,2.8188775
3292,70,15820,2260,6krs_CIT_H_301,0,surfdock,0.53855461,1.2667469,2.161278,0,0.015301673,2.8154706
3293,70,15827,2261,6krs_CIT_I_301,0,surfdock,0.53855461,1.2667469,2.161278,0,0.014972373,2.8803471
3294,70,15974,2282,6ly4_TES_A_501,0,surfdock,0.53855461,1.2667469,2.161278,0,0.99030392,3.4256508
3295,70,15988,2284,6m92_J8V_A_601,0,surfdock,0.53855461,1.2667469,2.161278,0,0,4.1553239
3296,70,16037,2291,6mpa_NAG_B_502,0,surfdock,0.53855461,1.2667469,2.161278,0,0.00029477578,3.2797523
3297,70,16436,2348,6ooi_PGA_B_301,0,surfdock,0.53855461,1.2667469,2.161278,0,0.98859826,2.6196375
3298,70,16443,2349,6ooi_PGA_D_301,0,surfdock,0.53855461,1.2667469,2.161278,0,0.99094368,2.683569
3299,70,16450,2350,6ooi_PGA_E_301,0,surfdock,0.53855461,1.2667469,2.161278,0,0.98413419,2.5029793
3300,70,16457,2351,6ooi_PGA_F_301,0,surfdock,0.53855461,1.2667469,2.161278,0,0.99383737,2.5150154
3301,70,16464,2352,6ooi_PGA_G_301,0,surfdock,0.53855461,1.2667469,2.161278,0,0,2.5711845
3302,70,16842,2406,6r73_LMP_B_301,0,surfdock,0.53855461,1.2667469,2.161278,0,0.47154947,4.1896422
3303,70,16863,2409,6rgg_K3Q_A_401,0,surfdock,0.53855461,1.2667469,2.161278,0,0,2.6329973
3304,70,16870,2410,6rgg_K3Q_A_402,0,surfdock,0.53855461,1.2667469,2.161278,0,0.00075329736,2.7198102
3305,70,16877,2411,6rgg_K3Q_A_403,0,surfdock,0.53855461,1.2667469,2.161278,0,2.8875836e-06,3.4864596
3306,71,3703,529,2ajx_TGN_L_501,0,surfdock,0.53482632,1.2690262,2.1616144,0,0.02223558,3.7427729
3307,71,4249,607,2fkm_G16_X_464,0,surfdock,0.53482632,1.2690262,2.1616144,0,5.105696e-06,3.5777036
3308,71,6930,990,3wgc_PLG_A_401,0,surfdock,0.53482632,1.2690262,2.1616144,0,0,3.721126
3309,71,6937,991,3wgc_PLG_B_401,0,surfdock,0.53482632,1.2690262,2.1616144,0,0.99242287,3.8141048
3310,71,6944,992,3wgc_PLG_C_401,0,surfdock,0.53482632,1.2690262,2.1616144,0,0.98540505,3.8661146
3311,71,6951,993,3wgc_PLG_D_401,0,surfdock,0.53482632,1.2690262,2.1616144,0,0.97951194,3.7549692
3312,71,10388,1484,4x2f_3WJ_A_601,0,surfdock,0.53482632,1.2690262,2.1616144,0,0.99857514,3.2307962
3313,71,12726,1818,5jep_EVF_B_303,0,surfdock,0.53482632,1.2690262,2.1616144,0,0.45918749,2.5357858
3314,71,12754,1822,5jj2_MLI_A_301,0,surfdock,0.53482632,1.2690262,2.1616144,0,0.9768498,2.2178925
3315,71,12761,1823,5jj2_MLI_A_302,0,surfdock,0.53482632,1.2690262,2.1616144,0,0.88094184,2.1428794
3316,71,12768,1824,5jj2_MLI_A_303,0,surfdock,0.53482632,1.2690262,2.1616144,0,0.99342226,2.2277855
3317,71,12859,1837,5kf2_COA_A_401,0,surfdock,0.53482632,1.2690262,2.1616144,0,0.91137968,3.6807374
3318,71,13356,1908,5oo4_URI_A_201,0,surfdock,0.53482632,1.2690262,2.1616144,0,0.97431333,3.1598202
3319,71,13790,1970,5unt_8J1_A_803,0,surfdock,0.53482632,1.2690262,2.1616144,0,0.99376867,3.4614495
3320,71,13797,1971,5unx_8F1_A_803,0,surfdock,0.53482632,1.2690262,2.1616144,0,0.97968162,3.8866005
3321,71,14266,2038,5xvt_8FL_A_709,0,surfdock,0.53482632,1.2690262,2.1616144,0,0.43280237,3.925252
3322,71,15015,2145,6dyt_PP3_B_1501,0,surfdock,0.53482632,1.2690262,2.1616144,0,0.97243767,3.745098
3323,71,16212,2316,6ngu_KMJ_A_803,0,surfdock,0.53482632,1.2690262,2.1616144,0,0.50490236,3.6459669
3324,71,16219,2317,6ngu_KMJ_B_803,0,surfdock,0.53482632,1.2690262,2.1616144,0,0.73171411,3.5740327
3325,71,16604,2372,6pvi_OZ7_A_501,0,surfdock,0.53482632,1.2690262,2.1616144,0,0,5.2398418
3326,71,16758,2394,6qot_6SD_A_301,0,surfdock,0.53482632,1.2690262,2.1616144,0,0.99085635,2.9141685
3327,71,16765,2395,6qot_6SD_B_301,0,surfdock,0.53482632,1.2690262,2.1616144,0,0,2.9055812
3328,71,16800,2400,6r5o_BGC_A_801,0,surfdock,0.53482632,1.2690262,2.1616144,0,0,2.5207564
3329,71,16807,2401,6r5o_BGC_A_802,0,surfdock,0.53482632,1.2690262,2.1616144,0,0.0020964094,2.3298483
3330,71,16814,2402,6r5o_BGC_B_801,0,surfdock,0.53482632,1.2690262,2.1616144,0,0.99279429,2.6187711
3331,71,16821,2403,6r5o_BGC_B_802,0,surfdock,0.53482632,1.2690262,2.1616144,0,0.066333765,2.498755
3332,71,16996,2428,6s7u_KZK_A_501,0,surfdock,0.53482632,1.2690262,2.1616144,0,0,4.3605072
3333,71,17003,2429,6s7u_KZK_C_501,0,surfdock,0.53482632,1.2690262,2.1616144,0,0,4.4994345
3334,71,17255,2465,6tgi_N8Z_A_508,0,surfdock,0.53482632,1.2690262,2.1616144,0,0.99346529,2.872143
3335,71,17262,2466,6tgi_N8Z_B_508,0,surfdock,0.53482632,1.2690262,2.1616144,0,0.99641959,2.8234463
3336,71,17479,2497,6vmz_NAG_A_402,0,surfdock,0.53482632,1.2690262,2.1616144,0,0,2.2575018
3337,71,17486,2498,6vmz_NAG_C_402,0,surfdock,0.53482632,1.2690262,2.1616144,0,0,2.3727086
3338,71,17598,2514,6xu3_PLG_B_401,0,surfdock,0.53482632,1.2690262,2.1616144,0,0,3.7595429
3339,71,17605,2515,6xu3_PLP_D_401,0,surfdock,0.53482632,1.2690262,2.1616144,0,0,3.3555834
3340,71,17640,2520,6yk5_PVK_A_312,0,surfdock,0.53482632,1.2690262,2.1616144,0,0.99633508,3.3265446
3341,71,17647,2521,6yk6_OUB_A_311,0,surfdock,0.53482632,1.2690262,2.1616144,0,0.99551536,3.3345739
3342,71,17668,2524,6zi7_QR8_A_502,0,surfdock,0.53482632,1.2690262,2.1616144,0,0,3.9709411
3343,71,17675,2525,6zi7_QR8_C_502,0,surfdock,0.53482632,1.2690262,2.1616144,0,0.053298546,3.7864946
3344,71,17682,2526,6zi7_QR8_F_503,0,surfdock,0.53482632,1.2690262,2.1616144,0,0,3.5872403
3345,71,17689,2527,6zi7_RAM_D_503,0,surfdock,0.53482632,1.2690262,2.1616144,0,0.007081322,2.3488694
3346,71,12719,1817,5jep_EVF_B_302,0,surfdock,0.53482632,1.2639468,2.1943321,0,0.99295943,2.8940951
3347,71,15470,2210,6hmw_FUL_B_204,0,surfdock,0.53482632,1.2629508,2.2007892,0,0.99029071,2.0922974
3348,71,15477,2211,6hmw_FUL_D_204,0,surfdock,0.53482632,1.2629508,2.2007892,0,0.98560724,2.2932097
3349,71,15484,2212,6hmw_FUL_E_204,0,surfdock,0.53482632,1.2629508,2.2007892,0,0.96679926,2.2916218
3350,71,15491,2213,6hmw_FUL_F_202,0,surfdock,0.53482632,1.2629508,2.2007892,0,0.98868244,2.3045245
3351,71,15498,2214,6hmw_FUL_G_202,0,surfdock,0.53482632,1.2629508,2.2007892,0,0.90053132,2.2474215
3352,71,17724,2532,7bp1_CAQ_D_401,0,surfdock,0.53482632,1.2620991,2.2063222,0,0.98569628,2.2339641
3353,71,13937,1991,5vv0_9OM_B_803,0,surfdock,0.53482632,1.2604579,2.2170112,0,0.7012228,3.373001
3354,71,15463,2209,6hmw_FUL_A_203,0,surfdock,0.53482632,1.2597504,2.2216315,0,0.99471794,2.2393444
3355,71,15512,2216,6hmw_FUL_I_201,0,surfdock,0.53482632,1.2597504,2.2216315,0,0,2.2759044
3356,72,4879,697,2o7b_HC4_E_701,0,surfdock,0.70306382,1.3393451,2.4353311,0,0.99667241,2.9592286
3357,72,4886,698,2o7b_HC4_G_701,0,surfdock,0.70452657,1.3382314,2.4455822,0,0.99643873,3.0117049
3358,72,4865,695,2o7b_HC4_A_701,0,surfdock,0.70373683,1.3379418,2.4455822,0,0.99474963,2.86893
3359,72,16163,2309,6ncx_ADA_A_601,0,surfdock,0.62889472,1.2913948,2.1616452,0,0,2.6376895
3360,72,16170,2310,6ncx_ADA_B_601,0,surfdock,0.62889472,1.2913948,2.1616452,0,0,2.7753469
3361,72,16177,2311,6ncx_ADA_D_601,0,surfdock,0.62889472,1.2913948,2.1616452,0,0,2.6086906
3362,72,868,124,1h48_C5P_B_901,0,surfdock,0.53558063,1.2709218,2.1616452,0,0,3.5731786
3363,72,875,125,1h48_C5P_C_901,0,surfdock,0.53558063,1.2709218,2.1616452,0,0.97232855,3.4743913
3364,72,882,126,1h48_C5P_D_204,0,surfdock,0.53558063,1.2709218,2.1616452,0,0.98369946,3.4316925
3365,72,889,127,1h48_C5P_E_901,0,surfdock,0.53558063,1.2709218,2.1616452,0,0.98758089,3.4027642
3366,72,4837,691,2nz5_226_A_432,0,surfdock,0.53558063,1.2709218,2.1616452,0,0.0022024582,2.4452958
3367,72,4844,692,2nz5_226_B_432,0,surfdock,0.53558063,1.2709218,2.1616452,0,0.99169374,2.1926391
3368,72,4858,694,2o1o_RIS_B_400,0,surfdock,0.53558063,1.2709218,2.1616452,0,0.92457638,3.2041633
3369,72,4893,699,2o7d_DHC_E_701,0,surfdock,0.53558063,1.2709218,2.1616452,0,0.99706755,2.8678815
3370,72,4900,700,2o7d_DHC_G_701,0,surfdock,0.53558063,1.2709218,2.1616452,0,0.98389492,3.0795984
3371,72,4907,701,2o7d_DHC_H_701,0,surfdock,0.53558063,1.2709218,2.1616452,0,0.99861374,6.0677179
3372,72,5110,730,2qd4_CHD_A_802,0,surfdock,0.53558063,1.2709218,2.1616452,0,0.83353854,4.1455653
3373,72,7700,1100,4cju_JNS_A_1217,0,surfdock,0.53558063,1.2709218,2.1616452,0,0,3.2726874
3374,72,13538,1934,5tix_OQR_A_302,0,surfdock,0.53558063,1.2709218,2.1616452,0,0,3.651984
3375,72,13545,1935,5tix_OQR_B_302,0,surfdock,0.53558063,1.2709218,2.1616452,0,0,3.5958046
3376,72,15365,2195,6g5q_EMZ_A_401,0,surfdock,0.53558063,1.2709218,2.1616452,0,0.97669323,2.7710394
3377,72,15372,2196,6g5q_EMZ_B_402,0,surfdock,0.53558063,1.2709218,2.1616452,0,0.96654761,2.8510993
3378,72,16009,2287,6mae_JBA_A_301,0,surfdock,0.53558063,1.2709218,2.1616452,0,0.96698926,4.5010059
3379,72,16072,2296,6mwl_K5G_A_301,0,surfdock,0.53558063,1.2709218,2.1616452,0,0,3.9724211
3380,72,16107,2301,6n9r_OHN_A_303,0,surfdock,0.53558063,1.2709218,2.1616452,0,0,3.6656246
3381,72,16114,2302,6n9r_OHN_P_308,0,surfdock,0.53558063,1.2709218,2.1616452,0,0,4.9715103
3382,72,16121,2303,6n9r_OHN_X_305,0,surfdock,0.53558063,1.2709218,2.1616452,0,0,3.6359243
3383,72,16366,2338,6ock_9KL_A_601,0,surfdock,0.53558063,1.2709218,2.1616452,0,0.86336569,3.6795148
3384,73,11984,1712,5g09_6DF_C_1475,0,surfdock,0.63024128,1.2915513,2.1626246,0,0,4.3781633
3385,73,10927,1561,5a66_3PO_A_1000,0,surfdock,0.61137545,1.2906007,2.1626246,0,0.98577299,2.8122869
3386,73,4361,623,2g21_L1B_A_885,0,surfdock,0.53579314,1.2722893,2.1626246,0,0.98834116,4.3242127
3387,73,10276,1468,4w1v_3GS_B_502,0,surfdock,0.53579314,1.2722893,2.1626246,0,0,3.9740663
3388,73,11809,1687,5faj_DCS_D_401,0,surfdock,0.53579314,1.2722893,2.1626246,0,0,3.8993945
3389,73,13076,1868,5m66_ADN_C_502,0,surfdock,0.53579314,1.2722893,2.1626246,0,0.9892735,3.6478271
3390,73,13398,1914,5r9u_JMM_A_401,0,surfdock,0.53579314,1.2722893,2.1626246,0,0.98952802,3.2809346
3391,73,13804,1972,5unx_8F1_B_803,0,surfdock,0.53579314,1.2722893,2.1626246,0,0.98437922,4.0167592
3392,73,15239,2177,6flu_DTK_A_401,0,surfdock,0.53579314,1.2722893,2.1626246,0,0.15435641,3.3352154
3393,73,15253,2179,6flu_DTK_A_404,0,surfdock,0.53579314,1.2722893,2.1626246,0,0.78265699,3.2608547
3394,73,15274,2182,6flu_DTK_B_401,0,surfdock,0.53579314,1.2722893,2.1626246,0,0,3.3140699
3395,73,15281,2183,6flu_DTK_B_402,0,surfdock,0.53579314,1.2722893,2.1626246,0,0.080564702,3.238258
3396,73,15302,2186,6flu_DTK_B_405,0,surfdock,0.53579314,1.2722893,2.1626246,0,0,3.1620892
3397,73,15309,2187,6flu_DTK_B_406,0,surfdock,0.53579314,1.2722893,2.1626246,0,0.11624599,3.2869045
3398,73,15505,2215,6hmw_FUL_H_201,0,surfdock,0.53579314,1.2722893,2.1626246,0,0.95566509,2.1281478
3399,73,15589,2227,6i4b_ORO_A_602,0,surfdock,0.53579314,1.2722893,2.1626246,0,0.2092047,2.6925923
3400,73,15596,2228,6i4b_ORO_B_602,0,surfdock,0.53579314,1.2722893,2.1626246,0,0.0075869235,2.6159834
3401,73,15610,2230,6ijn_6MZ_A_401,0,surfdock,0.53579314,1.2722893,2.1626246,0,0.95466967,4.1791798
3402,73,15834,2262,6kxh_DY9_A_401,0,surfdock,0.53579314,1.2722893,2.1626246,0,0,2.6099155
3403,73,15841,2263,6kxh_DY9_C_402,0,surfdock,0.53579314,1.2722893,2.1626246,0,0.025170642,3.5320594
3404,73,15848,2264,6kxh_DY9_D_402,0,surfdock,0.53579314,1.2722893,2.1626246,0,0.99606636,3.613444
3405,73,15876,2268,6l7v_3PO_A_302,0,surfdock,0.53579314,1.2722893,2.1626246,0,0,2.7631884
3406,73,16086,2298,6n0z_DP6_B_401,0,surfdock,0.53579314,1.2722893,2.1626246,0,0.98471677,4.1453131
3407,73,16093,2299,6n0z_DP6_C_401,0,surfdock,0.53579314,1.2722893,2.1626246,0,0,3.3434854
3408,73,16100,2300,6n0z_DP6_F_401,0,surfdock,0.53579314,1.2722893,2.1626246,0,0,5.7352749
3409,73,16128,2304,6nba_P1T_A_501,0,surfdock,0.53579314,1.2722893,2.1626246,0,0,4.0355285
3410,73,16135,2305,6nba_P1T_B_501,0,surfdock,0.53579314,1.2722893,2.1626246,0,0,3.8999835
3411,73,16149,2307,6nba_P1T_D_501,0,surfdock,0.53579314,1.2722893,2.1626246,0,0,3.9110403
3412,73,16310,2330,6ny7_L8J_A_303,0,surfdock,0.53579314,1.2722893,2.1626246,0,0.012106808,2.9559962
3413,73,16506,2358,6pk1_3PY_A_502,0,surfdock,0.53579314,1.2722893,2.1626246,0,0.99504973,1.5224836
3414,73,16520,2360,6pk1_PLP_B_501,0,surfdock,0.53579314,1.2722893,2.1626246,0,0.9891685,3.1308089
3415,73,16716,2388,6qnj_GLC_A_402,0,surfdock,0.53579314,1.2722893,2.1626246,0,0.98690736,2.6589538
3416,73,16884,2412,6rgg_K3Q_B_402,0,surfdock,0.53579314,1.2722893,2.1626246,0,0.0071367634,3.5844502
3417,73,16891,2413,6rgg_K3Q_B_405,0,surfdock,0.53579314,1.2722893,2.1626246,0,0.081699856,2.6789604
3418,73,17108,2444,6sz3_M1H_B_601,0,surfdock,0.53579314,1.2722893,2.1626246,0,0.00048584639,2.1243166
3419,73,17521,2503,6vv1_RMJ_A_501,0,surfdock,0.53579314,1.2722893,2.1626246,0,0,3.9470061
3420,73,17787,2541,8cpp_TCM_A_422,0,surfdock,0.53579314,1.2722893,2.1626246,0,0.078946401,1.7516298
3421,73,16660,2380,6qdb_HWQ_A_1002,0,surfdock,0.53579314,1.2675696,2.192853,0,0,3.7167432
3422,73,15519,2217,6hmw_FUL_J_201,0,surfdock,0.53579314,1.2672849,2.1946859,0,0.98788541,2.1591158
3423,73,14238,2034,5xmq_PLG_C_501,0,surfdock,0.53579314,1.2665615,2.1993492,0,0.99155092,3.5081732
3424,73,16674,2382,6qdc_HXE_A_1003,0,surfdock,0.53579314,1.266299,2.2010422,0,0.95424498,3.8394248
3425,73,16681,2383,6qdc_HXE_A_1004,0,surfdock,0.53579314,1.2630678,2.2219691,0,0.0014868794,3.6990279
3426,73,11109,1587,5b4o_6DQ_A_201,0,surfdock,0.53579314,1.262368,2.2265198,0,3.9933693e-06,2.9824868
3427,73,11116,1588,5b4o_6DQ_B_201,0,surfdock,0.53579314,1.262368,2.2265198,0,0.91413971,3.1405133
3428,73,17766,2538,7jis_VBS_A_1101,0,surfdock,0.53579314,1.2605978,2.2380641,0,0.99470933,4.8442531
3429,73,12047,1721,5g6g_H8B_A_1367,0,surfdock,0.53579314,1.2569273,2.2621388,0,0.99125968,3.4888824
3430,73,16625,2375,6q4r_HJ5_A_1009,0,surfdock,0.53579314,1.2568594,2.2625861,0,0,4.7933326
3431,73,12572,1796,5ivg_FPS_A_704,0,surfdock,0.53579314,1.255587,2.2709775,0,0,4.260142
3432,73,17507,2501,6vo2_R67_A_403,0,surfdock,0.53579314,1.2551111,2.2741218,0,0,2.646546
3433,73,14063,2009,5wgr_PM7_A_712,0,surfdock,0.53579314,1.2539222,2.281992,0,0,2.972047
3434,74,3207,458,1xdj_HCS_A_1050,1,unimol,0.7653479,1.2930567,2.876457,0,0.91853185,21.24
3435,74,1617,231,1l4f_NCN_A_991,0,surfdock,0.53244775,1.274307,2.1611698,0,0.9681295,3.9795237
3436,74,1638,234,1l5o_NCN_A_991,0,surfdock,0.53244775,1.274307,2.1611698,0,0.96830921,4.0403109
3437,74,4977,711,2pir_NK_A_933,0,surfdock,0.53244775,1.274307,2.1611698,0,0.021549995,2.2585213
3438,74,10213,1459,4ur9_OAN_A_1718,0,surfdock,0.53244775,1.274307,2.1611698,0,0,3.8598224
3439,74,11200,1600,5c4i_TPP_C_402,0,surfdock,0.53244775,1.274307,2.1611698,0,0.10518923,4.8035628
3440,74,11207,1601,5c4i_TPP_F_402,0,surfdock,0.53244775,1.274307,2.1611698,0,0.12796442,4.6679064
3441,74,12019,1717,5g44_YTZ_A_1512,0,surfdock,0.53244775,1.274307,2.1611698,0,0.00010079617,2.9993662
3442,74,15113,2159,6f6a_CU5_A_301,0,surfdock,0.53244775,1.274307,2.1611698,0,0.01624386,3.7568908
3443,74,15120,2160,6f6a_CU5_B_301,0,surfdock,0.53244775,1.274307,2.1611698,0,0.90033323,3.7317386
3444,74,15652,2236,6jc7_F0G_D_601,0,surfdock,0.53244775,1.274307,2.1611698,0,0.9843174,4.1559317
3445,74,15925,2275,6lit_2OH_A_501,0,surfdock,0.53244775,1.274307,2.1611698,0,0.99498036,3.4367261
3446,74,15932,2276,6lit_2OH_B_501,0,surfdock,0.53244775,1.274307,2.1611698,0,0.99754227,3.3454785
3447,74,16261,2323,6nig_NAG_B_803,0,surfdock,0.53244775,1.274307,2.1611698,0,0,3.9859583
3448,74,16268,2324,6nig_NAG_D_602,0,surfdock,0.53244775,1.274307,2.1611698,0,3.2248292e-05,2.3810261
3449,74,16352,2336,6o2z_LJV_B_500,0,surfdock,0.53244775,1.274307,2.1611698,0,0.98356638,4.1275777
3450,74,16961,2423,6s23_KSW_B_402,0,surfdock,0.53244775,1.274307,2.1611698,0,0.21864376,2.025134
3451,74,17248,2464,6tfb_N6W_B_202,0,surfdock,0.53244775,1.274307,2.1611698,0,0.074752336,3.0878839
3452,74,12299,1757,5hyv_TPP_A_701,0,surfdock,0.53244775,1.2715662,2.1786013,0,0.85123816,6.9147297
3453,74,14340,2048,5y8p_3OH_B_301,4,gnina,0.50660248,1.2572372,2.1611698,0,0.00034065989,1.8173199
3454,74,10056,1436,4u7g_K17_A_303,4,gnina,0.50638283,1.2571368,2.1611698,0,8.8602677e-06,1.5381881
3455,74,5002,714,2prl_ORO_A_399,4,gnina,0.50425746,1.2570364,2.1611698,0,0.9727857,1.7858547
3456,74,172,24,1bit_BEN_A_247,4,gnina,0.50372749,1.256936,2.1611698,0,0.077347776,1.5228304
3457,74,12922,1846,5l1v_7PF_A_401,0,surfdock,0.53244775,1.2564873,2.2763402,0,0,3.4761152
3458,74,1712,244,1lti_GAL_D_104,4,gnina,0.48789082,1.2561327,2.1611698,0,0.98717018,2.0008758
3459,74,17721,2531,7bp1_CAQ_C_401,4,gnina,0.48588383,1.2549278,2.1611698,0,0.99411729,3.3183897
3460,74,14077,2011,5wgv_PM7_A_713,0,surfdock,0.53244775,1.2548694,2.2870171,0,0,3.1118326
3461,74,10203,1457,4ur9_BK9_A_1717,4,gnina,0.48583567,1.2539237,2.1611698,0,0.072516129,3.5902578
3462,74,3581,511,227l_BNZ_A_169,4,gnina,0.48578367,1.2533212,2.1611698,0,2.3666409e-05,1.8881698
3463,74,13206,1886,5nov_93B_A_201,4,gnina,0.48576691,1.2532208,2.1611698,0,0.26403636,1.9171164
3464,74,4141,591,2eus_ABN_A_400,4,gnina,0.48573983,1.2528192,2.1611698,0,0.97263576,1.3476632
3465,74,1586,226,1kwc_BPY_B_401,4,gnina,0.48570719,1.2522167,2.1611698,0,0.0030372542,2.336225
3466,74,17143,2449,6t02_M5E_A_602,0,surfdock,0.53244775,1.2521401,2.3051107,0,0.00016206908,2.4487206
3467,74,15040,2148,6e43_BEZ_B_502,4,gnina,0.48557163,1.2495056,2.1611698,0,0.98653016,3.5363995
3468,74,16695,2385,6qde_HWW_A_503,0,surfdock,0.53244775,1.2484353,2.3298433,0,0,3.8018302
3469,74,1859,265,1mrj_ADN_A_300,4,gnina,0.48550713,1.2478991,2.1611698,0,0,2.0540218
3470,74,13374,1910,5r0i_SYV_A_2501,4,gnina,0.48581279,1.2463945,2.2081263,0,1.4983411e-06,1.7652648
3471,74,17171,2453,6t0a_M58_B_601,0,surfdock,0.53244775,1.2463378,2.3439336,0,0.88004269,2.4306977
3472,74,17150,2450,6t02_M5E_B_601,0,surfdock,0.53244775,1.244921,2.3534884,0,0,2.749192
3473,74,17710,2530,7bp1_CAQ_A_401,0,surfdock,0.53244775,1.2445517,2.3559835,0,0.99365204,2.1987162
3474,74,7742,1106,4cjw_CBJ_B_1217,0,surfdock,0.53244775,1.2444964,2.3563571,0,0.99189749,3.7812356
3475,74,17308,2472,6tor_PMP_A_504,4,gnina,0.48529563,1.2441839,2.1611698,0,0,3.2501699
3476,74,2279,325,1pt8_OXL_B_801,4,gnina,0.48525384,1.2438827,2.1611698,0,1.5654447e-06,2.1708735
3477,74,17136,2448,6t02_M5E_A_601,0,surfdock,0.53244775,1.2432949,2.3644907,0,0,2.7883577
3478,74,12744,1820,5jg5_EVF_B_301,4,gnina,0.48520614,1.242979,2.1611698,0,0.99679406,1.8395553
3479,74,4449,635,2gyw_OBI_A_952,4,gnina,0.48514028,1.2423765,2.1611698,0,0.73773655,5.2067963
3480,74,15638,2234,6jc7_F0G_B_601,0,surfdock,0.53244775,1.2422921,2.3712952,0,0,4.0291964
3481,74,15645,2235,6jc7_F0G_C_601,0,surfdock,0.53244775,1.2422921,2.3712952,0,0.96058201,3.8868572
3482,74,17164,2452,6t0a_M58_A_601,0,surfdock,0.53244775,1.2420522,2.3729248,0,0.0026412827,2.5095316
3483,74,3441,491,1zei_CRS_E_55,4,gnina,0.48586358,1.2419304,2.243417,0,9.8062974e-06,1.8737316
3484,75,10130,1447,4udc_DEX_A_1778,1,unimol,0.66782158,1.2990197,2.1950314,0,0.99631688,24.39
3485,75,4970,710,2pir_DHT_A_931,0,surfdock,0.53074572,1.2753311,2.1511886,0,0.99481516,3.7586699
3486,75,8015,1145,4d5e_TPP_B_1590,0,surfdock,0.53074572,1.2753311,2.1511886,0,0,4.6451007
3487,75,9611,1373,4ofu_DHT_A_1001,0,surfdock,0.53074572,1.2753311,2.1511886,0,0.99281794,3.7577584
3488,75,10129,1447,4udc_DEX_A_1778,0,surfdock,0.53074572,1.2753311,2.1511886,0,0.99319767,4.4621984
3489,75,10829,1547,4zu3_4SD_E_301,0,surfdock,0.53074572,1.2753311,2.1511886,0,0.98420085,2.4612195
3490,75,11354,1622,5d41_57N_A_1103,0,surfdock,0.53074572,1.2753311,2.1511886,0,0,4.0562689
3491,75,12110,1730,5gwt_SIN_D_301,0,surfdock,0.53074572,1.2753311,2.1511886,0,0.99502357,2.4128653
3492,75,12992,1856,5lwy_OLB_A_403,0,surfdock,0.53074572,1.2753311,2.1511886,0,0,3.5230749
3493,75,12999,1857,5lwy_OLB_A_404,0,surfdock,0.53074572,1.2753311,2.1511886,0,0,2.6132184
3494,75,13111,1873,5mot_HBD_A_401,0,surfdock,0.53074572,1.2753311,2.1511886,0,0.001269066,2.5441215
3495,75,13118,1874,5mot_HBD_A_402,0,surfdock,0.53074572,1.2753311,2.1511886,0,0.94229475,2.187132
3496,75,13580,1940,5tvr_AKG_A_402,0,surfdock,0.53074572,1.2753311,2.1511886,0,0.99076666,2.7752645
3497,75,13587,1941,5tvr_AKG_B_402,0,surfdock,0.53074572,1.2753311,2.1511886,0,0.99751272,2.7110469
3498,75,15722,2246,6jyg_FLC_A_401,0,surfdock,0.53074572,1.2753311,2.1511886,0,0.99004638,3.0059119
3499,75,15729,2247,6jyg_FLC_B_401,0,surfdock,0.53074572,1.2753311,2.1511886,0,0.95031269,3.8680925
3500,75,15743,2249,6jyg_FLC_D_401,0,surfdock,0.53074572,1.2753311,2.1511886,0,0.88282996,2.860752
3501,75,15750,2250,6jyg_FLC_E_401,0,surfdock,0.53074572,1.2753311,2.1511886,0,0,2.7742978
3502,75,15757,2251,6jyg_FLC_E_402,0,surfdock,0.53074572,1.2753311,2.1511886,0,0.0017093796,2.5325328
3503,75,16142,2306,6nba_P1T_C_501,0,surfdock,0.53074572,1.2753311,2.1511886,0,0.98408643,4.6294758
3504,75,16492,2356,6paf_O6A_A_509,0,surfdock,0.53074572,1.2753311,2.1511886,0,0.98378176,4.0674754
3505,75,16898,2414,6rgr_RM4_A_402,0,surfdock,0.53074572,1.2753311,2.1511886,0,0.054839278,2.2098548
3506,75,16905,2415,6rgr_RM4_A_403,0,surfdock,0.53074572,1.2753311,2.1511886,0,0.22235516,2.1348385
3507,75,17024,2432,6si4_LEK_A_402,0,surfdock,0.53074572,1.2753311,2.1511886,0,0.94630379,3.4245349
3508,75,17031,2433,6si4_LEK_B_402,0,surfdock,0.53074572,1.2753311,2.1511886,0,0.95633218,3.5722978
3509,75,17381,2483,6uo7_QCP_A_504,0,surfdock,0.53074572,1.2753311,2.1511886,0,0.9840092,3.5969037
3510,75,17542,2506,6w0x_S6J_A_301,0,surfdock,0.53074572,1.2753311,2.1511886,0,0.96992206,4.0361156
3511,75,17549,2507,6w0x_S6J_B_301,0,surfdock,0.53074572,1.2753311,2.1511886,0,0.98126651,3.9572124
3512,75,10822,1546,4zu3_4SD_D_301,0,surfdock,0.53074572,1.2614257,2.2404959,0,0.098106271,2.1302209
3513,75,10836,1548,4zu3_4SD_F_301,0,surfdock,0.53074572,1.2614257,2.2404959,0,0.98242217,2.588405
3514,75,16517,2359,6pk1_PLP_A_501,4,gnina,0.46875709,1.2592094,2.1511886,0,0.91508531,3.2208432
3515,75,6619,945,3v1s_0LH_B_401,4,gnina,0.46539659,1.258101,2.1511886,0,0.013387532,2.2243775
3516,75,16982,2426,6s4h_KUQ_A_901,0,surfdock,0.53074572,1.2580857,2.2623453,0,0.99250904,3.9862891
3517,75,11029,1575,5afy_WCE_H_1248,4,gnina,0.46525104,1.2562873,2.1511886,0,0.00072854404,2.0662803
3518,75,8852,1264,4ioq_BAQ_A_201,4,gnina,0.46517765,1.2547759,2.1511886,0,2.1962924e-05,1.3633349
3519,75,4736,676,2no7_LDC_A_401,4,gnina,0.46510193,1.2527607,2.1511886,0,0.989539,3.2309958
3520,75,12401,1771,5i9m_69K_B_302,4,gnina,0.46515085,1.2523535,2.1622593,0,0.38810506,2.7768076
3521,75,2181,311,1pbd_PAB_A_396,4,gnina,0.46500355,1.2514508,2.1511886,0,0.99154026,1.6654052
3522,75,2356,336,1q4g_BFL_A_701,4,gnina,0.4649871,1.2510477,2.1511886,0,0.98892805,4.5664956
3523,75,4743,677,2no7_LDC_B_401,4,gnina,0.46493565,1.2496371,2.1511886,0,0.033190703,3.1955873
3524,75,3693,527,2aiq_BEN_A_401,4,gnina,0.46490158,1.2490325,2.1511886,0,0.96948563,1.5044654
3525,75,5324,760,2rtn_IMI_B_300,4,gnina,0.46480074,1.2476219,2.1511886,0,0.98680205,2.8453594
3526,75,1082,154,1hkn_N2M_C_4138,4,gnina,0.46479995,1.2475211,2.1511886,0,0,2.5189412
3527,75,5807,829,2xum_OGA_A_601,4,gnina,0.464701,1.246312,2.1511886,0,0.00039266639,1.9469329
3528,75,9587,1369,4o7g_ASC_B_303,4,gnina,0.46463576,1.2456067,2.1511886,0,0.012399145,2.0719088
3529,75,16944,2420,6rum_TOP_A_301,4,gnina,0.46461885,1.2452036,2.1511886,0,0.95067302,3.449896
3530,75,1614,230,1kya_XYD_B_612,4,gnina,0.46461779,1.2451028,2.1511886,0,0.98832672,4.5565255
3531,75,4218,602,2fcu_AKG_A_897,4,gnina,0.46460465,1.2450021,2.1511886,0,0.00021050051,2.2168114
3532,75,5331,761,2rtn_IMI_D_300,4,gnina,0.46456854,1.2443975,2.1511886,0,0.9860596,3.0728551
3533,75,9804,1400,4q40_VAL_D_403,4,gnina,0.46524706,1.2442575,2.228164,0,0.36322147,4.8515715
3534,76,7890,1127,4cno_9PY_D_301,1,unimol,0.76645409,1.3139094,2.8096509,0,0.97488296,24.93
3535,76,6888,984,3wat_BMA_A_404,0,surfdock,0.62332681,1.2902151,2.1423299,0,0.99386302,2.6916418
3536,76,6895,985,3wat_BMA_B_404,0,surfdock,0.62332681,1.2902151,2.1423299,0,0.99042,2.7335768
3537,76,7231,1033,3zzm_JLN_A_1526,0,surfdock,0.53245602,1.2763625,2.1423299,0,0.96898039,4.0108715
3538,76,8022,1146,4d96_5PA_A_501,0,surfdock,0.53245602,1.2763625,2.1423299,0,0,4.1113181
3539,76,8029,1147,4d96_5PA_C_402,0,surfdock,0.53245602,1.2763625,2.1423299,0,0,4.1462194
3540,76,8036,1148,4d96_5PA_D_501,0,surfdock,0.53245602,1.2763625,2.1423299,0,0,4.1416012
3541,76,13685,1955,5ud3_P6F_A_404,0,surfdock,0.53245602,1.2763625,2.1423299,0,0,3.6362939
3542,76,13692,1956,5ud3_P6F_B_404,0,surfdock,0.53245602,1.2763625,2.1423299,0,0,3.6443343
3543,76,14791,2113,6auq_BYJ_A_803,0,surfdock,0.53245602,1.2763625,2.1423299,0,0.81040098,3.3302844
3544,76,15071,2153,6f2v_AMP_A_1001,0,surfdock,0.53245602,1.2763625,2.1423299,0,0,3.873853
3545,76,15078,2154,6f2v_AMP_B_1001,0,surfdock,0.53245602,1.2763625,2.1423299,0,0,3.7240255
3546,76,15694,2242,6jme_BVU_A_409,0,surfdock,0.53245602,1.2763625,2.1423299,0,0.99346171,4.5754759
3547,76,15946,2278,6lql_F0C_A_702,0,surfdock,0.53245602,1.2763625,2.1423299,0,0.9818878,3.441678
3548,76,16030,2290,6mnh_JVD_A_301,0,surfdock,0.53245602,1.2763625,2.1423299,0,0.99653529,2.4593132
3549,76,16275,2325,6nni_CP6_A_203,0,surfdock,0.53245602,1.2763625,2.1423299,0,0.99389583,3.1634969
3550,76,16282,2326,6nni_CP6_B_203,0,surfdock,0.53245602,1.2763625,2.1423299,0,0.99069624,3.1632869
3551,76,17423,2489,6uvj_QJ1_A_205,0,surfdock,0.53245602,1.2763625,2.1423299,0,0.90871613,3.057739
3552,76,17444,2492,6v1e_5SW_A_301,0,surfdock,0.53245602,1.2763625,2.1423299,0,0.98806437,3.7344751
3553,76,17528,2504,6vv9_RQ1_A_202,0,surfdock,0.53245602,1.2763625,2.1423299,0,0.0013911405,3.9090793
3554,76,17535,2505,6vv9_RQ1_B_304,0,surfdock,0.53245602,1.2763625,2.1423299,0,0.49085464,3.7832155
3555,76,10108,1444,4uch_OLW_A_800,0,surfdock,0.53245602,1.2707278,2.1781049,0,0,3.5915554
3556,76,11900,1700,5fli_QUE_G_301,0,surfdock,0.53245602,1.2686785,2.1912222,0,0.82699134,3.8072462
3557,76,11907,1701,5fli_QUE_J_301,0,surfdock,0.53245602,1.2686785,2.1912222,0,0,3.7753083
3558,76,10143,1449,4ug6_XFJ_A_904,0,surfdock,0.53245602,1.2652687,2.213177,0,0.038658154,3.4637802
3559,76,8103,1157,4do1_ANN_B_502,4,gnina,0.50043128,1.2631165,2.1423299,0,1.6661633e-08,4.6257299
3560,76,7725,1103,4cjv_IV2_B_1215,4,gnina,0.4952693,1.2626109,2.1423299,0,0.97667082,1.6262665
3561,76,7214,1030,3zwt_ORO_A_1398,4,gnina,0.47612245,1.2609931,2.1423299,0,0.00013061549,1.6802519
3562,77,1421,203,1jyw_147_C_2001,0,surfdock,0.53215857,1.2774538,2.141506,0,0.97471888,3.6078683
3563,77,1435,205,1jyx_IPT_A_2002,0,surfdock,0.53215857,1.2774538,2.141506,0,0.00063031565,2.8837358
3564,77,1463,209,1jyx_IPT_D_2002,0,surfdock,0.53215857,1.2774538,2.141506,0,0.00063084568,2.8215983
3565,77,3283,469,1y5v_NE8_A_500,0,surfdock,0.53215857,1.2774538,2.141506,0,0,4.0185554
3566,77,8841,1263,4ict_1ED_A_406,0,surfdock,0.53215857,1.2774538,2.141506,0,0.98235538,3.6894188
3567,77,8988,1284,4jxh_HRC_A_301,0,surfdock,0.53215857,1.2774538,2.141506,0,0.98481105,3.1521944
3568,77,14182,2026,5xdt_ZI7_A_403,0,surfdock,0.53215857,1.2774538,2.141506,0,0.76888049,4.1793473
3569,77,14427,2061,5ybp_8SX_B_303,0,surfdock,0.53215857,1.2774538,2.141506,0,0,4.8683879
3570,77,14875,2125,6btq_E8S_A_305,0,surfdock,0.53215857,1.2774538,2.141506,0,0,3.3289807
3571,77,15666,2238,6jk9_BU0_A_501,0,surfdock,0.53215857,1.2774538,2.141506,0,0,4.6756169
3572,77,15673,2239,6jk9_BU0_B_501,0,surfdock,0.53215857,1.2774538,2.141506,0,0,4.5876108
3573,77,15680,2240,6jmd_BVO_A_408,0,surfdock,0.53215857,1.2774538,2.141506,0,0.99417619,4.7117748
3574,77,16317,2331,6nyo_U94_A_301,0,surfdock,0.53215857,1.2774538,2.141506,0,0,4.334854
3575,77,16856,2408,6rbx_JYT_A_301,0,surfdock,0.53215857,1.2774538,2.141506,0,0.98338246,2.9368482
3576,77,14448,2064,5ybq_8T0_B_303,0,surfdock,0.53215857,1.2754298,2.1542606,0,0,4.8460158
3577,77,17696,2528,6zug_QPW_H_1001,0,surfdock,0.53215857,1.2708241,2.1834888,0,0.99218168,4.7803496
3578,77,14798,2114,6av2_BY7_A_803,0,surfdock,0.53215857,1.2665242,2.2110355,0,0.43517616,3.9608741
3579,77,4127,589,2eup_LG4_A_400,4,gnina,0.49684975,1.2651949,2.141506,0,0.96693973,1.5954324
3580,77,17227,2461,6tbx_N0Z_B_302,0,surfdock,0.53215857,1.2645554,2.2237329,0,0.99118029,2.6949497
3581,77,10126,1446,4ud9_FQI_H_1257,4,gnina,0.47541946,1.2641818,2.141506,0,0.99684691,2.0277827
3582,77,7718,1102,4cjv_IV2_A_1212,4,gnina,0.47535045,1.2638779,2.141506,0,0.99615102,1.7418748
3583,77,7326,1046,4a9j_TYL_C_1184,4,gnina,0.47531955,1.2637765,2.141506,0,0.5980144,1.8840998
3584,77,4190,598,2f78_BEZ_B_1002,4,gnina,0.47529939,1.2634726,2.141506,0,0.98932595,1.7586937
3585,77,1383,197,1jhv_PCR_A_990,4,gnina,0.47529331,1.2633713,2.141506,0,0.0054470704,1.4717022
3586,77,17241,2463,6tbx_N0Z_D_302,0,surfdock,0.53215857,1.2633287,2.2316711,0,0,2.479586
3587,77,7319,1045,4a9j_TYL_B_1187,4,gnina,0.47524736,1.2628647,2.141506,0,0.95811048,1.7909579
3588,77,6220,888,3qk1_BEN_A_1010,4,gnina,0.47513468,1.2619529,2.141506,0,0.99577539,1.650839
3589,77,8306,1186,4ekr_0R0_A_202,4,gnina,0.47512681,1.2618516,2.141506,0,0.13947097,1.7155149
3590,77,1131,161,1hsr_BHO_A_800,4,gnina,0.47512677,1.2617503,2.141506,0,2.819143e-06,1.7605827
3591,77,7312,1044,4a9j_TYL_A_1188,4,gnina,0.47507254,1.2614463,2.141506,0,0.00028638637,1.7444546
3592,77,9951,1421,4rm3_FOA_B_1000,4,gnina,0.47505653,1.2609398,2.141506,0,0.023662431,2.1399494
3593,77,3672,524,2ahc_VNL_C_366,4,gnina,0.47500119,1.2603319,2.141506,0,0.00033027608,3.35416
3594,77,15110,2158,6f66_CUT_B_300,4,gnina,0.47494366,1.2594201,2.141506,0,0.97144165,2.4714957
3595,77,17420,2488,6urx_JMG_A_316,4,gnina,0.47494288,1.2593188,2.141506,0,0.075619508,1.8567633
3596,77,14557,2079,5z9b_HX3_A_303,4,gnina,0.47492459,1.2590148,2.141506,0,0.00080650781,1.8213192
3597,77,16503,2357,6pdd_O9S_A_803,4,gnina,0.47492419,1.2589135,2.141506,0,4.2141736e-09,4.6106367
3598,77,17294,2470,6tog_NQH_A_201,4,gnina,0.47490778,1.2587109,2.141506,0,0.98322104,2.2152263
3599,77,4204,600,2f78_BEZ_B_1005,4,gnina,0.47489556,1.2582043,2.141506,0,0.018186831,1.7594598
3600,77,9944,1420,4rm3_FOA_A_1000,4,gnina,0.47488808,1.2580017,2.141506,0,0.040549919,2.3070082
3601,77,4001,571,2d0e_NQ_A_410,4,gnina,0.47488614,1.2579004,2.141506,0,3.6539229e-05,1.6816446
3602,77,7004,1000,3wr4_GDE_B_502,4,gnina,0.47476703,1.2569886,2.141506,0,0.87567593,2.6180599
3603,77,11582,1654,5e9m_BAE_A_2001,4,gnina,0.47473986,1.256786,2.141506,0,0.014004822,1.7187819
3604,77,137,19,1axg_ETF_B_404,4,gnina,0.47471799,1.256482,2.141506,0,0.9805795,3.3450711
3605,77,12135,1733,5h24_LQG_B_501,4,gnina,0.47468448,1.2556715,2.141506,0,3.6062827e-06,3.5046932
3606,77,14564,2080,5z9b_HX3_B_303,4,gnina,0.47462009,1.2547597,2.141506,0,0.00045624252,1.8261606
3607,77,16191,2313,6nga_KL7_B_804,0,surfdock,0.53215857,1.2545609,2.289022,0,0,3.5794137
3608,77,7102,1014,3wwc_BUA_A_403,4,gnina,0.47449049,1.2535439,2.141506,0,3.367669e-05,1.4521994
3609,77,1810,258,1mex_RAC_H_601,4,gnina,0.47440523,1.2528347,2.141506,0,0.59110997,4.7480106
3610,77,2951,421,1v3v_5OP_A_1360,4,gnina,0.47436536,1.2524295,2.141506,0,0.058495961,2.278053
3611,77,12877,1839,5kjw_53C_B_800,4,gnina,0.47537916,1.2523918,2.216068,0,0.0021873312,2.0337934
3612,78,8856,1265,4iph_1FJ_A_201,1,unimol,0.761169,1.3381639,2.5456629,0,0,17.99
3613,78,17158,2451,6t07_M45_B_601,1,unimol,0.66848862,1.301374,2.1278412,0,0,18.44
3614,78,5894,842,2ynf_WHU_A_1563,0,surfdock,0.53108415,1.2778882,2.1278412,0,0,4.4764038
3615,78,13776,1968,5unr_8EV_A_803,0,surfdock,0.53108415,1.2778882,2.1278412,0,0,3.6286556
3616,78,13783,1969,5unr_8EV_B_803,0,surfdock,0.53108415,1.2778882,2.1278412,0,0.65032883,6.0404828
3617,78,17157,2451,6t07_M45_B_601,0,surfdock,0.53108415,1.2778882,2.1278412,0,0.00023881849,2.6244922
3618,78,7882,1126,4cmk_FQW_D_1270,0,surfdock,0.53108415,1.2686472,2.1863604,0,0.99061305,3.7015613
3619,78,7868,1124,4cmk_FQW_A_1270,0,surfdock,0.53108415,1.267904,2.1911163,0,0.9571559,3.826882
3620,78,9324,1332,4mju_27S_A_501,0,surfdock,0.53067785,1.2671621,2.1278412,0,0.67541437,4.0897363
3621,78,17462,2494,6v9f_QTS_B_2001,4,gnina,0.45612452,1.2646711,2.1278412,0,0.2794519,3.5445219
3622,78,7935,1133,4cxr_2BG_A_502,4,gnina,0.4561501,1.2638177,2.1345444,0,0.98196121,2.2645665
3623,78,9692,1384,4pbr_2L7_A_401,4,gnina,0.45594949,1.2631461,2.1278412,0,0.96567063,3.9323819
3624,78,9034,1290,4k5u_GAL_A_301,4,gnina,0.45593352,1.2629428,2.1278412,0,0.89886766,2.2860802
3625,78,15397,2199,6gck_EUB_C_302,4,gnina,0.4557025,1.2606044,2.1278412,0,0.00070002957,3.7255522
3626,78,2650,378,1t93_FLV_A_432,4,gnina,0.45567001,1.259791,2.1278412,0,0.00079637273,1.8428056
3627,78,14515,2073,5ysh_5AD_G_605,4,gnina,0.45566222,1.2593843,2.1278412,0,0.0025956571,26.043241
3628,78,12499,1785,5in3_G1P_A_416,4,gnina,0.45561545,1.2586726,2.1278412,0,0.97856571,2.9418378
3629,78,8726,1246,4i4v_NGA_D_201,4,gnina,0.45555017,1.2578593,2.1278412,0,0.91589457,2.1455611
3630,78,16615,2373,6q4b_HHN_A_301,4,gnina,0.45552906,1.2577576,2.1278412,0,0.036972606,1.4744077
3631,78,12870,1838,5kjw_53C_A_800,4,gnina,0.455514,1.2575543,2.1278412,0,0.7654594,2.0164332
3632,78,6759,965,3vq4_0NX_B_303,4,gnina,0.4554452,1.2572492,2.1278412,0,0.13361143,1.8954132
3633,78,1096,156,1ho5_ADN_B_2604,4,gnina,0.45536094,1.2565376,2.1278412,0,6.0170552e-09,3.6761832
3634,78,15390,2198,6gck_EUB_B_302,4,gnina,0.45532194,1.2561309,2.1278412,0,2.1236478e-05,3.7239866
3635,78,10399,1485,4x36_CHT_A_408,4,gnina,0.45530676,1.2557242,2.1278412,0,0.060996447,1.6217252
3636,78,14777,2111,6ald_2FP_A_700,0,surfdock,0.53108415,1.2556417,2.2706935,0,0,3.3039596
3637,78,14784,2112,6ald_2FP_B_700,0,surfdock,0.53108415,1.2556417,2.2706935,0,0,3.4088113
3638,78,10171,1453,4uoc_NCN_B_400,0,surfdock,0.53108415,1.2550785,2.2743998,0,0,3.7150079
3639,78,5079,725,2qb4_DSM_A_802,4,gnina,0.45519924,1.2547075,2.1278412,0,0.012040554,2.7610446
3640,78,14025,2003,5w8q_BU4_A_400,4,gnina,0.45518342,1.2545042,2.1278412,0,0.75869276,1.9158204
3641,78,10406,1486,4x36_CHT_A_409,4,gnina,0.45517993,1.2544025,2.1278412,0,0.98865111,1.5583885
3642,78,2643,377,1t93_FLV_A_431,4,gnina,0.45516643,1.2541992,2.1278412,0,5.7515578e-06,2.7893042
3643,78,5089,727,2qca_DGP_A_200,0,surfdock,0.53108415,1.2537027,2.2834713,0,0.95858971,3.3449634
3644,78,14193,2027,5xh2_NPO_A_305,4,gnina,0.45507416,1.2536908,2.1278412,0,0.10364469,1.6607243
3645,78,2461,351,1ruk_BEZ_H_601,4,gnina,0.4550405,1.2532841,2.1278412,0,0.0014399581,1.474425
3646,78,8985,1283,4jwx_1N4_A_301,4,gnina,0.45501506,1.2530808,2.1278412,0,0.98708271,3.0169853
3647,78,9566,1366,4nr9_ALY_A_2005,4,gnina,0.45496795,1.2527758,2.1278412,0,0.0037448917,2.2579442
3648,78,15439,2205,6hl7_CP_A_401,4,gnina,0.45496533,1.2526741,2.1278412,0,3.3135942e-06,4.6746925
3649,78,15383,2197,6gck_EUB_A_302,4,gnina,0.45495825,1.2525724,2.1278412,0,0.00040353673,3.8875155
3650,78,1117,159,1hq2_PH2_A_181,4,gnina,0.45480507,1.250844,2.1278412,0,0.99507507,1.8107848
3651,78,9188,1312,4lo1_GAL_A_301,4,gnina,0.45476878,1.2501324,2.1278412,0,0.97033081,2.0866701
3652,78,6297,899,3r51_MMA_A_200,4,gnina,0.45474866,1.2500307,2.1278412,0,0.98866503,1.9353093
3653,78,8362,1194,4f8n_GAL_A_204,4,gnina,0.45467296,1.249014,2.1278412,0,0.80353539,1.8544551
3654,78,1572,224,1kuj_MMA_E_503,4,gnina,0.45457628,1.2479973,2.1278412,0,0.99148163,1.9718558
3655,78,7543,1077,4bdr_KAI_B_900,4,gnina,0.45457234,1.247794,2.1278412,0,0.95036284,2.4405444
3656,78,3280,468,1y2x_NAG_D_3144,4,gnina,0.45453787,1.2475906,2.1278412,0,0.99065152,2.3028803
3657,78,16839,2405,6r6i_H50_B_201,4,gnina,0.45430819,1.2463706,2.1278412,0,0.15044841,3.1906343
3658,78,10245,1463,4uzi_IMD_B_1456,4,gnina,0.45543433,1.2461117,2.1990292,0,0.93724548,1.7136169
3659,78,11925,1703,5fp9_4SV_A_1342,4,gnina,0.45425577,1.2459639,2.1278412,0,0.0061118203,1.927178
3660,78,4414,630,2gnm_MAN_A_253,4,gnina,0.45418313,1.2455572,2.1278412,0,0.94370028,1.8480649
3661,78,1537,219,1kfc_IPL_A_674,4,gnina,0.4541831,1.2454555,2.1278412,0,0.37737549,4.5874445
3662,79,12026,1718,5g4r_LF1_B_1739,0,surfdock,0.53040941,1.2780197,2.1047122,0,0,4.073532
3663,79,12033,1719,5g4r_LF1_C_1739,0,surfdock,0.53040941,1.2780197,2.1047122,0,0.98728553,4.1278043
3664,79,13286,1898,5ocm_9RH_B_302,0,surfdock,0.53040941,1.2780197,2.1047122,0,0.0016603815,2.7029667
3665,79,13293,1899,5ocm_9RH_C_302,0,surfdock,0.53040941,1.2780197,2.1047122,0,0.0016974413,2.6404984
3666,79,13300,1900,5ocm_9RH_D_302,0,surfdock,0.53040941,1.2780197,2.1047122,0,0.001855516,5.7476908
3667,79,13307,1901,5ocm_9RH_E_302,0,surfdock,0.53040941,1.2780197,2.1047122,0,0.9950276,2.7158977
3668,79,13314,1902,5ocm_9RH_F_302,0,surfdock,0.53040941,1.2780197,2.1047122,0,0.76143858,2.688134
3669,79,15547,2221,6hpx_GKQ_A_205,0,surfdock,0.53040941,1.2780197,2.1047122,0,0.95569734,3.718744
3670,79,17010,2430,6s9g_L1Q_A_305,0,surfdock,0.53040941,1.2780197,2.1047122,0,0.99700611,3.2533709
3671,79,17017,2431,6s9g_L1Q_A_306,0,surfdock,0.53040941,1.2780197,2.1047122,0,0.94764216,2.7907181
3672,79,17570,2510,6xim_XLS_A_397,0,surfdock,0.53040941,1.2780197,2.1047122,0,0.99491317,2.7460502
3673,79,17577,2511,6xim_XLS_B_397,0,surfdock,0.53040941,1.2780197,2.1047122,0,0,2.7509804
3674,79,17591,2513,6xim_XLS_D_397,0,surfdock,0.53040941,1.2780197,2.1047122,0,0.99130531,2.7630395
3675,79,10934,1562,5a7p_6Z1_B_1361,0,surfdock,0.53040941,1.2690185,2.1616015,0,0.9926639,3.7124536
3676,79,14196,2028,5xin_XLS_A_397,0,surfdock,0.53040941,1.2678905,2.1688082,0,0.99144466,2.5722516
3677,79,14203,2029,5xin_XLS_B_397,0,surfdock,0.53040941,1.2678905,2.1688082,0,0.98670937,2.6506327
3678,79,17584,2512,6xim_XLS_C_397,0,surfdock,0.52987539,1.2677147,2.1047122,0,0,2.6097931
3679,79,10483,1497,4xv4_25T_A_302,4,gnina,0.46801139,1.2665924,2.1047122,0,0.010143747,1.4513555
3680,79,14217,2031,5xin_XLS_D_397,0,surfdock,0.53040941,1.2664925,2.177763,0,0.95246752,2.6615473
3681,79,13766,1966,5uio_LG3_E_201,4,gnina,0.46789155,1.2661843,2.1047122,0,0.99160355,2.3696727
3682,79,1635,233,1l5o_2MP_A_990,4,gnina,0.46782568,1.2656741,2.1047122,0,0.014184438,2.133076
3683,79,13759,1965,5uio_LG3_C_201,4,gnina,0.46778403,1.2654701,2.1047122,0,0.99395769,2.5473355
3684,79,3448,492,1zei_CRS_F_54,4,gnina,0.46766424,1.2648579,2.1047122,0,0.83379369,1.8838963
3685,79,8243,1177,4e7v_CRS_U_101,4,gnina,0.46765802,1.2646538,2.1047122,0,0.97613473,1.8972115
3686,79,8236,1176,4e7v_CRS_Q_101,4,gnina,0.46752346,1.2632254,2.1047122,0,0.86585662,2.144497
3687,79,8222,1174,4e7v_CRS_M_101,4,gnina,0.46749667,1.2629193,2.1047122,0,0.99087744,2.2684131
3688,79,8208,1172,4e7v_CRS_I_101,4,gnina,0.46749604,1.2628173,2.1047122,0,0.4515021,2.198755
3689,79,3434,490,1zei_CRS_E_54,4,gnina,0.46748482,1.2627153,2.1047122,0,0.98767554,1.4890052
3690,79,8229,1175,4e7v_CRS_O_101,4,gnina,0.4674827,1.2626132,2.1047122,0,0.99386439,2.0819867
3691,79,8194,1170,4e7v_CRS_A_101,4,gnina,0.46744858,1.2624092,2.1047122,0,0.16944603,2.1415978
3692,79,3420,488,1zei_CRS_B_56,4,gnina,0.4674346,1.2623071,2.1047122,0,0.99736155,1.4282557
3693,79,4872,696,2o7b_HC4_D_701,0,surfdock,0.61806998,1.2620519,2.2783821,0,0.99309925,2.9847246
3694,79,2688,384,1thc_FL9_B_130,0,surfdock,0.53040941,1.2618213,2.2078786,0,0,3.0624764
3695,79,3413,487,1zei_CRS_A_54,4,gnina,0.46732648,1.261797,2.1047122,0,0.28861449,1.2958171
3696,79,15999,2285,6m9b_BTN_C_201,4,gnina,0.46721663,1.2603686,2.1047122,0,0.99403961,3.5240935
3697,79,15271,2181,6flu_DTK_A_406,4,gnina,0.4675337,1.2601469,2.1255724,0,0.99458142,1.9598207
3698,79,3595,513,2a15_NCA_A_1001,4,gnina,0.46689866,1.2586341,2.1047122,0,0.99032072,1.6121397
3699,79,7893,1127,4cno_9PY_D_301,4,gnina,0.4668174,1.2581239,2.1047122,0,0.92287123,3.3875619
3700,79,333,47,1dai_DSD_A_225,4,gnina,0.46668973,1.2570016,2.1047122,0,0,3.6259445
3701,79,326,46,1daf_DSD_A_225,4,gnina,0.46655352,1.2563894,2.1047122,0,0,3.4518749
3702,79,10490,1498,4xv4_25T_A_303,4,gnina,0.46635217,1.2550631,2.1047122,0,0.99796524,1.5001363
3703,79,2979,425,1vje_MSE_A_301,4,gnina,0.46634658,1.254859,2.1047122,0,1.1472612e-06,2.1114455
3704,79,12205,1743,5hc0_NPO_A_402,4,gnina,0.46634354,1.254757,2.1047122,0,0.015055082,1.4447605
3705,79,16006,2286,6m9b_BTN_D_201,4,gnina,0.46623811,1.2539407,2.1047122,0,0.99107935,3.3436855
3706,79,627,89,1g6t_S3P_A_601,4,gnina,0.46617025,1.2533286,2.1047122,0,0.41918545,2.2714706
3707,79,214,30,1ca7_ENO_B_601,4,gnina,0.46605647,1.2524103,2.1047122,0,0.98746204,1.8318636
3708,79,9622,1374,4ovl_1TD_B_308,4,gnina,0.46605098,1.2522062,2.1047122,0,0,2.9852553
3709,79,16741,2391,6qol_JB5_A_301,4,gnina,0.46770702,1.2513292,2.1935089,0,0.00077986611,1.9604026
3710,79,5254,750,2r3d_ACM_A_303,4,gnina,0.46576597,1.2509819,2.1047122,0,0.9937472,1.3016927
3711,79,11330,1618,5cpn_531_A_401,4,gnina,0.46572376,1.2507778,2.1047122,0,0.0011261313,3.1678272
3712,80,11659,1665,5eo7_SFU_B_404,4,gnina,0.57219461,1.2877768,2.0903172,0,0.0061792143,3.1940707
3713,80,693,99,1gij_2PU_A_501,0,surfdock,0.53123753,1.2783568,2.0903172,0,0.89587387,4.2407293
3714,80,5138,734,2qgw_EES_B_1,0,surfdock,0.53123753,1.2783568,2.0903172,0,0,3.4282159
3715,80,7756,1108,4cld_JUO_B_1270,0,surfdock,0.53123753,1.2783568,2.0903172,0,0,3.1217085
3716,80,7763,1109,4cld_JUO_C_1270,0,surfdock,0.53123753,1.2783568,2.0903172,0,0,3.221171
3717,80,8127,1161,4dta_ADN_A_401,0,surfdock,0.53123753,1.2783568,2.0903172,0,0.99050774,3.3882639
3718,80,8134,1162,4dta_ADN_B_401,0,surfdock,0.53123753,1.2783568,2.0903172,0,0.98202126,3.1216339
3719,80,11725,1675,5eso_ISC_A_602,0,surfdock,0.53123753,1.2783568,2.0903172,0,0.98798575,2.9272267
3720,80,12040,1720,5g4r_LF1_D_1739,0,surfdock,0.53123753,1.2783568,2.0903172,0,0.36085273,4.3883815
3721,80,12054,1722,5g6k_M94_A_904,0,surfdock,0.53123753,1.2783568,2.0903172,0,0,3.4031997
3722,80,12327,1761,5i3p_68T_A_1003,0,surfdock,0.53123753,1.2783568,2.0903172,0,0.63926864,4.5529878
3723,80,12544,1792,5ita_6DC_A_801,0,surfdock,0.53123753,1.2783568,2.0903172,0,0.97928989,4.5431021
3724,80,12551,1793,5ita_6DC_B_801,0,surfdock,0.53123753,1.2783568,2.0903172,0,0.51378784,4.4532884
3725,80,15211,2173,6fld_DQ5_A_604,0,surfdock,0.53123753,1.2783568,2.0903172,0,0,3.8511134
3726,80,17220,2460,6t9c_MX8_A_501,0,surfdock,0.53123753,1.2783568,2.0903172,0,0,4.213201
3727,80,14581,2083,5zg2_9C0_A_902,0,surfdock,0.53123753,1.2747701,2.1128304,0,0.99541605,3.5175097
3728,80,3406,486,1zdq_MSM_C_1509,4,gnina,0.4934765,1.2677081,2.0903172,0,0.99387438,1.9617663
3729,80,17098,2442,6syz_M1E_A_601,4,gnina,0.49338592,1.2674009,2.0903172,0,0.010496457,2.4205808
3730,80,5086,726,2qb4_LEU_A_601,4,gnina,0.49332381,1.2671962,2.0903172,0,0.96159178,2.6014134
3731,80,16972,2424,6s37_SAL_A_601,4,gnina,0.4930351,1.2656603,2.0903172,0,0,3.4670913
3732,80,11295,1613,5cga_KP6_H_301,4,gnina,0.49292153,1.2652507,2.0903172,0,0.99145683,4.0388812
3733,80,3392,484,1zdq_MSM_A_1507,4,gnina,0.49277496,1.2647388,2.0903172,0,0.95670318,1.9317793
3734,80,11267,1609,5cga_KP6_B_301,4,gnina,0.49273435,1.2646364,2.0903172,0,0.60939695,3.8224896
3735,80,11274,1610,5cga_KP6_C_301,4,gnina,0.49262996,1.2636125,2.0903172,0,0.98809012,4.0045565
3736,80,3399,485,1zdq_MSM_B_1508,4,gnina,0.49260674,1.2634077,2.0903172,0,0.99527764,2.430702
3737,80,11260,1608,5cga_KP6_A_301,4,gnina,0.49259953,1.2633053,2.0903172,0,0.99034609,3.9477356
3738,80,11288,1612,5cga_KP6_F_301,4,gnina,0.49222745,1.2619742,2.0903172,0,0.98606218,4.8661954
3739,80,8775,1253,4i6y_MEV_B_1001,4,gnina,0.49220642,1.2617694,2.0903172,0,0.86946354,2.5406881
3740,81,10500,1500,4xzh_48I_A_402,0,surfdock,0.53098974,1.2787991,2.0900393,0,0.99561665,3.9394605
3741,81,10507,1501,4xzh_48I_B_402,0,surfdock,0.53098974,1.2787991,2.0900393,0,0.99490213,3.931736
3742,81,14140,2020,5x5d_UMP_A_401,0,surfdock,0.53098974,1.2787991,2.0900393,0,0.96627977,3.4421889
3743,81,14147,2021,5x5d_UMP_C_401,0,surfdock,0.53098974,1.2787991,2.0900393,0,0.73875451,3.4795492
3744,81,14154,2022,5x5d_UMP_E_401,0,surfdock,0.53098974,1.2787991,2.0900393,0,0.96373128,3.5265522
3745,81,13272,1896,5o4k_9KE_A_405,0,surfdock,0.53098974,1.2681062,2.1575701,0,0.94895827,3.6962761
3746,81,2118,302,1ovk_NYL_A_405,4,gnina,0.51242593,1.2652052,2.0900393,0,0.99258249,2.0166419
3747,81,13388,1912,5r28_RDJ_A_401,4,gnina,0.51193151,1.263974,2.0900393,0,5.437714e-05,2.3809201
3748,81,6045,863,2zi2_24U_H_801,4,gnina,0.51176352,1.2631533,2.0900393,0,0.99146739,4.5621295
3749,81,16755,2393,6qor_JBK_A_301,4,gnina,0.51071064,1.2591521,2.0900393,0,0.0087774616,1.8637234
3750,81,1075,153,1hdi_3PG_A_419,4,gnina,0.51024046,1.2582287,2.0900393,0,0.038082066,2.0601689
3751,81,6563,937,3u1t_MLI_B_350,4,gnina,0.5094639,1.2551508,2.0900393,0,0.00018807884,2.0379403
3752,81,10413,1487,4x36_CHT_A_410,4,gnina,0.50940473,1.2547405,2.0900393,0,0.012970805,1.4069379
3753,81,17343,2477,6u30_PQM_A_501,4,gnina,0.50940145,1.2546379,2.0900393,0,0,2.0054599
3754,81,6556,936,3u1t_MLI_A_351,4,gnina,0.50900645,1.2539197,2.0900393,0,1.8274082e-06,1.6558629
3755,81,3504,500,1zk0_SS2_A_1260,4,gnina,0.50860783,1.2533041,2.0900393,0,0.5119674,1.4697425
3756,81,8530,1218,4h9x_HL4_A_404,4,gnina,0.50747891,1.2513548,2.0900393,0,0.55857501,2.3757969
3757,81,10420,1488,4x36_CHT_A_411,4,gnina,0.50635556,1.2497133,2.0900393,0,0.04488214,2.5125417
3758,81,11778,1682,5f35_FLC_A_302,4,gnina,0.50529294,1.2480718,2.0900393,0,3.4505883e-06,2.6840648
3759,81,3049,435,1w1a_NDG_2_1261,4,gnina,0.50524692,1.2479692,2.0900393,0,0.065471508,2.3109754
3760,81,5446,778,2vag_V25_A_1482,0,surfdock,0.53098974,1.2473378,2.2932236,0,0.99211943,3.9469582
3761,81,16958,2422,6s23_KSW_A_403,4,gnina,0.50442582,1.247251,2.0900393,0,0.013875394,1.7561305
3762,81,3455,493,1zei_CRS_F_55,4,gnina,0.50423634,1.2469432,2.0900393,0,0.21348986,1.3009897
3763,81,14032,2004,5w8q_BU4_B_400,4,gnina,0.50331083,1.2457121,2.0900393,0,0.75891852,1.8371706
3764,81,16335,2333,6o04_DNA_B_601,4,gnina,0.50309947,1.2446861,2.0900393,0,0,11.796332
3765,81,13143,1877,5n5k_HAE_A_306,4,gnina,0.50303746,1.2443783,2.0900393,0,0.83156046,1.3927118
3766,81,16951,2421,6s23_KSW_A_402,4,gnina,0.50294637,1.2437628,2.0900393,0,2.0806847e-06,1.851856
3767,81,7116,1016,3wxo_NIZ_A_803,4,gnina,0.5029417,1.2436602,2.0900393,0,0.00016827594,2.3617696
3768,81,8320,1188,4ekr_0R0_B_203,4,gnina,0.5028933,1.2435576,2.0900393,0,0.12591395,1.8804431
3769,81,16342,2334,6o04_DNA_D_603,4,gnina,0.50287444,1.2433524,2.0900393,0,1.6718269e-05,6.848441
3770,81,16328,2332,6o04_DNA_A_601,4,gnina,0.50280362,1.2427368,2.0900393,0,4.4221977e-06,7.0083958
3771,81,4918,702,2oci_TYC_A_401,4,gnina,0.50275876,1.242429,2.0900393,0,0.062857317,2.163631
3772,81,7165,1023,3zjq_NCA_A_300,4,gnina,0.50267276,1.2416083,2.0900393,0,6.0154675e-06,1.5282748
3773,81,13416,1916,5syi_NIZ_A_805,4,gnina,0.50256099,1.2407875,2.0900393,0,0.0082002149,5.5334642
3774,81,13423,1917,5syi_NIZ_B_805,4,gnina,0.50230846,1.2389408,2.0900393,0,0.0079905635,3.6551963
3775,81,9300,1328,4mgj_CPZ_A_502,4,gnina,0.50204547,1.2369915,2.0900393,0,2.4505765e-05,1.801561
3776,81,3259,465,1xny_BTN_B_5602,4,gnina,0.51073435,1.2359571,2.2422214,0,0.035352719,3.578698
3777,81,8327,1189,4evi_C9M_A_402,4,gnina,0.50181584,1.2358629,2.0900393,0,0.98952122,3.7064151
3778,81,13773,1967,5uj3_CE4_A_302,4,gnina,0.50150192,1.2344266,2.0900393,0,0.0001311768,6.2709351
3779,81,1495,213,1kar_HSM_B_503,4,gnina,0.50127702,1.2334006,2.0900393,0,3.8082026e-06,2.4403294
3780,81,8565,1223,4hgg_SYN_A_502,4,gnina,0.50316016,1.2330082,2.1685934,0,1.8623296e-05,2.0765465
3781,81,6094,870,2ztl_3HL_D_301,4,gnina,0.50115055,1.2328877,2.0900393,0,0,2.1573102
3782,81,1411,201,1jtk_THU_B_1138,4,gnina,0.51090669,1.2325245,2.2706039,0,0.96714939,2.3819461
3783,81,102,14,1anc_BEN_A_290,4,gnina,0.50104931,1.2323747,2.0900393,0,0.99375656,1.7126518
3784,81,1152,164,1ia1_TQ3_B_196,4,gnina,0.50097731,1.2320669,2.0900393,0,0.99739114,2.6194083
3785,81,7634,1090,4c2p_X8Z_A_709,4,gnina,0.51041248,1.2317451,2.2657185,0,0.9800801,2.2055522
3786,81,6248,892,3qwi_CUE_A_272,4,gnina,0.51370099,1.2317402,2.3355117,0,0.021272968,2.7433436
3787,81,6255,893,3qwi_CUE_B_272,4,gnina,0.51366025,1.2311687,2.3387337,0,0.0057113971,2.7324614
3788,81,4407,629,2gn2_C5P_A_400,4,gnina,0.50076846,1.2310409,2.0900393,0,3.6028831e-07,4.0968171
3789,81,10091,1441,4ubp_HAE_C_800,4,gnina,0.50072805,1.2307332,2.0900393,0,0.97836021,1.5800916
3790,82,7182,1026,3zr0_8OG_B_1157,0,surfdock,0.53222754,1.2784716,2.0660837,0,0.95974371,3.9317826
3791,82,8421,1203,4g1x_TQU_A_410,0,surfdock,0.53222754,1.2784716,2.0660837,0,0.9971105,2.9202168
3792,82,16562,2366,6png_OSG_A_802,0,surfdock,0.53222754,1.2784716,2.0660837,0,0.98981277,3.5959518
3793,82,16576,2368,6png_OSG_B_804,0,surfdock,0.53222754,1.2784716,2.0660837,0,0.46300822,3.5148393
3794,82,16569,2367,6png_OSG_A_803,0,surfdock,0.53186397,1.2702347,2.0660837,0,0.21349137,3.5545441
3795,82,13626,1946,5u5x_TP5_A_302,4,gnina,0.48238124,1.2687932,2.0660837,0,0.8041954,1.9370682
3796,82,12733,1819,5jfx_6K4_A_4000,0,surfdock,0.53222754,1.2660176,2.1448884,0,0.94136716,5.14817
3797,82,1089,155,1ho5_ADN_A_1604,4,gnina,0.47907578,1.2583941,2.0660837,0,1.1532432e-06,3.7313456
3798,82,7900,1128,4cpp_ADM_A_422,4,gnina,0.47880751,1.2573645,2.0660837,0,0.94218556,2.5124694
3799,82,2923,417,1uux_PPI_A_1165,4,gnina,0.47854317,1.2566438,2.0660837,0,0.00041528366,2.3004046
3800,82,732,104,1gkc_NFH_B_1449,4,gnina,0.47787138,1.2554083,2.0660837,0,0.93715389,4.5594292
3801,82,13598,1942,5tzr_MLI_A_2403,4,gnina,0.47779801,1.2549964,2.0660837,0,0.00010712918,1.8759716
3802,82,12968,1852,5lik_W8X_X_402,4,gnina,0.47739506,1.2544816,2.0660837,0,1.8965233e-05,4.01842
3803,82,2916,416,1uqx_MMA_A_1116,4,gnina,0.47475191,1.2521135,2.0660837,0,0.95911907,1.6077898
3804,82,4680,668,2j5z_GAL_A_1278,4,gnina,0.47301362,1.2505691,2.0660837,0,0.00093620012,1.9635033
3805,82,16937,2419,6rlt_MLI_B_512,4,gnina,0.47145017,1.2498483,2.0660837,0,0.12911536,2.2469524
3806,82,10931,1561,5a66_3PO_A_1000,4,gnina,0.4707999,1.2492306,2.0660837,0,0.00010782283,2.394056
3807,82,10987,1569,5ack_SVQ_A_600,4,gnina,0.46931421,1.2489217,2.0660837,0,0.93581828,4.67393
3808,82,11575,1653,5e4r_40E_A_504,4,gnina,0.46822883,1.248201,2.0660837,0,0.10567557,1.6651551
3809,82,7844,1120,4clr_FDB_D_1270,4,gnina,0.46464801,1.2468625,2.0660837,0,0.98718323,3.7388964
3810,82,14844,2120,6b6r_BEN_A_302,4,gnina,0.46461831,1.2458329,2.0660837,0,0.9948327,1.4386174
3811,82,3385,483,1zb6_DIN_A_401,4,gnina,0.46459429,1.2450092,2.0660837,0,0.00011901319,2.7918514
3812,82,17063,2437,6sux_BEN_A_302,4,gnina,0.46459296,1.2449062,2.0660837,0,0.99563407,1.7478407
3813,82,3189,455,1x82_PA5_A_301,4,gnina,0.47889047,1.2439717,2.1536906,0,0.11506645,3.1781488
3814,82,16688,2384,6qde_HWW_A_502,0,surfdock,0.53222754,1.2437945,2.2908328,0,0,4.3564466
3815,82,2517,359,1s6h_4BZ_A_1,4,gnina,0.46456676,1.2433618,2.0660837,0,0.97033242,1.8755791
3816,82,2139,305,1p1w_AMQ_B_427,4,gnina,0.46454257,1.2413026,2.0660837,0,0.90247571,3.3202116
3817,82,9818,1402,4qbz_D80_B_901,4,gnina,0.46453871,1.2410966,2.0660837,0,0.99207644,5.0616614
3818,82,11540,1648,5dz2_212_A_404,4,gnina,0.48049326,1.2410595,2.2062607,0,0.0098241803,2.7116954
3819,82,13500,1928,5tde_2HP_B_901,4,gnina,0.46453533,1.2406848,2.0660837,0,0.96861979,1.7079263
3820,82,12359,1765,5i5t_67X_B_402,4,gnina,0.46452643,1.2398611,2.0660837,0,9.2281678e-05,2.5891333
3821,82,13871,1981,5vjg_0BP_A_403,4,gnina,0.46910211,1.2398223,2.1241605,0,0.98581697,1.9122444
3822,82,14550,2078,5z9b_AX7_A_304,4,gnina,0.46452619,1.2397581,2.0660837,0,0.058139927,1.6757162
3823,82,14410,2058,5yb7_ORN_D_602,4,gnina,0.46452464,1.2395522,2.0660837,0,0.024002727,8.4256872
3824,82,17070,2438,6svu_BEN_A_302,4,gnina,0.46452285,1.2393463,2.0660837,0,0.99395164,2.6073303
3825,82,11547,1649,5dz2_212_B_404,4,gnina,0.47947658,1.2385089,2.2016971,0,0.98175431,2.6576203
3826,82,116,16,1aog_MAE_A_501,4,gnina,0.47640554,1.2377408,2.1685402,0,0.0026800362,2.0339259
3827,82,445,63,1e7h_PLM_A_1007,4,gnina,0.48084461,1.2372914,2.2373924,0,0,2.4929743
3828,82,13493,1927,5tde_2HP_A_502,4,gnina,0.46450464,1.2370811,2.0660837,0,0.24861088,1.9975333
3829,82,14763,2109,6abm_9VR_A_505,0,surfdock,0.53222754,1.2366841,2.3390348,0,0,4.6345689
3830,82,2293,327,1pwz_RSO_B_256,4,gnina,0.4644945,1.2366693,2.0660837,0,0.00060101844,1.6841753
3831,82,3532,504,1zoy_UQ1_B_1201,4,gnina,0.46448471,1.2356397,2.0660837,0,1.7945595e-05,3.6455119
3832,82,7263,1037,4a7a_RGZ_A_601,4,gnina,0.46448203,1.234816,2.0660837,0,1.0724182e-08,4.8127617
3833,82,2132,304,1p1w_AMQ_A_428,4,gnina,0.46443187,1.2314183,2.0660837,0,0.96512929,2.9687677
3834,82,17049,2435,6sj8_44V_B_901,4,gnina,0.46443064,1.2313153,2.0660837,0,0.55474017,2.1481879
3835,82,16387,2341,6ofr_BOG_A_802,0,surfdock,0.53222754,1.2309981,2.3781254,0,0,3.0557283
3836,82,12772,1824,5jj2_MLI_A_303,4,gnina,0.46442302,1.2303886,2.0660837,0,0.55265081,1.4692452
3837,82,10588,1512,4ywb_OXD_C_704,4,gnina,0.46457527,1.2297958,2.1585314,0,5.8043281e-05,2.9881648
3838,82,13983,1997,5vys_1YJ_A_301,4,gnina,0.46441175,1.2297709,2.0660837,0,0.99217786,2.3994829
3839,82,17234,2462,6tbx_N0Z_C_303,0,surfdock,0.53222754,1.2294837,2.3886199,0,0.99274841,2.6759466
3840,83,11508,1644,5dw3_TRP_A_402,0,surfdock,0.61790038,1.2873382,2.0491383,0,0,3.1564468
3841,83,11515,1645,5dw3_TRP_B_402,0,surfdock,0.61790038,1.2873382,2.0491383,0,0,3.2947123
3842,83,11522,1646,5dw3_TRP_C_402,0,surfdock,0.61790038,1.2873382,2.0491383,0,0,3.3197525
3843,83,11529,1647,5dw3_TRP_D_402,0,surfdock,0.61790038,1.2873382,2.0491383,0,0,3.265084
3844,83,924,132,1h48_GPP_C_904,0,surfdock,0.53234111,1.2782452,2.0491383,0,0.96648463,3.7375205
3845,83,931,133,1h48_GPP_E_904,0,surfdock,0.53234111,1.2782452,2.0491383,0,0,3.1058468
3846,83,5495,785,2vmp_PLP_A_501,0,surfdock,0.53234111,1.2782452,2.0491383,0,0.99157569,3.7390362
3847,83,5502,786,2vmw_PLP_A_501,0,surfdock,0.53234111,1.2782452,2.0491383,0,0,3.7178195
3848,83,14231,2033,5xmq_PLG_B_501,0,surfdock,0.53234111,1.2782452,2.0491383,0,2.7062575e-05,3.4261503
3849,83,14952,2136,6cut_FEJ_C_401,0,surfdock,0.53234111,1.2782452,2.0491383,0,0.95382874,4.7010485
3850,83,14959,2137,6cut_FEJ_D_401,0,surfdock,0.53234111,1.2782452,2.0491383,0,0,4.7276658
3851,83,17773,2539,7jo3_VGS_A_302,0,surfdock,0.53234111,1.2782452,2.0491383,0,0.98560844,3.1632144
3852,83,18,2,1a49_OXL_D_2333,4,gnina,0.48832591,1.2701337,2.0491383,0,9.8789352e-05,17.972973
3853,83,5569,795,2wdq_CBE_K_1130,4,gnina,0.4829674,1.2685838,2.0491383,0,3.4621361e-06,10.613055
3854,83,5562,794,2wdq_CBE_G_1130,4,gnina,0.48264611,1.2676538,2.0491383,0,7.6884478e-08,10.506499
3855,83,14004,2000,5w3k_9TY_A_401,4,gnina,0.48054123,1.261144,2.0491383,0,0.97890133,1.8829679
3856,83,9601,1371,4o95_245_A_602,4,gnina,0.48053123,1.2610407,2.0491383,0,8.0319187e-07,2.4597196
3857,83,7613,1087,4bz6_SHH_B_700,4,gnina,0.48002534,1.2596974,2.0491383,0,8.8375209e-09,6.2978183
3858,83,14291,2041,5xvv_AKG_C_504,4,gnina,0.47980149,1.2591808,2.0491383,0,0.33409901,8.7071183
3859,83,2881,411,1u6r_IOM_B_1601,4,gnina,0.47950007,1.2582508,2.0491383,0,8.499711e-09,2.3247494
3860,83,1726,246,1lzz_IHG_A_830,4,gnina,0.47911085,1.2572175,2.0491383,0,1.2220119e-06,2.2576647
3861,83,2307,329,1pym_OXL_B_1002,4,gnina,0.47908763,1.2570108,2.0491383,0,1.9917075e-09,1.6428776
3862,83,7627,1089,4bz6_SHH_D_700,4,gnina,0.47863796,1.2564942,2.0491383,0,3.2331249e-09,7.0976593
3863,83,7620,1088,4bz6_SHH_C_700,4,gnina,0.47820172,1.2559775,2.0491383,0,0.063757479,6.468829
3864,83,4932,704,2ot7_OGA_A_500,4,gnina,0.47808731,1.2557709,2.0491383,0,0.00053726649,2.8955784
3865,83,11960,1708,5fwe_OGA_A_1358,4,gnina,0.47807686,1.2556675,2.0491383,0,0.73491417,2.3435439
3866,83,3217,459,1xid_ASC_A_389,4,gnina,0.47715213,1.2550476,2.0491383,0,0.0010913964,1.6947692
3867,83,2300,328,1pym_OXL_A_1001,4,gnina,0.47596428,1.2543242,2.0491383,0,1.8353189e-09,1.7081032
3868,83,10609,1515,4z2w_AKG_A_401,4,gnina,0.47584939,1.2542209,2.0491383,0,0.00041255541,2.0219702
3869,83,25,3,1a49_OXL_F_4133,4,gnina,0.47540581,1.2537043,2.0491383,0,0.13037441,27.762517
3870,83,1628,232,1l4n_NIO_A_991,4,gnina,0.47503106,1.2532909,2.0491383,0,0.98315863,1.8244192
3871,83,15446,2206,6hl7_CP_C_401,4,gnina,0.47490614,1.2530843,2.0491383,0,0.0021838172,2.7511867
3872,83,3315,473,1yqc_GLV_A_1001,4,gnina,0.47469495,1.2529809,2.0491383,0,5.0579488e-08,1.4094377
3873,83,3861,551,2bx7_34D_B_1313,4,gnina,0.47457644,1.2528776,2.0491383,0,0.0132491,1.8759905
3874,83,1362,194,1jho_NIO_A_991,4,gnina,0.47423858,1.2525676,2.0491383,0,0.70059852,1.5653937
3875,83,1376,196,1jhv_NIO_A_991,4,gnina,0.47416067,1.2524643,2.0491383,0,0.98879985,1.9279441
3876,83,459,65,1ei6_PPF_A_410,4,gnina,0.47274814,1.2518443,2.0491383,0,0.43038769,3.6856348
3877,83,10882,1554,4zvz_4TF_C_503,4,gnina,0.47222084,1.2516377,2.0491383,0,0.0056445703,4.2811702
3878,83,13675,1953,5ud0_13P_B_405,4,gnina,0.46941157,1.2509143,2.0491383,0,0.8977546,2.1015172
3879,83,10875,1553,4zvz_4TF_B_503,4,gnina,0.46797521,1.2503977,2.0491383,0,0.17897515,6.2337663
3880,83,8915,1273,4j0k_EGR_B_501,4,gnina,0.46778191,1.2502944,2.0491383,0,0.00053170677,3.1887955
3881,83,10889,1555,4zvz_4TF_D_503,4,gnina,0.46547896,1.2494677,2.0491383,0,0.52164871,4.4809759
3882,83,13976,1996,5vyr_GMP_B_303,4,gnina,0.46537537,1.2491577,2.0491383,0,0.00035778169,1.8106106
3883,83,8372,1196,4fa2_SB0_A_402,0,surfdock,0.53234111,1.2490966,2.2367616,0,0,4.4662173
3884,83,2111,301,1opr_ORO_A_220,4,gnina,0.46536396,1.2487444,2.0491383,0,0.22505904,1.9938582
3885,83,6157,879,2zyv_NPO_X_1602,4,gnina,0.46535583,1.2484344,2.0491383,0,0.00015072095,1.5074061
3886,83,14130,2018,5x2m_GLN_B_951,4,gnina,0.46904822,1.2477573,2.0680125,0,0.00088236842,8.5820764
3887,83,12947,1849,5l9v_OGA_B_502,4,gnina,0.46533082,1.2476078,2.0491383,0,0.00045241003,1.8492986
3888,83,13591,1941,5tvr_AKG_B_402,4,gnina,0.46532986,1.2474011,2.0491383,0,0.00055039333,2.343973
3889,83,17798,2542,8icd_ICT_A_418,4,gnina,0.47492714,1.2469852,2.0888753,0,0.03138311,3.9024302
3890,84,6447,921,3t3q_9PL_A_501,0,surfdock,0.53106632,1.2788467,2.0320349,0,0.76479508,3.0337195
3891,84,6454,922,3t3q_9PL_B_501,0,surfdock,0.53106632,1.2788467,2.0320349,0,0.00011128351,3.1155567
3892,84,6461,923,3t3q_9PL_C_501,0,surfdock,0.53106632,1.2788467,2.0320349,0,0.9875571,5.1836784
3893,84,6468,924,3t3q_9PL_D_501,0,surfdock,0.53106632,1.2788467,2.0320349,0,6.7448191e-05,3.1239824
3894,84,17374,2482,6u6c_PZV_F_802,0,surfdock,0.53106632,1.2788467,2.0320349,0,0.82493413,4.0728295
3895,84,9097,1299,4kwl_3SS_A_302,4,gnina,0.45524396,1.269721,2.0320349,0,0.90050951,1.6985979
3896,84,13395,1913,5r9o_54F_A_401,4,gnina,0.45478993,1.2684765,2.0320349,0,0.80689795,2.4800748
3897,84,12317,1759,5i0d_GLC_B_1122,4,gnina,0.4550812,1.2681743,2.0371978,0,1.8145499e-05,5.9337364
3898,84,5149,735,2qhv_OC9_A_1001,4,gnina,0.45464691,1.2681654,2.0320349,0,3.1956239e-06,2.0857922
3899,84,15782,2254,6jzh_ZMA_A_2002,4,gnina,0.454447,1.2672321,2.0320349,0,2.2099096e-09,4.79836
3900,84,15047,2149,6e43_BEZ_C_502,4,gnina,0.45417218,1.266252,2.0342894,0,0.9888876,4.090364
3901,84,2888,412,1uay_ADN_A_1001,4,gnina,0.45373721,1.2654692,2.0320349,0,0.98484557,3.0327213
3902,84,14634,2090,5zi4_OAA_A_401,4,gnina,0.45346551,1.264847,2.0320349,0,0.0038665598,1.8947307
3903,84,14053,2007,5wgk_AGJ_A_816,4,gnina,0.45287299,1.2634989,2.0320349,0,0.64658277,4.8084231
3904,84,11309,1615,5ci9_549_A_402,4,gnina,0.45282187,1.2632915,2.0320349,0,2.0183795e-06,2.3117407
3905,84,2895,413,1uay_ADN_B_1002,4,gnina,0.45222451,1.2617359,2.0320349,0,0.99770245,2.6884332
3906,84,2272,324,1pt8_OXL_A_802,4,gnina,0.45161254,1.2603878,2.0320349,0,2.0559824e-08,2.0778071
3907,84,3462,494,1zg3_2HI_A_365,4,gnina,0.45070549,1.2587286,2.0320349,0,2.6605662e-05,3.1415633
3908,84,1390,198,1jl0_PUT_B_401,4,gnina,0.44925854,1.2572768,2.0320349,0,0.97865221,1.7420244
3909,84,17658,2522,6ypv_AKG_A_302,4,gnina,0.45271832,1.2567574,2.0709364,0,0.85743381,1.8119239
3910,84,200,28,1c3s_SHH_A_952,4,gnina,0.44720873,1.2562398,2.0320349,0,4.7177354e-05,4.3730559
3911,84,4540,648,2i6p_4NP_A_401,4,gnina,0.44693622,1.2561361,2.0320349,0,0.00016037917,2.0326699
3912,84,1523,217,1kdo_C_A_5407,4,gnina,0.45349778,1.2547442,2.0970979,0,0.98940465,4.2211384
3913,84,17119,2445,6szl_M3E_B_604,4,gnina,0.44286661,1.2532324,2.0320349,0,0.99260877,2.2494261
3914,84,6808,972,3w4i_8LG_A_402,4,gnina,0.44243074,1.2529213,2.0320349,0,0.015176675,2.9468469
3915,84,14641,2091,5zi4_OAA_B_401,4,gnina,0.44178951,1.2524028,2.0320349,0,1.6949924e-06,2.3357301
3916,84,8201,1171,4e7v_CRS_C_101,4,gnina,0.44074961,1.2515732,2.0320349,0,0.96273961,1.8963907
3917,84,529,75,1foi_14W_A_810,4,gnina,0.44074251,1.2514695,2.0320349,0,2.4001213e-06,2.9246652
3918,85,16703,2386,6qhu_FAH_A_401,1,unimol,0.75197908,1.307185,2.5138874,0,0.95389507,17.76
3919,85,13230,1890,5o3d_9J5_A_501,0,surfdock,0.53104465,1.2786721,2.0213063,0,0.9679773,4.2287389
3920,85,14588,2084,5zg2_ZK1_A_901,0,surfdock,0.53104465,1.2786721,2.0213063,0,0.91170789,4.32761
3921,85,14595,2085,5zg2_ZK1_B_901,0,surfdock,0.53104465,1.2786721,2.0213063,0,0,4.1227278
3922,85,16912,2416,6rhk_K4B_A_302,0,surfdock,0.53104465,1.2786721,2.0213063,0,0,3.834408
3923,85,17346,2478,6u6c_P1T_B_502,0,surfdock,0.53104465,1.2786721,2.0213063,0,0.97466412,4.1595916
3924,85,17353,2479,6u6c_P1T_D_505,0,surfdock,0.53104465,1.2786721,2.0213063,0,0.97175868,4.0909413
3925,85,17367,2481,6u6c_P1T_H_504,0,surfdock,0.53104465,1.2786721,2.0213063,0,0.93312254,4.1822315
3926,85,17703,2529,7ak3_RH8_A_501,0,surfdock,0.53104465,1.2786721,2.0213063,0,0,4.2271518
3927,85,5880,840,2yjd_YJD_A_1498,0,surfdock,0.53104465,1.2730669,2.0564606,0,0.99391657,3.6635991
3928,85,4960,708,2pin_LEG_A_501,4,gnina,0.45978874,1.2709308,2.0213063,0,6.7850976e-08,2.6964167
3929,85,3056,436,1w3t_3GR_A_1297,4,gnina,0.45846265,1.2682291,2.0213063,0,0.1335584,3.2936772
3930,85,7991,1141,4d2c_ALA_A_508,4,gnina,0.45755203,1.2664626,2.0213063,0,0.85472701,2.8464692
3931,85,3525,503,1zng_HE4_A_202,4,gnina,0.45685939,1.2654235,2.0213063,0,0.0001590073,1.5692753
3932,85,2524,360,1s83_4HA_A_5,4,gnina,0.45647568,1.2643844,2.0213063,0,0.9817371,1.5902144
3933,85,16657,2379,6qa7_PLP_A_902,4,gnina,0.45543684,1.262514,2.0213063,0,0.025386994,2.746093
3934,85,9912,1416,4rii_TYD_B_401,0,surfdock,0.53104465,1.2620356,2.126879,0,0.94001228,4.3053027
3935,85,10497,1499,4xz9_G3P_B_302,4,gnina,0.45478818,1.2615788,2.0213063,0,0.39112219,2.6647035
3936,85,515,73,1fhv_OSB_A_789,4,gnina,0.45471151,1.2612671,2.0213063,0,0,2.7351022
3937,85,16853,2407,6rbo_JXQ_A_302,4,gnina,0.45030082,1.257942,2.0213063,0,0.00037822043,2.7966216
3938,85,3602,514,2a1m_CAM_A_1422,4,gnina,0.45009818,1.257838,2.0213063,0,0.12311961,1.9372162
3939,85,4687,669,2j9e_AKG_C_1119,4,gnina,0.4500399,1.2577341,2.0213063,0,0.86686622,1.6778219
3940,85,14179,2025,5xdt_MB3_A_404,4,gnina,0.4491299,1.2569028,2.0213063,0,2.3614621e-05,1.5086745
3941,85,228,32,1cdk_MYR_B_403,4,gnina,0.44836122,1.2564872,2.0213063,0,0.83482987,2.1371706
3942,85,16727,2389,6qo4_97T_A_301,4,gnina,0.44811504,1.2562794,2.0213063,0,0.99576951,2.1220861
3943,85,4988,712,2pnz_UDP_A_250,4,gnina,0.44589891,1.2553442,2.0213063,0,0.0071791023,6.0557593
3944,85,9905,1415,4rii_TYD_A_401,0,surfdock,0.53104465,1.254994,2.1727047,0,0,4.1710492
3945,85,2629,375,1t87_CAM_A_1422,4,gnina,0.44492043,1.2546168,2.0213063,0,0.034438836,2.0421997
3946,85,13129,1875,5mzp_CFF_A_2401,4,gnina,0.44440224,1.253266,2.0213063,0,0.040571855,1.6443486
3947,85,3609,515,2a1m_CAM_B_2422,4,gnina,0.4443255,1.2528503,2.0213063,0,0.036889306,2.2104799
3948,85,7483,1069,4b1y_LAB_B_1376,0,surfdock,0.53104465,1.2524767,2.1892571,0,0.0017843648,3.8895003
3949,85,12803,1829,5jtu_6NE_A_902,0,surfdock,0.53104465,1.2524444,2.1894696,0,0,4.4630817
3950,85,17105,2443,6syz_M1E_B_601,4,gnina,0.44422391,1.2523308,2.0213063,0,0.99566072,1.8965968
3951,85,11,1,19gs_BSP_B_210,4,gnina,0.44413447,1.2517073,2.0213063,0,2.4252396e-05,1.6902626
3952,85,4,0,19gs_BSP_A_210,4,gnina,0.44388164,1.2504604,2.0213063,0,0.0039881531,1.7116046
3953,85,2636,376,1t87_CAM_B_2422,4,gnina,0.44384617,1.2500447,2.0213063,0,0.032618709,2.6297474
3954,85,15575,2225,6hsg_GM5_D_504,0,surfdock,0.53104465,1.249426,2.2094369,0,0,3.5893399
3955,85,10441,1491,4xp2_TT4_A_401,4,gnina,0.44336667,1.2480704,2.0213063,0,0.0023823017,2.1548108
3956,85,2405,343,1r4s_MUA_A_800,4,gnina,0.44331625,1.2476435,2.0227063,0,0.98834243,1.8199798
3957,85,12429,1775,5ice_2H4_A_402,4,gnina,0.44326709,1.247447,2.0213063,0,0.77914328,3.3979973
3958,85,13535,1933,5thu_GGG_B_405,4,gnina,0.4431383,1.2465118,2.0213063,0,5.5683206e-07,3.6328798
3959,85,14571,2081,5z9p_AX7_A_301,4,gnina,0.44286693,1.2458883,2.0213063,0,0.24590882,1.4379315
3960,85,12954,1850,5la1_XYP_A_601,4,gnina,0.44283557,1.2451609,2.0213063,0,0.98693706,1.6491939
3961,85,14578,2082,5z9p_AX7_B_301,4,gnina,0.44283489,1.245057,2.0213063,0,0.96607933,1.7280886
3962,85,7781,1111,4cle_JR2_A_1270,4,gnina,0.44279729,1.2430357,2.0269403,0,0.00053617997,2.8201288
3963,85,7795,1113,4cle_JR2_C_1270,4,gnina,0.44277748,1.2424127,2.0269403,0,0.0014347363,3.175156
3964,85,6052,864,2zka_AZA_A_302,4,gnina,0.44401517,1.2423372,2.0775704,0,0.9862864,1.5729749
3965,85,7802,1114,4cle_JR2_D_1270,4,gnina,0.44277702,1.2423088,2.0269403,0,0.0008312329,2.8142935
3966,85,9454,1350,4n9v_AZA_A_401,4,gnina,0.44305043,1.2421432,2.0473728,0,9.354593e-09,1.5762823
3967,85,2685,383,1thc_FL9_A_131,4,gnina,0.44352103,1.2417787,2.0644486,0,0.00037338405,1.509244
3968,86,4431,633,2gyv_HBP_A_1409,0,surfdock,0.5308083,1.2790179,1.9968599,0,0,3.9260173
3969,86,13146,1878,5n63_8OW_A_401,0,surfdock,0.5308083,1.2790179,1.9968599,0,0.98231541,4.0246137
3970,86,14658,2094,6a1f_9OF_A_807,0,surfdock,0.5308083,1.2790179,1.9968599,0,0.97926501,3.2909702
3971,86,17185,2455,6t10_M6Z_A_601,0,surfdock,0.5308083,1.2790179,1.9968599,0,0.99516666,2.8624808
3972,86,17192,2456,6t10_M6Z_B_601,0,surfdock,0.5308083,1.2790179,1.9968599,0,0,2.5565506
3973,86,15299,2185,6flu_DTK_B_404,4,gnina,0.45457947,1.2684328,1.9968599,0,0.99333461,3.4037593
3974,86,1789,255,1m7p_G3H_A_5401,4,gnina,0.45416109,1.266243,2.0060415,0,0,1.9936071
3975,86,11827,1689,5fay_CHT_A_908,4,gnina,0.45250797,1.2652,1.9968599,0,0.99036631,4.6534289
3976,86,15292,2184,6flu_DTK_B_403,4,gnina,0.45248525,1.2650957,1.9968599,0,0.97549626,1.94885
3977,86,1796,256,1m7p_G3H_B_6401,4,gnina,0.45277201,1.2642451,2.0048456,0,0,2.1116941
3978,86,3126,446,1wq4_TYR_A_501,4,gnina,0.43418133,1.2535199,1.9968599,0,0.89852906,2.2489205
3979,86,1481,211,1kae_HSO_A_1001,4,gnina,0.43396914,1.2509102,1.9975399,0,0.9758712,2.565715
3980,86,14305,2043,5y1g_AKB_A_401,4,gnina,0.43342488,1.2482013,1.9968599,0,0.85245806,1.5201915
3981,86,12373,1767,5i8z_JA1_A_302,4,gnina,0.45450126,1.2478012,2.1278989,0,0.9835488,4.1100667
3982,86,2727,389,1tkj_MED_A_913,4,gnina,0.43210611,1.2465327,1.9968599,0,0,1.7676967
3983,86,4729,675,2jig_PD2_A_1254,4,gnina,0.43153416,1.2455942,1.9968599,0,0,2.2649153
3984,86,16349,2335,6o1s_7SD_E_803,4,gnina,0.45153725,1.2424509,2.1334038,0,0.31377997,7.8122605
3985,86,2958,422,1v3v_5OP_B_2360,4,gnina,0.43066278,1.2416313,1.9968599,0,2.7811323e-05,2.1978798
3986,86,3854,550,2bsc_NAG_A_1176,4,gnina,0.4306336,1.241527,1.9968599,0,0.018844109,2.9876123
3987,86,179,25,1bo8_U_A_318,4,gnina,0.43373311,1.240118,2.058286,0,0.98765853,3.3750007
3988,86,2125,303,1oxp_IK2_A_411,4,gnina,0.45108293,1.2397808,2.1456347,0,8.2486259e-06,4.4989422
3989,86,8600,1228,4hrq_AZG_A_201,4,gnina,0.43031489,1.2397541,1.9968599,0,0.037300879,1.5904357
3990,86,8516,1216,4h0x_LAR_B_403,4,gnina,0.4303075,1.2396498,1.9968599,0,0.99747829,4.1876457
3991,86,4708,672,2jhp_GUN_A_1647,4,gnina,0.43061882,1.2389196,2.0122838,0,0.011613809,1.9110721
3992,86,15264,2180,6flu_DTK_A_405,4,gnina,0.43009483,1.238607,1.9968599,0,0.99696657,1.7114618
3993,86,12852,1836,5kcp_PFB_B_379,0,surfdock,0.5308083,1.2379027,2.2643344,0,0.91561617,2.3727113
3994,86,8110,1158,4do1_ANN_C_502,4,gnina,0.42991623,1.2370427,1.9968599,0,8.3470383e-08,6.0644234
3995,86,15026,2146,6e40_BBJ_A_502,4,gnina,0.44348682,1.2368918,2.1403434,0,1.5178846e-06,66.568288
3996,86,1278,182,1j0y_BGC_C_3601,4,gnina,0.42988542,1.2362084,1.9968599,0,0.99471414,5.1669663
3997,86,1565,223,1kuj_MMA_C_502,4,gnina,0.45180692,1.2361669,2.1778548,0,0.98028587,2.1663832
3998,86,1264,180,1j0y_BGC_A_1601,4,gnina,0.4298788,1.2359998,1.9968599,0,0.99026507,6.4772123
3999,86,7053,1007,3wug_XYP_B_1,4,gnina,0.43416935,1.2358288,2.107996,0,0.025063867,1.9545534
4000,86,11841,1691,5fe1_12Q_B_901,4,gnina,0.42987563,1.2355827,1.9968599,0,0.98733452,1.7074715
4001,86,6976,996,3wlf_FEH_B_401,4,gnina,0.42986448,1.234957,1.9968599,0,0.95626562,2.9002614
4002,86,3868,552,2bxh_IOS_A_1001,4,gnina,0.42986442,1.2348527,1.9968599,0,0.96910126,3.5766462
4003,86,2762,394,1toq_AMG_A_501,4,gnina,0.45289298,1.2347105,2.1985545,0,0.99717729,1.9364906
4004,86,12845,1835,5kcp_PFB_B_378,0,surfdock,0.5308083,1.2344532,2.2878778,0,0,2.6928737
4005,86,6990,998,3wlf_FEH_D_401,4,gnina,0.42986265,1.2344355,1.9968599,0,0.99247392,5.15285
4006,86,17441,2491,6uzr_QM1_B_301,4,gnina,0.4310466,1.2340062,2.0603538,0,0.99557091,2.9642398
4007,86,16034,2290,6mnh_JVD_A_301,4,gnina,0.42985319,1.2339141,1.9968599,0,0.98091392,4.6115322
4008,86,6969,995,3wlf_FEH_A_401,4,gnina,0.42984207,1.2329755,1.9968599,0,0.95949053,3.0476078
4009,86,9146,1306,4l80_OXL_C_402,4,gnina,0.42983396,1.2325584,1.9968599,0,0.28365325,5.1431562
4010,86,10196,1456,4uqs_INE_A_904,4,gnina,0.42983208,1.2321412,1.9968599,0,7.6627665e-05,1.6446193
4011,86,9223,1317,4lvb_20N_A_601,4,gnina,0.45582776,1.232053,2.2522438,0,3.6617963e-07,3.0101115
4012,86,11344,1620,5cpp_ADO_A_422,4,gnina,0.42982589,1.2317241,1.9968599,0,0.22872553,1.7897079
4013,86,8096,1156,4do1_ANN_A_502,4,gnina,0.42982132,1.2313069,1.9968599,0,2.6620655e-08,3.6718838
4014,86,5030,718,2q1a_2KT_X_295,4,gnina,0.42982048,1.2312027,1.9968599,0,0.16999174,1.3659812
4015,86,2783,397,1toq_AMG_G_504,4,gnina,0.45064682,1.2311499,2.1985545,0,0.97921127,2.418097
4016,86,1285,183,1j0y_BGC_D_4601,4,gnina,0.429811,1.2301598,1.9968599,0,0.99544638,5.5191117
4017,86,9132,1304,4l80_OXL_A_402,4,gnina,0.42981095,1.2300555,1.9968599,0,0.94922082,5.295105
4018,87,8386,1198,4fm6_TYR_C_259,0,surfdock,0.53094195,1.2786858,1.9697958,0,0,4.8356587
4019,87,11886,1698,5fli_QUE_C_301,0,surfdock,0.53094195,1.2786858,1.9697958,0,0,5.7402666
4020,87,11893,1699,5fli_QUE_F_301,0,surfdock,0.53094195,1.2786858,1.9697958,0,0,2.8296642
4021,87,11914,1702,5fli_QUE_K_301,0,surfdock,0.53094195,1.2786858,1.9697958,0,0.99383522,3.7611054
4022,87,13090,1870,5m8d_UGI_B_501,0,surfdock,0.53094195,1.2786858,1.9697958,0,0.98035145,4.6029128
4023,87,4491,641,2hi4_BHF_A_800,4,gnina,0.46053893,1.272092,1.9697958,0,0.99702579,2.9009067
4024,87,17287,2469,6tof_NQE_A_201,4,gnina,0.46005603,1.2713593,1.9697958,0,1.8441739e-07,2.7018151
4025,87,15789,2255,6k92_GT0_A_802,4,gnina,0.45941646,1.2685334,1.9697958,0,0.97320732,2.5461496
4026,87,16408,2344,6ofr_BOG_A_805,0,surfdock,0.53094195,1.267926,2.037611,0,1.6278771e-08,2.9521139
4027,87,2874,410,1u2o_NEC_A_1001,4,gnina,0.45928814,1.2675914,1.9697958,0,0.87010244,3.7885364
4028,87,10427,1489,4xf0_CYS_A_502,4,gnina,0.45898235,1.2666494,1.9697958,0,0.96923581,1.8354247
4029,87,15005,2143,6dqt_LEU_B_1,4,gnina,0.45832872,1.2650794,1.9697958,0,0,6.1086439
4030,87,8712,1244,4i4v_NGA_A_202,4,gnina,0.4571416,1.2628815,1.9697958,0,0.8267704,2.6902178
4031,87,508,72,1fds_EST_A_350,4,gnina,0.4563524,1.2621488,1.9697958,0,0.011396672,2.1878554
4032,87,15558,2222,6hqr_3DM_A_502,4,gnina,0.45324533,1.2581716,1.9697958,0,0.96189051,1.7752806
4033,87,8971,1281,4jmz_1M2_A_302,4,gnina,0.45324367,1.2580669,1.9697958,0,0.01217083,1.7167228
4034,87,3476,496,1zha_PEP_A_1268,4,gnina,0.45322211,1.2571249,1.9697958,0,0.020921135,1.8984997
4035,87,13668,1952,5uap_82S_B_505,4,gnina,0.45321144,1.2567063,1.9697958,0,0.029566402,2.2004622
4036,87,9965,1423,4rql_SNE_A_505,4,gnina,0.45758843,1.2566574,2.016655,0,0.0066785632,2.7942237
4037,87,1677,239,1lqp_FCN_A_4002,4,gnina,0.45320714,1.2564969,1.9697958,0,8.1180276e-09,1.9191337
4038,87,9923,1417,4rje_PYR_B_402,4,gnina,0.45320395,1.2563923,1.9697958,0,0.96169063,3.8745307
4039,87,6402,914,3se2_3AB_D_3,4,gnina,0.45318644,1.255555,1.9697958,0,0.91978108,2.3717138
4040,87,8348,1192,4evs_PHB_A_408,4,gnina,0.45317862,1.2550316,1.9697958,0,0.99611657,1.9902959
4041,87,2965,423,1v5y_4HC_A_1455,4,gnina,0.45315047,1.2537757,1.9697958,0,1.7080079e-07,1.5632279
4042,87,11148,1592,5bk9_SIN_A_301,4,gnina,0.45314288,1.2531477,1.9697958,0,0.9277497,2.0555638
4043,87,12296,1756,5hxi_5HN_A_403,4,gnina,0.45313953,1.2525197,1.9697958,0,0.6673586,1.6276649
4044,87,15467,2209,6hmw_FUL_A_203,4,gnina,0.45313025,1.2518917,1.9697958,0,0.050537344,2.8057803
4045,87,10896,1556,5a02_GOL_B_1342,4,gnina,0.45318675,1.2516107,1.9956006,0,0.00034967447,4.7605946
4046,87,10903,1557,5a02_GOL_C_1341,4,gnina,0.45318371,1.2511934,1.9956006,0,0.00066432178,5.1075043
4047,87,14172,2024,5x86_TMP_B_207,4,gnina,0.45309062,1.2503217,1.9697958,0,0.98594595,4.1345109
4048,87,5800,828,2xul_AKG_F_201,4,gnina,0.45307949,1.2497984,1.9697958,0,0.0017602733,2.0037237
4049,87,10910,1558,5a02_GOL_D_1341,4,gnina,0.4531456,1.2492112,1.9956006,0,7.2261559e-06,18.692393
4050,87,7389,1055,4ajj_MLI_A_1333,4,gnina,0.45306705,1.2491704,1.9697958,0,0.56591784,2.7841537
4051,87,3630,518,2a9z_26A_A_1001,4,gnina,0.45304633,1.2481238,1.9697958,0,0.998523,4.2576045
4052,87,14669,2095,6a1l_BEZ_A_403,4,gnina,0.45303374,1.2476005,1.9697958,0,0.9536112,2.0823994
4053,87,5793,827,2xul_AKG_E_201,4,gnina,0.45302988,1.2473911,1.9697958,0,1.5467365e-07,2.7101756
4054,87,8152,1164,4dtb_GMP_B_401,4,gnina,0.45301181,1.2465538,1.9697958,0,0.82778591,3.0569204
4055,87,10917,1559,5a02_GOL_F_1342,4,gnina,0.45317677,1.246516,2.0230129,0,1.3083337e-05,4.8732228
4056,87,5387,769,2uyv_TLA_C_1275,4,gnina,0.45303863,1.2428758,2.0014703,0,0.63159596,2.8202262
4057,87,662,94,1g8z_GAL_F_104,4,gnina,0.45953088,1.2423934,2.1420727,0,0.9685009,1.8705716
4058,87,10770,1538,4zqp_IMP_A_601,4,gnina,0.45290876,1.2419486,1.9697958,0,0.91449427,3.7672996
4059,87,16422,2346,6ofr_BOG_A_807,0,surfdock,0.53094195,1.2414229,2.2114654,0,0.79017682,3.0884653
4060,87,15978,2282,6ly4_TES_A_501,4,gnina,0.45285817,1.23996,1.9697958,0,0.98631157,1.9293295
4061,87,15474,2210,6hmw_FUL_B_204,4,gnina,0.45285736,1.2398553,1.9697958,0,0.99879277,2.2175412
4062,87,9706,1386,4pik_MAN_A_502,4,gnina,0.45285634,1.2395413,1.9697958,0,0.012903344,2.4885053
4063,87,669,95,1g8z_GAL_G_104,4,gnina,0.45924954,1.2389538,2.1547656,0,0.56838283,1.6791416
4064,87,7011,1001,3wsg_CIT_A_302,4,gnina,0.45279662,1.237762,1.9697958,0,0.79585381,5.2961912
4065,87,1544,220,1ki2_GA2_B_2,4,gnina,0.45279553,1.2376573,1.9697958,0,0.00046980284,3.937106
4066,87,13990,1998,5vys_1YJ_B_301,4,gnina,0.45279123,1.237448,1.9697958,0,0.94978735,1.6534684
4067,87,676,96,1g8z_GAL_H_104,4,gnina,0.45758708,1.2373726,2.1420727,0,0.00068052065,1.7309438
4068,88,1288,184,1j3i_UMP_C_611,0,surfdock,0.53062287,1.2783513,1.9561336,0,0.95413995,3.4782145
4069,88,14858,2122,6ba2_7KM_A_809,4,gnina,0.46726541,1.2716809,1.9561336,0,4.6528061e-10,5.1770765
4070,88,6192,884,3qgz_ADN_A_127,4,gnina,0.4669847,1.2706305,1.9561336,0,0.98518542,2.3626631
4071,88,7732,1104,4cjw_CBJ_A_1215,4,gnina,0.46510306,1.2653782,1.9561336,0,0.0067639809,3.6623035
4072,88,16706,2386,6qhu_FAH_A_401,4,gnina,0.46378109,1.2638025,1.9561336,0,0.93570513,2.2180585
4073,88,8964,1280,4jm8_26D_A_302,4,gnina,0.46102232,1.2618067,1.9561336,0,0.28426601,1.4039109
4074,88,17122,2446,6szt_M4Q_A_601,0,surfdock,0.53062287,1.2616386,2.0621572,0,0,3.3181746
4075,88,17129,2447,6szt_M4Q_B_601,0,surfdock,0.53062287,1.2616386,2.0621572,0,0.037841621,3.2586268
4076,88,9839,1405,4qxc_OGA_A_600,4,gnina,0.46094766,1.2607562,1.9561336,0,7.3929275e-05,2.2173919
4077,88,16373,2339,6ock_9KL_A_602,0,surfdock,0.53062287,1.2584184,2.0830238,0,0.99487708,3.0826585
4078,88,7564,1080,4bu7_25F_C_2165,4,gnina,0.46092053,1.2581246,1.9661506,0,0.99359914,3.1281784
4079,88,7557,1079,4bu7_25F_A_2165,4,gnina,0.46083184,1.2571847,1.9561336,0,0.992241,2.7649632
4080,88,473,67,1ei6_PPF_D_412,4,gnina,0.46089518,1.257153,1.9683235,0,0.97372118,5.1349608
4081,88,6178,882,3mk1_NPO_A_913,4,gnina,0.46079453,1.2553989,1.9561336,0,0.00039834249,2.1443972
4082,88,3763,537,2bdg_PBZ_A_301,4,gnina,0.46078556,1.2548737,1.9561336,0,0.98897645,1.6914745
4083,88,6171,881,3mk1_NPO_A_911,4,gnina,0.46077283,1.2544535,1.9561336,0,0.026093389,2.4961129
4084,88,795,113,1h18_DTL_A_9009,4,gnina,0.46076845,1.2543484,1.9561336,0,0.040986001,4.0546901
4085,88,6766,966,3vq5_MMJ_A_1007,4,gnina,0.46076191,1.2541383,1.9561336,0,0.88242219,2.2201556
4086,88,1782,254,1m3u_KPL_J_265,4,gnina,0.46086011,1.2538482,1.9840413,0,0.99108144,7.0481988
4087,88,7256,1036,4a3u_NCA_A_1359,4,gnina,0.46075548,1.2537182,1.9561336,0,2.3506685e-05,1.8595257
4088,88,10763,1537,4zo7_GLC_A_806,4,gnina,0.46073584,1.253298,1.9561336,0,0.99503436,4.5934627
4089,88,6773,967,3vq5_MMJ_B_307,4,gnina,0.46070043,1.2519324,1.9561336,0,0.13876908,2.5218684
4090,88,4176,596,2f78_BEZ_A_1001,4,gnina,0.46081721,1.2516061,1.9890161,0,0.99379844,2.0792715
4091,88,809,115,1h18_DTL_B_9009,4,gnina,0.46067028,1.2507769,1.9561336,0,2.0181051e-06,4.4846193
4092,88,14494,2070,5ykt_PMP_B_501,4,gnina,0.46066505,1.2504618,1.9561336,0,0.12230085,4.0278002
4093,88,8593,1227,4hoz_GLC_A_703,4,gnina,0.46066161,1.2503567,1.9561336,0,0.97618737,1.9280447
4094,88,10938,1562,5a7p_6Z1_B_1361,4,gnina,0.46064552,1.2496214,1.9561336,0,0.001306454,4.6878508
4095,88,1754,250,1m3u_KPL_E_265,4,gnina,0.46076048,1.2495564,1.9840413,0,0.99054643,7.421332
4096,89,10392,1484,4x2f_3WJ_A_601,4,gnina,0.46723878,1.2699643,1.9561756,0,0.99200375,3.346599
4097,89,6283,897,3r3z_GOA_C_305,4,gnina,0.4670626,1.2681738,1.9442948,0,0,2.7069075
4098,89,17189,2455,6t10_M6Z_A_601,4,gnina,0.46698803,1.2656475,1.9442948,0,0.9613588,1.9965328
4099,89,16510,2358,6pk1_3PY_A_502,4,gnina,0.46697943,1.2653318,1.9442948,0,0.082156728,1.8718764
4100,89,10448,1492,4xpq_FUL_A_1002,4,gnina,0.46703016,1.2625842,1.9742788,0,9.6600138e-06,1.710828
4101,89,6269,895,3r3z_GOA_A_305,4,gnina,0.46688546,1.2616477,1.9442948,0,0,2.5473749
4102,89,1145,163,1ia1_TQ3_A_194,4,gnina,0.46686597,1.2608056,1.9442948,0,0.99667661,2.5313093
4103,89,6290,898,3r3z_GOA_D_305,4,gnina,0.46684348,1.259753,1.9442948,0,0.2899826,4.2963367
4104,89,4092,584,2eb5_OXL_D_2004,4,gnina,0.46683651,1.2595424,1.9442948,0,1.2538635e-07,3.2905421
4105,89,4099,585,2eb5_OXL_E_2005,4,gnina,0.46681115,1.2583846,1.9442948,0,0,2.9755518
4106,89,2825,403,1u18_HSM_B_402,4,gnina,0.46679892,1.257753,1.9442948,0,0.86730843,1.9017095
4107,89,5450,778,2vag_V25_A_1482,4,gnina,0.46676387,1.2561741,1.9442948,0,0.99213639,3.8748314
4108,89,15936,2276,6lit_2OH_B_501,4,gnina,0.46716279,1.2541435,2.0512609,0,0.99427985,3.044853
4109,89,298,42,1d6u_PEA_A_2003,4,gnina,0.46672118,1.2531628,1.9527328,0,9.891639e-06,3.530209
4110,89,3770,538,2bdg_PBZ_B_302,4,gnina,0.46665082,1.2512269,1.9442948,0,0.99663567,2.0442574
4111,89,5870,838,2ye5_2A7_A_1224,4,gnina,0.46661981,1.2502796,1.9442948,0,0.68504063,1.87815
4112,89,13878,1982,5vka_AKG_A_402,4,gnina,0.46668179,1.2498065,1.9620786,0,0.97059111,1.8093679
4113,89,8341,1191,4evq_PHB_B_402,4,gnina,0.46659063,1.2489112,1.9442948,0,0.99519428,2.3553053
4114,89,15929,2275,6lit_2OH_A_501,4,gnina,0.46697433,1.2482228,2.0512609,0,0.99420795,2.9140955
4115,89,4078,582,2eb5_OXL_A_2001,4,gnina,0.46654723,1.2475428,1.9442948,0,0.06494912,2.9199478
4116,89,10553,1507,4ysx_MLI_E_701,4,gnina,0.46653131,1.246806,1.9442948,0,0.98534629,6.8124556
4117,89,15495,2213,6hmw_FUL_F_202,4,gnina,0.46651103,1.2462797,1.9442948,0,0.9951536,2.4077074
4118,89,9552,1364,4npm_SIN_A_301,4,gnina,0.46699292,1.2461206,2.0704494,0,0.96441396,2.1287081
4119,89,15523,2217,6hmw_FUL_J_201,4,gnina,0.46645239,1.244385,1.9442948,0,0.041902257,2.3807805
4120,89,9559,1365,4npm_SIN_B_301,4,gnina,0.46695424,1.2442117,2.0700552,0,0.95058507,1.7583147
4121,89,11316,1616,5cjn_52F_A_809,4,gnina,0.46641474,1.2424903,1.9442948,0,0.27620025,3.6793639
4122,89,17770,2538,7jis_VBS_A_1101,4,gnina,0.46695439,1.241311,2.0898633,0,0,9.8791234
4123,89,6822,974,3w4i_8LG_C_402,4,gnina,0.46683083,1.240783,2.0632858,0,0.011049899,2.8811385
4124,89,13507,1929,5tde_FLC_A_501,4,gnina,0.4662956,1.239122,1.9442948,0,0.72458447,2.8295264
4125,89,15481,2211,6hmw_FUL_D_204,4,gnina,0.4662848,1.2387009,1.9442948,0,0.0017671826,3.1736506
4126,89,3021,431,1vzd_UFP_A_317,4,gnina,0.46627214,1.2383852,1.9442948,0,1.882708e-06,4.4665665
4127,89,2160,308,1p7l_MET_A_485,4,gnina,0.46617365,1.2352274,1.9442948,0,4.4855776e-05,4.2472975
4128,89,7585,1083,4buv_16I_A_2165,4,gnina,0.46674226,1.2344056,2.0807858,0,0.93846317,4.1112027
4129,89,4295,613,2fu9_MP2_A_1410,4,gnina,0.46615167,1.2343853,1.9442948,0,0.94002741,4.3731647
4130,89,4085,583,2eb5_OXL_B_2002,4,gnina,0.46614115,1.2339642,1.9442948,0,0.026761768,3.6815013
4131,89,17413,2487,6ur0_ETM_B_401,4,gnina,0.46598592,1.2307012,1.9442948,0,0.004351588,1.8436276
4132,89,14662,2094,6a1f_9OF_A_807,4,gnina,0.46581824,1.2272276,1.9442948,0,0.99859068,2.507577
4133,89,144,20,1axg_ETF_C_404,4,gnina,0.4666978,1.2262862,2.1205933,0,0.92264914,3.4096305
4134,89,4323,617,2fyd_NGA_B_404,4,gnina,0.46565026,1.2238593,1.9442948,0,0.00012987687,2.5067649
4135,89,6829,975,3w4i_8LG_D_402,4,gnina,0.46639209,1.2233583,2.0632858,0,0.01092459,2.9164493
4136,89,291,41,1d6u_HY1_B_3001,4,gnina,0.46698632,1.2204811,2.2414153,0,0.97149502,4.4583965
4137,89,753,107,1gxu_2HP_A_1092,4,gnina,0.46538182,1.2197541,1.9442948,0,0.97989811,1.2277663
4138,89,165,23,1bit_BEN_A_246,4,gnina,0.46526561,1.2181752,1.9442948,0,0,1.8173557
4139,89,14347,2049,5yaq_ISE_B_402,4,gnina,0.46523978,1.21807,1.9442948,0,0.32380565,3.7338657
4140,89,5534,790,2w1a_TSA_D_1091,4,gnina,0.4652379,1.2179647,1.9442948,0,0,3.9904543
4141,89,284,40,1d6u_HY1_A_2001,4,gnina,0.46692168,1.2178416,2.2414153,0,0.99548726,3.365729
4142,89,14676,2096,6a1l_BEZ_A_404,4,gnina,0.46626747,1.2163129,2.0883303,0,0.58055684,1.559191
4143,89,4645,663,2izf_BTN_B_300,4,gnina,0.46703197,1.2161921,2.2848024,0,0.99254101,2.7407104
4144,89,15488,2212,6hmw_FUL_E_204,4,gnina,0.46490122,1.2155437,1.9442948,0,0.055983019,2.3482609
4145,89,5415,773,2v32_BEZ_C_1222,4,gnina,0.46680381,1.2152295,2.2277863,0,0.99768711,2.0595653
4146,90,8366,1195,4f8n_PC_A_202,1,unimol,0.75429309,1.3897666,1.9321709,0,0.92965042,16.7
4147,90,7221,1031,3zyx_MBT_A_601,4,gnina,0.62150665,1.2839573,1.9338429,0,0,3.0469671
4148,90,13367,1909,5ooa_URI_A_201,4,gnina,0.62096548,1.2823252,1.9321709,0,0.98657926,3.3745196
4149,90,9573,1367,4nv0_MG7_A_403,4,gnina,0.619695,1.2795784,1.9321709,0,0.99518081,3.3796147
4150,90,6794,970,3vv5_SLZ_A_300,4,gnina,0.61968494,1.2794727,1.9321709,0,0.95686754,3.4235804
4151,90,17567,2509,6x9d_HYP_B_2002,4,gnina,0.61901612,1.2775875,1.9393169,0,0.99912904,12.769349
4152,90,8943,1277,4jb0_ENO_A_402,4,gnina,0.61660983,1.2769372,1.9321709,0,0.99453131,2.8277918
4153,90,6353,907,3rop_NCA_A_302,4,gnina,0.61456288,1.2765147,1.9321709,0,0.00024541566,1.7519699
4154,90,3301,471,1yik_MM1_A_500,4,gnina,0.61296615,1.2760921,1.9321709,0,0.023299957,1.5624923
4155,90,8544,1220,4hey_4MZ_A_308,4,gnina,0.60719088,1.274613,1.9321709,0,0.00030598116,1.5711049
4156,90,2706,386,1tke_SER_A_500,4,gnina,0.59575436,1.2738735,1.9321709,0,0.12019129,1.5150702
4157,90,1173,167,1iki_DAL_A_500,4,gnina,0.59124928,1.2735566,1.9321709,0,6.2995826e-06,1.5896343
4158,90,11337,1619,5cpn_531_B_401,4,gnina,0.62118488,1.2720804,2.0018313,0,0.0015063447,2.8151784
4159,90,1845,263,1moo_4MZ_A_264,4,gnina,0.54489939,1.2692251,1.9321709,0,3.0297935e-07,1.1845336
4160,90,1663,237,1lnf_VAL_E_1321,4,gnina,0.62077799,1.2642324,2.044728,0,0.97777478,3.349011
4161,90,1257,179,1j0n_CEG_A_780,4,gnina,0.54083126,1.2622525,1.9321709,0,8.1131681e-06,2.4557456
4162,90,2720,388,1tkh_DPN_A_913,4,gnina,0.54083126,1.2622525,1.9321709,0,0.040389185,2.0217849
4163,90,3091,441,1w62_PYC_A_700,4,gnina,0.54083126,1.2622525,1.9321709,0,0.99455149,2.2623112
4164,90,4498,642,2hjp_PPR_A_291,4,gnina,0.54083126,1.2622525,1.9321709,0,0,1.9097802
4165,90,7095,1013,3wwc_BUA_A_402,4,gnina,0.54083126,1.2622525,1.9321709,0,6.7551523e-08,1.4110317
4166,90,9090,1298,4kwk_CSS_A_302,4,gnina,0.54083126,1.2622525,1.9321709,0,0,2.0410519
4167,90,17315,2473,6tor_PMP_B_504,4,gnina,0.54083126,1.2622525,1.9321709,0,0.19892391,5.0009781
4168,90,11022,1574,5af9_SJR_H_1250,4,gnina,0.54083117,1.2570759,1.9321709,0,0.97465303,2.3582668
4169,90,11302,1614,5ci9_549_A_401,4,gnina,0.54073413,1.2566533,1.9321709,0,3.1141058e-07,2.2561226
4170,90,16930,2418,6rlt_MLI_B_511,4,gnina,0.53970023,1.2561251,1.9321709,0,0.66561134,2.2560714
4171,90,6360,908,3rop_NCA_B_302,4,gnina,0.53916645,1.2560194,1.9321709,0,0.0041614141,1.7716639
4172,90,7847,1121,4cme_KTZ_A_1270,0,surfdock,0.53062414,1.2497335,1.9321709,0,0.9896458,3.8205152
4173,90,16359,2337,6o5m_G8K_B_506,0,surfdock,0.53062414,1.2497335,1.9321709,0,0.63976748,4.6066397
4174,90,12789,1827,5jp9_DCM_B_401,0,surfdock,0.53062414,1.2474727,1.9466174,0,0.9815708,3.5409343
4175,90,7861,1123,4cme_KTZ_D_1270,0,surfdock,0.53062414,1.2459243,1.9565523,0,0.95432119,3.3143672
4176,90,16923,2417,6rlt_MLI_A_508,4,gnina,0.5094986,1.2434476,1.9321709,0,0.59734535,2.1457903
4177,90,12415,1773,5iav_MLI_A_302,4,gnina,0.4888032,1.2429194,1.9321709,0,0.71451342,2.0305035
4178,90,3490,498,1zha_R5P_A_1269,4,gnina,0.58114254,1.2413412,2.1345725,0,2.1169192e-05,2.6064972
4179,90,17014,2430,6s9g_L1Q_A_305,4,gnina,0.48560741,1.2411234,1.9321709,0,0.95528941,2.6522797
4180,90,11771,1681,5ezp_IPJ_F_201,4,gnina,0.4855855,1.2407008,1.9321709,0,0.10121426,5.2974568
4181,90,12940,1848,5l9v_OGA_A_502,4,gnina,0.48558465,1.2405952,1.9321709,0,0.89997525,1.9123541
4182,90,3175,453,1x7j_GEN_A_201,4,gnina,0.48551656,1.2395387,1.9321709,0,1.8844286e-07,4.4482555
4183,90,9503,1357,4nir_6DH_A_307,4,gnina,0.4854294,1.2383766,1.9321709,0,1.4013414e-09,2.7019071
4184,90,10252,1464,4v2z_Y70_B_151,4,gnina,0.48527194,1.2353129,1.9321709,0,0.99808184,2.8428462
4185,90,16818,2402,6r5o_BGC_B_801,4,gnina,0.48520451,1.2340452,1.9321709,0,0.029728356,3.4088823
4186,90,7354,1050,4ajj_88R_C_1335,4,gnina,0.48523263,1.2330725,1.9418716,0,0.99074973,4.7529997
4187,90,11967,1709,5fwe_OGA_B_1359,4,gnina,0.54083126,1.2321079,2.1287351,0,0,3.2212425
4188,90,3203,457,1x8x_TYR_A_952,4,gnina,0.48509652,1.2315097,1.9321709,0,7.4857321e-06,2.012396
4189,90,7228,1032,3zyx_MBT_B_601,4,gnina,0.54083126,1.2313915,2.1335652,0,0.82686467,3.2401432
4190,90,7347,1049,4ajj_88R_B_1333,4,gnina,0.4850811,1.2291684,1.9418716,0,0.98889625,4.8935772
4191,90,5716,816,2xhk_AKG_B_519,4,gnina,0.617604,1.229092,2.2514238,0,0.00043138965,2.1338581
4192,90,14487,2069,5ykt_PMP_A_501,4,gnina,0.48497029,1.228129,1.9321709,0,0.1512955,5.3467384
4193,90,13059,1865,5m62_BGC_A_409,4,gnina,0.54083126,1.2280882,2.1559362,0,0.005516375,1.8045686
4194,90,2097,299,1o8a_NXA_A_702,4,gnina,0.4849215,1.2255519,1.9420593,0,0.99091045,2.5808275
4195,90,13955,1993,5vyr_B62_A_301,4,gnina,0.48482113,1.2253822,1.9321709,0,0.99493885,1.8811724
4196,91,12282,1754,5hss_650_C_401,4,gnina,0.52878606,1.2675273,1.9193653,0,0.28323102,4.3750501
4197,91,2335,333,1q22_AND_A_401,4,gnina,0.53316809,1.2663895,2.0101686,0,1.1518876e-07,2.4556232
4198,91,12275,1753,5hss_650_B_402,4,gnina,0.52543578,1.2656187,1.9193653,0,1.3837209e-05,7.2786705
4199,91,4519,645,2huu_ALA_A_701,4,gnina,0.48118582,1.2542731,1.9193653,0,1.0990168e-08,1.888809
4200,91,10434,1490,4xh4_PPI_A_504,4,gnina,0.47627994,1.2497136,1.9193653,0,0.86211515,1.6115082
4201,91,14739,2105,6a3j_SOE_C_402,4,gnina,0.47620482,1.2490774,1.9193653,0,0.98330113,4.9909915
4202,91,3840,548,2bs3_CIT_D_1657,4,gnina,0.47616376,1.2486533,1.9193653,0,0.0092431437,6.4660317
4203,91,10749,1535,4zjz_BEZ_B_601,4,gnina,0.47614018,1.2481231,1.9193653,0,0.99411853,2.3837143
4204,91,5184,740,2qse_1HP_A_1,4,gnina,0.47582168,1.2430335,1.9193653,0,0.98208981,3.0473085
4205,91,5303,757,2rbu_273_X_4001,4,gnina,0.4757843,1.2422913,1.9193653,0,6.4436147e-07,1.5512947
4206,91,10742,1534,4zjz_BEZ_A_1001,4,gnina,0.47574176,1.241443,1.9193653,0,0.99169519,2.3652483
4207,91,3150,450,1x29_PMG_B_1413,0,surfdock,0.53177461,1.2391579,2.1470423,0,0,4.4424267
4208,91,16524,2360,6pk1_PLP_B_501,4,gnina,0.47544227,1.2346568,1.9193653,0,0.93881311,3.0387633
4209,91,3210,458,1xdj_HCS_A_1050,4,gnina,0.51811878,1.2337127,2.1103425,0,0.96099007,3.9605374
4210,91,11834,1690,5fc5_PC_A_516,4,gnina,0.47535683,1.2331724,1.9193653,0,0.86952398,2.3326478
4211,91,3143,449,1x29_PMG_A_413,0,surfdock,0.53110238,1.2330545,2.1513641,0,0.97441557,4.562345
4212,91,14655,2093,5zpt_HY1_B_703,4,gnina,0.47521665,1.2303095,1.9193653,0,0.94606189,2.8432111
4213,91,9062,1294,4kp7_1UQ_B_502,4,gnina,0.47585653,1.2266908,2.0272737,0,0.95483281,3.4873563
4214,91,15950,2278,6lql_F0C_A_702,4,gnina,0.47473526,1.2232052,1.9193653,0,4.1876293e-07,4.0365027
4215,91,17553,2507,6w0x_S6J_B_301,4,gnina,0.47467494,1.222463,1.9193653,0,0.93755264,6.0635761
4216,91,12121,1731,5gzz_GSH_D_301,4,gnina,0.47460288,1.2219328,1.9193653,0,1.8636896e-07,8.2325109
4217,91,10532,1504,4y6n_3PG_A_402,4,gnina,0.48171212,1.2215666,2.1478186,0,0.93853534,1.8635448
4218,91,15698,2242,6jme_BVU_A_409,4,gnina,0.47585924,1.2210864,2.066103,0,0.99561846,5.5941877
4219,91,9258,1322,4m2c_DAR_C_402,4,gnina,0.47453822,1.2209785,1.9193653,0,0,4.9850784
4220,91,4155,593,2f3s_7GP_A_998,4,gnina,0.47471554,1.2201439,1.9386579,0,0.95983706,3.580426
4221,91,15768,2252,6jz4_EVA_A_701,4,gnina,0.4740919,1.216419,1.9193653,0,0.021828691,3.2902162
4222,91,15775,2253,6jz4_EVA_B_701,4,gnina,0.47408278,1.216313,1.9193653,0,0.023728291,3.102211
4223,91,16986,2426,6s4h_KUQ_A_901,4,gnina,0.47576671,1.2150532,2.0977571,0,0.55387147,4.6733957
4224,91,2090,298,1o68_KIV_E_275,4,gnina,0.47619286,1.2137184,2.152159,0,0.9452387,3.0948676
4225,91,3805,543,2bjf_DXC_A_330,4,gnina,0.4737244,1.2127079,1.9193653,0,1.0000561e-07,3.4514548
4226,91,17546,2506,6w0x_S6J_A_301,4,gnina,0.47357366,1.2119656,1.9193653,0,0.7322208,5.5491643
4227,91,16762,2394,6qot_6SD_A_301,4,gnina,0.47560619,1.2113256,2.0948827,0,0.9941742,2.5626471
4228,91,8901,1271,4ixw_IXW_A_302,4,gnina,0.48104316,1.2108163,2.2057283,0,0.78511343,1.6530542
4229,91,382,54,1dxy_COI_A_404,4,gnina,0.4732751,1.2097389,1.9193653,0,0.0057999504,1.647067
4230,91,494,70,1eyw_TEN_A_403,4,gnina,0.47516987,1.2091569,2.0537875,0,0.33580396,2.3195339
4231,91,2657,379,1tc2_7HP_B_810,4,gnina,0.48224104,1.2052876,2.2842038,0,0.98543863,1.52159
4232,91,9419,1345,4n36_2F8_D_401,4,gnina,0.4725666,1.2051795,1.9193653,0,0.80176874,2.574093
4233,91,12254,1750,5hss_64Z_A_402,4,gnina,0.53236092,1.2049165,2.4249735,0,0.18064841,4.9720226
4234,91,10735,1533,4zib_4OG_A_512,4,gnina,0.47330355,1.2042908,1.9568318,0,0.81063047,2.1723735
4235,91,13563,1937,5tlg_7EG_B_601,4,gnina,0.47574322,1.2023503,2.181783,0,0.99243756,5.9967395
4236,91,14424,2060,5ybl_AKG_C_302,4,gnina,0.47599772,1.2020505,2.214803,0,0.00060066452,2.988072
4237,91,12793,1827,5jp9_DCM_B_401,4,gnina,0.47470449,1.2007449,2.0677793,0,0.98209601,3.6625617
4238,91,4659,665,2j1s_FUL_B_1153,4,gnina,0.52442987,1.2005273,2.3547044,0,0.954016,1.4596603
4239,91,2328,332,1q20_PLO_A_401,4,gnina,0.47394493,1.2001286,2.0172617,0,0.95749823,3.3820645
4240,91,1964,280,1now_IFG_B_558,4,gnina,0.47525715,1.200096,2.1264985,0,0.99245148,2.9619459
4241,91,5695,813,2xh0_PEP_B_1440,4,gnina,0.47563152,1.1993039,2.1822629,0,0.99727669,4.0450759
4242,91,7277,1039,4a7x_UDP_B_1241,4,gnina,0.47137021,1.1982873,1.9193653,0,0.99593217,6.4434774
4243,91,4638,662,2iyq_SKM_A_201,4,gnina,0.47133451,1.1980752,1.9193653,0,0.98451484,1.7128113
4244,91,3157,451,1x2a_PDG_A_413,0,surfdock,0.53177461,1.1972387,2.4429514,0,0.8805022,4.4378362
4245,91,12009,1715,5g44_I6G_A_1510,4,gnina,0.47603727,1.1971718,2.2536924,0,0.98994113,2.0028753
4246,92,2363,337,1q6r_LX1_A_7301,4,gnina,0.63860443,1.2826321,1.9122664,0,0.060144459,2.2548038
4247,92,16734,2390,6qo4_97T_B_301,4,gnina,0.63269478,1.2775237,1.9122664,0,0.99763953,2.7356868
4248,92,1243,177,1ixo_G3P_A_1001,4,gnina,0.6232083,1.2762466,1.9122664,0,0.027220164,2.482941
4249,92,1803,257,1m9j_CLW_B_907,4,gnina,0.58571183,1.2705842,1.9297227,0,4.4000038e-07,2.536721
4250,92,8579,1225,4hon_AKG_A_401,4,gnina,0.63915547,1.2683811,2.007952,0,0.99502428,2.4837465
4251,92,8586,1226,4hon_AKG_B_401,4,gnina,0.63874571,1.2667072,2.0159781,0,0.99500132,2.3745566
4252,92,16548,2364,6pna_M16_A_803,0,surfdock,0.53211238,1.2639545,1.9122664,0,0.98512807,3.2876972
4253,92,16555,2365,6pna_M16_B_803,0,surfdock,0.53211238,1.2639545,1.9122664,0,0.81867137,3.1713866
4254,92,2548,364,1sff_IK2_D_450,0,surfdock,0.53211238,1.261728,1.9262986,0,0.98612264,4.2180349
4255,92,2534,362,1sff_IK2_A_450,0,surfdock,0.53211238,1.2613763,1.9285212,0,0,4.0802264
4256,92,16527,2361,6pmv_M16_A_803,0,surfdock,0.53211238,1.2548695,1.969945,0,7.8065312e-09,3.0274402
4257,92,16534,2362,6pmv_M16_B_803,0,surfdock,0.53211238,1.2545902,1.9717355,0,0.96203394,3.2650104
4258,92,9482,1354,4nf4_2JK_A_301,4,gnina,0.53105213,1.2525139,1.9122664,0,0.99571387,2.3030336
4259,92,9986,1426,4s38_CDI_A_900,4,gnina,0.53105213,1.2525139,1.9122664,0,0.0050901669,1.6684072
4260,92,10224,1460,4uy7_HIS_A_800,4,gnina,0.53105213,1.2525139,1.9122664,0,0,2.5516217
4261,92,10231,1461,4uy7_HIS_B_800,4,gnina,0.53105213,1.2525139,1.9122664,0,0.47961638,3.0954742
4262,92,14039,2005,5wct_GY4_A_303,4,gnina,0.53105213,1.2391394,1.9983611,0,6.8158649e-10,5.0095506
4263,92,9580,1368,4o7g_ASC_A_303,4,gnina,0.54040817,1.2376777,2.1214783,0,0.014702431,1.7361256
4264,92,11484,1640,5dnx_5LD_B_201,4,gnina,0.50945471,1.2359116,1.9122664,0,3.4394565e-05,2.5755583
4265,92,5408,772,2v32_BEZ_A_1222,4,gnina,0.50925398,1.2331445,1.9122664,0,0.986335,2.3667098
4266,92,9594,1370,4o7g_ASC_B_304,4,gnina,0.54247398,1.232904,2.1564724,0,0.0017570331,1.8351811
4267,92,10672,1524,4zbc_FRU_A_409,4,gnina,0.51015504,1.2321623,1.9895591,0,0.00023153372,2.2273245
4268,92,12163,1737,5h8q_5YE_B_302,4,gnina,0.50915874,1.2320803,1.9122664,0,0.99379881,4.7532962
4269,92,1817,259,1ml4_PAL_A_385,4,gnina,0.50908125,1.2312289,1.9122664,0,0.99335002,3.5751873
4270,92,11729,1675,5eso_ISC_A_602,4,gnina,0.5090274,1.2304839,1.9122664,0,0.99596121,12.607952
4271,92,8761,1251,4i6w_1CO_B_1001,4,gnina,0.50874152,1.2271847,1.9122664,0,0.010918322,2.4648888
4272,92,14707,2101,6a2n_UMP_A_703,0,surfdock,0.53211238,1.2250497,2.1674385,0,0.98025962,3.5319359
4273,92,14714,2102,6a2n_UMP_B_703,0,surfdock,0.53211238,1.2242868,2.1726623,0,0.97628209,3.5616251
4274,93,3973,567,2coj_GBN_A_420,4,gnina,0.53624415,1.2808078,1.9105554,0,0.2209652,2.4129175
4275,93,3980,568,2coj_GBN_B_420,4,gnina,0.5351727,1.2794214,1.9105554,0,0.94883069,2.453389
4276,93,7375,1053,4ajj_88S_C_1334,4,gnina,0.53619207,1.2762123,1.9378179,0,0,4.4383174
4277,93,8936,1276,4j7u_YTZ_C_802,4,gnina,0.52678544,1.2645977,1.9105554,0,0.0011604346,3.6343546
4278,93,4963,709,2pin_LEG_B_502,0,surfdock,0.53312199,1.2641941,1.9650618,0,8.4718178e-08,2.7373096
4279,93,15460,2208,6hl9_SIN_B_402,4,gnina,0.51837653,1.2627847,1.9105554,0,0.00068395039,2.6723727
4280,93,12723,1817,5jep_EVF_B_302,4,gnina,0.50255714,1.2542954,1.917707,0,0.99872965,2.4939648
4281,93,7368,1052,4ajj_88S_B_1332,4,gnina,0.50255702,1.2510239,1.9378179,0,0.035706876,4.218517
4282,93,16720,2388,6qnj_GLC_A_402,4,gnina,0.50173439,1.2448684,1.9105554,0,2.8243893e-05,1.8720359
4283,93,17777,2539,7jo3_VGS_A_302,4,gnina,0.5015578,1.2430554,1.9105554,0,0.99243681,2.3241309
4284,93,8992,1284,4jxh_HRC_A_301,4,gnina,0.5014494,1.2420956,1.9105554,0,0.0011788271,3.669468
4285,93,7207,1029,3zwt_KFZ_A_1401,4,gnina,0.5013806,1.2410291,1.9105554,0,5.3647083e-07,3.5655027
4286,93,17385,2483,6uo7_QCP_A_504,4,gnina,0.50134039,1.2404959,1.9105554,0,0.87318732,4.2512191
4287,93,5856,836,2y4j_LAC_A_400,4,gnina,0.50131746,1.2402826,1.9105554,0,0.9311136,1.9278967
4288,93,11568,1652,5e4o_L57_B_201,4,gnina,0.50122919,1.2392162,1.9105554,0,0.68185981,3.1193916
4289,93,12324,1760,5i0m_UMP_A_201,4,gnina,0.50106154,1.2379364,1.9105554,0,0.71679683,3.8668146
4290,93,10665,1523,4zb5_GLC_A_403,4,gnina,0.50087745,1.2372966,1.9105554,0,4.8949895e-05,1.8159972
4291,93,6227,889,3qss_MTG_A_405,4,gnina,0.51284127,1.2370506,2.0753326,0,0.90616657,2.5199156
4292,93,12758,1822,5jj2_MLI_A_301,4,gnina,0.50036712,1.2336706,1.9105554,0,0.92516581,1.4929693
4293,93,7977,1139,4d06_X8W_D_303,4,gnina,0.50245916,1.2307629,2.0636101,0,0.0002565592,4.1564013
4294,93,1957,279,1nmz_NYM_A_301,4,gnina,0.49976683,1.2305779,1.9105554,0,0.3615752,3.8429287
4295,93,10525,1503,4y14_C0A_B_404,4,gnina,0.49972318,1.2301513,1.9105554,0,0.95733781,5.562419
4296,93,3665,523,2ahc_VNL_B_266,4,gnina,0.5337136,1.2300218,2.2236218,0,0.00051382353,2.1856321
4297,93,10518,1502,4y14_C0A_A_407,4,gnina,0.49917137,1.2287649,1.9105554,0,0.9954446,5.5430532
4298,93,17448,2492,6v1e_5SW_A_301,4,gnina,0.50189168,1.228557,2.0302317,0,0.95424,3.7767069
4299,93,7361,1051,4ajj_88S_A_1332,4,gnina,0.50042377,1.2276329,1.9510064,0,0.91896708,6.4849692
4300,93,5863,837,2y4j_LAC_B_400,4,gnina,0.49862516,1.2272719,1.9105554,0,0.12507775,2.1577086
4301,93,186,26,1bqp_MAN_B_401,4,gnina,0.53130629,1.2272517,2.171339,0,0.99689744,1.8551375
4302,93,4309,615,2fyd_BGC_B_403,4,gnina,0.50126845,1.2261244,1.9976267,0,0.95983845,2.3820573
4303,93,10301,1471,4wdd_CIT_A_401,4,gnina,0.50183865,1.2243102,2.0535815,0,0.15536286,2.1186957
4304,93,17035,2433,6si4_LEK_B_402,4,gnina,0.49757796,1.2237526,1.9105554,0,9.7879364e-06,3.5822746
4305,93,10021,1431,4tqi_6BD_B_201,4,gnina,0.49723077,1.2222596,1.9105554,0,2.1020935e-08,3.679247
4306,93,12688,1812,5jdv_EVF_B_302,4,gnina,0.5027493,1.2206955,2.151145,0,0.99750222,2.7418479
4307,93,17028,2432,6si4_LEK_A_402,4,gnina,0.49621476,1.2199134,1.9105554,0,0.98431142,3.3925392
4308,93,5499,785,2vmp_PLP_A_501,4,gnina,0.50236903,1.2191178,2.1336188,0,1.1721139e-05,4.9923714
4309,93,11477,1639,5dnx_5LD_A_203,4,gnina,0.49492891,1.2182071,1.9105554,0,0.0023865991,2.8641253
4310,93,4505,643,2hs3_FGR_A_2166,4,gnina,0.49375158,1.2172473,1.9105554,0,0,4.5036382
4311,93,10014,1430,4tqi_6BD_A_201,4,gnina,0.49330245,1.2168207,1.9105554,0,1.1004356e-06,4.017239
4312,93,3364,480,1z4k_T3P_A_4341,4,gnina,0.50216393,1.2151816,2.139962,0,3.6264113e-07,4.7378138
4313,93,17427,2489,6uvj_QJ1_A_205,4,gnina,0.49110572,1.2146878,1.9105554,0,0.98269995,2.0213178
4314,93,8369,1195,4f8n_PC_A_202,4,gnina,0.52594454,1.2141095,2.2422562,0,2.5810723e-07,2.1031892
4315,93,9230,1318,4lxi_22J_A_301,4,gnina,0.48948388,1.2135147,1.9105554,0,0.75705965,3.7300689
4316,93,4701,671,2jfv_FLC_A_1271,4,gnina,0.49674572,1.2132193,1.9599938,0,0.13497512,2.877453
4317,93,802,114,1h18_DTL_A_9010,4,gnina,0.50227248,1.2120458,2.1700699,0,0.019086985,3.4517872
4318,93,12765,1823,5jj2_MLI_A_302,4,gnina,0.48733107,1.2118084,1.9105554,0,7.2630691e-05,1.4919656
4319,93,13997,1999,5vys_GMP_B_303,4,gnina,0.50062944,1.2081883,2.0918326,0,0.0031482846,3.3987547
4320,93,4330,618,2fyd_NGA_D_529,4,gnina,0.49773132,1.208019,2.019253,0,6.9903463e-05,2.5770094
4321,93,9069,1295,4kqx_HIO_A_402,4,gnina,0.47790558,1.2076492,1.9105554,0,0.75291498,1.949267
4322,93,12716,1816,5jeh_EVF_B_302,4,gnina,0.50220557,1.2064088,2.2027841,0,0.94396135,1.6561746
4323,93,9076,1296,4kqx_HIO_B_401,4,gnina,0.47675084,1.2063695,1.9105554,0,0.44556243,2.278171
4324,94,13944,1992,5vv5_9OJ_B_803,0,surfdock,0.5330362,1.269289,1.902254,0,0,3.5149971
4325,94,3133,447,1x09_IPE_A_901,4,gnina,0.52365549,1.2634018,1.902254,0,0.73411853,1.5898693
4326,94,15054,2150,6ezf_C6Z_A_1003,4,gnina,0.49809988,1.2591202,1.902254,0,0.96685908,2.8316116
4327,94,8159,1165,4du7_DP6_B_401,4,gnina,0.54048743,1.2530213,2.0542579,0,0.9694456,4.081529
4328,94,5639,805,2wzh_NGO_A_1589,4,gnina,0.49708484,1.2476668,1.902254,0,0.99405449,2.7362821
4329,94,718,102,1giu_ADE_A_300,4,gnina,0.49686525,1.2447767,1.902254,0,0.1552893,1.6064843
4330,94,8355,1193,4f06_PHB_A_401,4,gnina,0.49632324,1.240281,1.902254,0,0.99503577,1.8325139
4331,94,3546,506,1zpd_CIT_E_610,4,gnina,0.49631767,1.240174,1.902254,0,0.049744436,6.471239
4332,94,5023,717,2pvy_ACP_D_802,4,gnina,0.49587037,1.237605,1.902254,0,0.0014472393,5.5538189
4333,94,13962,1994,5vyr_B62_B_301,4,gnina,0.49569234,1.2362135,1.902254,0,0.99237914,1.9271652
4334,94,17574,2510,6xim_XLS_A_397,4,gnina,0.49802233,1.233898,2.0619659,0,0.0029086705,4.6338744
4335,94,3231,461,1xin_XYL_B_397,4,gnina,0.49735425,1.2315629,2.0237787,0,0.34689213,3.9566242
4336,94,6241,891,3qt8_FM0_A_328,4,gnina,0.49750274,1.2312737,2.037539,0,0,4.2135393
4337,94,14585,2083,5zg2_9C0_A_902,4,gnina,0.49808919,1.228083,2.1036658,0,0.00010728631,3.934265
4338,94,3238,462,1xin_XYL_D_397,4,gnina,0.49695258,1.2275639,2.0209358,0,0.01459389,3.6483464
4339,94,17595,2513,6xim_XLS_D_397,4,gnina,0.49754263,1.2264006,2.0735075,0,0.38907336,4.2196662
4340,94,1460,208,1jyx_IPT_D_2001,4,gnina,0.49750038,1.2260378,2.0717251,0,0.9817712,18.018544
4341,94,14200,2028,5xin_XLS_A_397,4,gnina,0.49756116,1.2240619,2.0913355,0,0.0038330375,3.8248393
4342,94,14893,2127,6bxk_MTA_A_401,4,gnina,0.53762884,1.2230796,2.2485285,0,0.0037558768,4.1958325
4343,94,1446,206,1jyx_IPT_B_2001,4,gnina,0.49721744,1.2229981,2.0717251,0,0.98304585,18.006306
4344,94,4512,644,2ht8_G39_A_800,4,gnina,0.4942573,1.2203461,1.9721656,0,0.9840305,3.597251
4345,94,13916,1988,5vuu_9OJ_A_805,0,surfdock,0.5330362,1.2186386,2.2365353,0,0.0001329821,3.5126246
4346,94,14207,2029,5xin_XLS_B_397,4,gnina,0.49693158,1.2166376,2.0913355,0,0.022604521,3.7758627
4347,94,13923,1989,5vuu_9OJ_B_803,0,surfdock,0.5330362,1.2142356,2.2673922,0,0.69973667,3.5522171
4348,94,2370,338,1q92_DRM_A_1001,4,gnina,0.49711335,1.2135378,2.1288154,0,0.90616134,2.8860929
4349,94,17056,2436,6sjs_THH_B_901,4,gnina,0.48394678,1.2131997,1.902254,0,0.72588721,2.0320262
4350,94,8012,1144,4d4u_FUC_A_950,4,gnina,0.49671029,1.2127683,2.1077073,0,0.99233232,1.893119
4351,94,11421,1631,5di7_5CQ_A_601,4,gnina,0.49744113,1.209468,2.1805146,0,0.60352761,3.0542424
4352,94,9902,1414,4rg3_ECE_A_603,4,gnina,0.48437239,1.2094143,1.9446861,0,0.97367801,2.362138
4353,94,11932,1704,5fqf_NGA_A_1588,4,gnina,0.49369456,1.2088395,2.0390599,0,0.98934478,3.1660884
4354,94,9734,1390,4ptx_BGC_A_501,4,gnina,0.49754515,1.2083557,2.197612,0,0.99392041,2.5356093
4355,94,13437,1919,5t6b_TMP_C_503,4,gnina,0.4970152,1.2063384,2.1698916,0,0.86546893,5.4620878
4356,94,417,59,1e48_13P_P_302,4,gnina,0.47966145,1.2057068,1.902254,0,0.83234214,1.6788285
4357,94,7501,1071,4b5v_E8U_B_1254,4,gnina,0.48358778,1.2055407,1.9435419,0,0.0021895931,2.3248592
4358,94,13213,1887,5nuk_Z80_A_201,4,gnina,0.49594207,1.205526,2.117311,0,0,3.4358687
4359,94,6199,885,3qhd_795_A_167,4,gnina,0.47872856,1.2051716,1.902254,0,0.99075318,1.9222068
4360,94,15509,2215,6hmw_FUL_H_201,4,gnina,0.49280452,1.204308,2.0490894,0,0.0015617879,3.8563556
4361,94,6997,999,3wqs_KBK_B_503,4,gnina,0.49757861,1.2018752,2.24898,0,0.91971244,3.5166697
4362,94,12541,1791,5irw_D9P_A_202,4,gnina,0.48852941,1.20146,2.0255761,0,0.73171199,3.1260429
4363,94,4071,581,2e56_MYR_A_701,4,gnina,0.49559547,1.1983312,2.153455,0,0,3.9156047
4364,94,5779,825,2xul_AKG_C_201,4,gnina,0.48988364,1.1972684,2.0612824,0,1.1395584e-06,2.1967779
4365,94,14221,2031,5xin_XLS_D_397,4,gnina,0.49237948,1.1969823,2.0884297,0,0.14759603,3.9932391
4366,94,11372,1624,5d9w_ASC_A_301,4,gnina,0.46632563,1.1968225,1.902254,0,0.47769333,1.5866502
4367,94,16860,2408,6rbx_JYT_A_301,4,gnina,0.49648926,1.1967551,2.200058,0,0.57371739,2.7002975
4368,94,5772,824,2xul_AKG_B_201,4,gnina,0.48898471,1.1965337,2.0612824,0,0.81448838,2.5004325
4369,94,14214,2030,5xin_XLS_C_397,4,gnina,0.4927915,1.1962311,2.1029878,0,0.11197871,3.8612317
4370,94,12905,1843,5kxb_NGA_A_307,4,gnina,0.53288275,1.1956292,2.3686771,0,0.33543723,2.801696
4371,94,13045,1863,5m0t_AKG_B_302,4,gnina,0.53687437,1.1952338,2.4434712,0,0.00020001647,2.6422429
4372,94,15502,2214,6hmw_FUL_G_202,4,gnina,0.48547759,1.1939206,2.0612094,0,0.99605811,2.1548268
4373,94,4183,597,2f78_BEZ_A_1003,4,gnina,0.46742428,1.1910907,1.9504784,0,0.41110663,1.632675
4374,95,1341,191,1j54_TMP_A_2000,4,gnina,0.77658629,1.4142236,1.8961959,0,0.95078537,3.526417
4375,95,10980,1568,5abz_Z47_A_201,4,gnina,0.77584716,1.4120064,1.9025742,0,0.91839536,6.7352339
4376,95,8957,1279,4jhh_H35_A_201,4,gnina,0.77397111,1.41186,1.8961959,0,0.00090745135,2.1331689
4377,95,6276,896,3r3z_GOA_B_305,4,gnina,0.77297438,1.3716825,2.1242764,0,0.47391131,2.4685449
4378,95,3686,526,2ai1_P1G_A_293,4,gnina,0.76348008,1.3576222,2.198041,0,0.98789627,6.1949719
4379,95,17749,2535,7c7g_FJR_A_402,4,gnina,0.77709806,1.3572013,2.2365601,0,0.0017118082,3.088658
4380,95,3679,525,2ahc_VNL_D_466,4,gnina,0.77780605,1.332831,2.3982327,0,0.00036857131,2.2424723
4381,95,221,31,1cdk_MYR_A_403,4,gnina,0.77529159,1.3315039,2.3857086,0,0.94718211,1.8743344
4382,95,6892,984,3wat_BMA_A_404,4,gnina,0.7775613,1.3296007,2.4181521,0,0.016449917,2.1291109
4383,95,6899,985,3wat_BMA_B_404,4,gnina,0.77704641,1.3286925,2.4181521,0,0.013933567,4.3898805
4384,95,8859,1265,4iph_1FJ_A_201,4,gnina,0.77592797,1.3046579,2.5712626,0,0.32825542,3.3801218
4385,95,17623,2517,6y4f_GLU_A_202,4,gnina,0.77107648,1.2934148,2.631978,0,0.21139587,1.8374078
4386,95,11946,1706,5fuv_THM_B_1385,4,gnina,0.77508233,1.2852163,2.7031608,0,0.99435105,3.3049487
4387,95,3070,438,1w3t_3GR_D_1297,4,gnina,0.77554429,1.2786357,2.7538233,0,0.41675347,2.4891329
4388,95,11092,1584,5av2_KMP_A_300,4,gnina,0.7780128,1.276215,2.7937577,0,6.8713438e-07,2.7777762
4389,95,123,17,1aua_BOG_A_2,4,gnina,0.65919629,1.2721889,1.8961959,0,9.016949e-09,3.9377428
4390,95,16650,2378,6q4y_MAN_B_402,4,gnina,0.65065,1.2717591,1.8961959,0,0.046564699,2.3601457
4391,95,13745,1963,5uio_LG3_A_201,4,gnina,0.77731634,1.2714632,2.8225791,0,0.99218586,2.5962294
4392,95,17430,2490,6uxr_K6G_B_202,0,surfdock,0.64492416,1.2712219,1.8961959,0,0,3.0856607
4393,95,16643,2377,6q4y_MAN_A_402,4,gnina,0.63943083,1.2707921,1.8961959,0,0.10381571,2.1804319
4394,95,2615,373,1sz6_NAG_B_5004,4,gnina,0.63908401,1.2698252,1.8961959,0,2.4218257e-07,3.0541486
4395,95,2594,370,1sz6_NAG_A_5003,4,gnina,0.63907623,1.265259,1.8961959,0,0.00088095403,2.1106469
4396,95,8607,1229,4hrq_AZG_B_201,4,gnina,0.63907623,1.265259,1.8961959,0,0,1.7424519
4397,95,9629,1375,4ox5_DAL_A_307,4,gnina,0.63907623,1.265259,1.8961959,0,0.15291809,1.3746919
4398,95,10035,1433,4tsk_TLA_A_404,4,gnina,0.63907623,1.265259,1.8961959,0,0.0015403094,1.8412924
4399,95,12961,1851,5la2_ARB_B_606,4,gnina,0.63907623,1.265259,1.8961959,0,0.19952281,2.5818007
4400,95,12100,1728,5gwt_SIN_B_302,4,gnina,0.69508343,1.2639045,2.475786,0,0.026944133,2.5994422
4401,95,16783,2397,6qqs_JCZ_B_301,4,gnina,0.76767791,1.2605577,2.8669405,0,6.3193828e-06,2.4487346
4402,95,17763,2537,7cwd_GAL_A_902,4,gnina,0.592896,1.2588664,1.8961959,0,4.5540684e-06,2.1670671
4403,95,13633,1947,5u5z_7VP_A_302,4,gnina,0.6391014,1.2573179,1.9761922,0,1.7737456e-09,1.5947554
4404,95,15873,2267,6l68_ALL_A_202,4,gnina,0.63917166,1.2529398,2.006958,0,0.24513817,1.7661514
4405,95,739,105,1gsi_TMP_A_1210,4,gnina,0.77546155,1.2522746,2.9517555,0,0.32520119,3.3977728
4406,95,14970,2138,6cwr_6LA_A_201,4,gnina,0.77432848,1.2511071,2.9556448,0,0.9902869,3.5087296
4407,95,1894,270,1n5i_TMP_A_217,4,gnina,0.77678022,1.2474897,3.0002284,0,0.98917489,3.5444947
4408,95,6696,956,3vcp_PRO_A_502,4,gnina,0.63907623,1.2457453,2.0202754,0,0.36792192,2.3423632
4409,95,14921,2131,6cdy_EY1_A_501,4,gnina,0.70561758,1.2443243,2.6281855,0,0.95784545,5.9603789
4410,95,14928,2132,6cdy_EY1_B_501,4,gnina,0.70561758,1.2443243,2.6281855,0,0.10458001,6.6577713
4411,95,6962,994,3wk1_O7E_A_301,4,gnina,0.77641594,1.2423729,3.038404,0,0.98950946,3.1590527
4412,95,7963,1137,4d06_NAR_F_302,4,gnina,0.68820408,1.2406056,2.6377957,0,0.0044526342,4.0543879
4413,95,17238,2462,6tbx_N0Z_C_303,4,gnina,0.51958675,1.2397455,1.9030041,0,0.13931925,2.7209811
4414,95,15866,2266,6l68_ALL_A_201,4,gnina,0.63907623,1.2393391,2.0621634,0,0.90275732,1.6483778
4415,95,12051,1721,5g6g_H8B_A_1367,4,gnina,0.51933982,1.2383455,1.8961959,0,2.3138427e-07,4.3000186
4416,95,3875,553,2c3d_COM_A_1525,4,gnina,0.51938601,1.2373789,1.9050899,0,0.97526773,2.3223917
4417,95,7823,1117,4clo_XP0_D_1270,4,gnina,0.77306717,1.2364002,3.066515,0,0.98833029,4.0646312
4418,95,10315,1473,4wdx_WDX_B_402,4,gnina,0.63907623,1.2340405,2.0972555,0,0.97232857,3.4888534
4419,95,3063,437,1w3t_3GR_C_1297,4,gnina,0.71615348,1.2324785,2.7336752,0,0.15890863,6.2772438
4420,95,9643,1377,4oxy_1TN_B_302,4,gnina,0.51859543,1.2324363,1.8961959,0,0.98568679,5.9149761
4421,95,4365,623,2g21_L1B_A_885,4,gnina,0.51885575,1.2322715,1.908934,0,0.99020939,5.441279
4422,95,10308,1472,4wdx_WDX_A_402,4,gnina,0.63907623,1.2317829,2.1123321,0,0.00058387903,3.699328
4423,95,3896,556,2c3d_COM_B_1526,4,gnina,0.51810695,1.2287834,1.8961959,0,0.99029147,2.3241509
4424,96,12380,1768,5i93_69O_A_202,4,gnina,0.61636285,1.275326,1.8932801,0,0.56977725,1.6348184
4425,96,16979,2425,6s39_K5Z_A_301,4,gnina,0.58774216,1.2649733,1.8932801,0,0.95771196,3.2881883
4426,96,10063,1437,4u7g_K17_B_303,4,gnina,0.58284546,1.262493,1.8932801,0,3.2205703e-06,1.6042345
4427,96,2713,387,1tkh_DPN_A_911,4,gnina,0.58282527,1.2622773,1.8932801,0,2.9396386e-05,1.8990476
4428,96,1887,269,1n3o_GYP_B_1101,4,gnina,0.58199274,1.2619538,1.8932801,0,0.0016164724,2.4224077
4429,96,5261,751,2r4j_13P_A_1968,4,gnina,0.57746489,1.2593656,1.8932801,0,0.00018027954,2.69632
4430,96,14501,2071,5ylf_BGC_A_401,4,gnina,0.57588328,1.2580715,1.8932801,0,0.0197927,2.0589642
4431,96,14249,2035,5xoi_SIN_A_401,4,gnina,0.60194801,1.25245,2.0228784,0,0.90212068,1.4931915
4432,96,16489,2355,6p9t_O5D_A_307,4,gnina,0.55876264,1.2514932,1.8932801,0,1.5596822e-09,6.1931396
4433,96,12436,1776,5icf_SAU_A_402,4,gnina,0.5560515,1.250954,1.8932801,0,0.32372939,2.0458644
4434,96,10567,1509,4yu7_DHC_A_204,4,gnina,0.55403134,1.2505226,1.8932801,0,1.507307e-08,2.029005
4435,96,6164,880,3kt7_AKG_A_702,4,gnina,0.59398044,1.2471459,2.0304461,0,0,3.6545273
4436,96,11456,1636,5dky_NOJ_A_1000,4,gnina,0.59595779,1.2470047,2.0430839,0,0.99409784,2.2622694
4437,96,10581,1511,4yu7_DHC_B_204,4,gnina,0.54018692,1.2449149,1.8932801,0,1.2759985e-06,1.9593552
4438,96,4197,599,2f78_BEZ_B_1004,4,gnina,0.59664527,1.2436286,2.0693233,0,0.97528206,1.6596564
4439,96,5919,845,2z20_PLP_B_801,4,gnina,0.59786999,1.2421592,2.0831609,0,0.93804712,2.8053024
4440,96,6479,925,3te7_TE7_A_1,4,gnina,0.62195151,1.2409164,2.1227345,0,0.047596639,3.5659732
4441,96,14679,2097,6a2m_9QR_A_701,0,surfdock,0.53287703,1.2390376,1.8932801,0,0,4.1707799
4442,96,14686,2098,6a2m_9QR_B_701,0,surfdock,0.53287703,1.2390376,1.8932801,0,0.9312779,4.0887308
4443,96,17465,2495,6vei_9UO_B_502,0,surfdock,0.53287703,1.2390376,1.8932801,0,0,4.7807088
4444,96,5429,775,2v60_C17_A_1503,4,gnina,0.63445967,1.2380982,2.1689134,0,0.99624544,5.3815696
4445,96,7606,1086,4bvh_OCZ_C_1394,4,gnina,0.54534485,1.2368232,1.9649076,0,0.9984219,3.1844499
4446,96,16713,2387,6qli_4LR_A_301,4,gnina,0.52434847,1.2333759,1.8932801,0,0.075820346,1.6977092
4447,96,13381,1911,5r0j_RBJ_B_401,4,gnina,0.57393041,1.2318888,2.0527356,0,0.94736451,2.0582342
4448,96,193,27,1bqp_MAN_C_402,4,gnina,0.58685997,1.2296684,2.1201379,0,0.97895466,1.8007861
4449,96,5436,776,2v60_C17_B_1498,4,gnina,0.63716021,1.2293768,2.2325072,0,0.99355552,4.4042875
4450,96,15852,2264,6kxh_DY9_D_402,4,gnina,0.49749804,1.2276604,1.8932801,0,0,3.7902399
4451,96,277,39,1d3g_ORO_A_399,4,gnina,0.49748121,1.2275525,1.8932801,0,0.16362501,1.9915786
4452,97,5842,834,2y00_Y00_A_601,4,gnina,0.64112627,1.2803783,1.8845327,0,0.95648764,4.6735275
4453,97,6577,939,3u3o_3QV_A_297,4,gnina,0.60057151,1.2706523,1.8845327,0,1.4433102e-05,2.0358462
4454,97,39,5,1ac4_TMT_A_296,4,gnina,0.59663275,1.2678426,1.8845327,0,0.95959659,1.4505376
4455,97,9426,1346,4n4j_HG1_A_605,4,gnina,0.61753008,1.267396,1.9282416,0,0.34090253,2.2123981
4456,97,375,53,1dpm_EBP_B_903,4,gnina,0.5952965,1.2670861,1.8845327,0,7.1840838e-10,2.7964525
4457,97,361,51,1dpm_EBP_A_901,4,gnina,0.59468985,1.2665458,1.8845327,0,5.190402e-06,2.6702813
4458,97,2608,372,1sz6_NAG_B_5002,4,gnina,0.59001402,1.2647086,1.8845327,0,2.1621625e-05,2.0338941
4459,97,487,69,1eyw_PEL_A_404,4,gnina,0.58928768,1.2642763,1.8845327,0,0.15232892,1.6115583
4460,97,1824,260,1mmx_FUC_A_348,4,gnina,0.58528824,1.2623311,1.8845327,0,0.0014398473,1.8390554
4461,97,3252,464,1xny_BTN_A_5602,4,gnina,0.58319245,1.2612505,1.8845327,0,0.03052433,3.6234059
4462,97,12975,1853,5lqs_NTM_A_302,4,gnina,0.57894186,1.2586569,1.8845327,0,0.0046690651,1.8444439
4463,97,8460,1208,4ghf_4NC_C_402,4,gnina,0.57831471,1.2582246,1.8845327,0,0.002341934,5.5800991
4464,97,81,11,1aj8_CIT_B_2000,4,gnina,0.57799194,1.2579004,1.8845327,0,0.96574497,3.5601769
4465,97,2601,371,1sz6_NAG_B_5001,4,gnina,0.57437585,1.2569278,1.8845327,0,1.9886327e-06,2.0416947
4466,97,14914,2130,6c6w_TFX_A_502,4,gnina,0.5656861,1.254118,1.8845327,0,5.8058256e-09,2.3585489
4467,97,11085,1583,5aov_GLV_A_1356,4,gnina,0.58324267,1.2539659,1.9309373,0,6.9610012e-06,1.8988451
4468,97,1999,285,1nsm_GLA_B_2400,4,gnina,0.57073271,1.2537312,1.8950865,0,0.16334207,2.1255708
4469,97,16307,2329,6nsu_DYA_A_402,4,gnina,0.55553693,1.2521728,1.8845327,0,0,1.7174791
4470,97,7193,1027,3zv6_4HB_A_1277,4,gnina,0.55395372,1.2518486,1.8845327,0,0.11419696,2.0093179
4471,97,2811,401,1tuu_PIS_B_2854,4,gnina,0.55370989,1.2517406,1.8845327,0,0,2.5181381
4472,97,9972,1424,4rql_SNE_B_502,4,gnina,0.5458147,1.2480432,1.8948849,0,0.40531124,3.1921436
4473,97,16748,2392,6qol_JB5_B_301,4,gnina,0.60265433,1.242713,2.0708506,0,0.00061054468,2.1297274
4474,97,1670,238,1lo3_AN1_Y_500,4,gnina,0.6363339,1.2426578,2.1164367,0,0,2.8939417
4475,97,5009,715,2pt6_S4M_B_502,4,gnina,0.59474617,1.2422,2.0402303,0,0.98951126,6.3642084
4476,97,12796,1828,5jtt_6MY_A_902,0,surfdock,0.532872,1.24115,1.8845327,0,0,3.9764336
4477,97,8719,1245,4i4v_NGA_B_202,4,gnina,0.59543572,1.2394303,2.0618675,0,0.81798704,3.0770289
4478,97,3812,544,2bk3_FOF_A_1503,4,gnina,0.63732521,1.2372155,2.1541896,0,0.44863987,3.783067
4479,97,6234,890,3qss_MTG_B_405,4,gnina,0.59095998,1.2369642,2.0641894,0,0.90286485,1.9443086
4480,97,1698,242,1lro_PEP_A_1268,4,gnina,0.59166823,1.2358464,2.0750651,0,0.46288175,1.9731032
4481,97,6654,950,3vbn_TYD_C_301,4,gnina,0.54263357,1.234786,1.965178,0,0.016022185,5.4816702
4482,97,424,60,1e5f_PLP_A_405,4,gnina,0.50687946,1.2335853,1.8845327,0,0,3.7248011
4483,97,431,61,1e5f_PLP_B_405,4,gnina,0.50505562,1.2334772,1.8845327,0,0.99235377,3.1050375
4484,97,151,21,1axg_ETF_D_404,4,gnina,0.60125473,1.2301035,2.1513956,0,0.96158857,10.188681
4485,97,13136,1876,5n5k_8NW_A_307,4,gnina,0.50861266,1.2285164,1.9176837,0,0.52232736,2.8941852
4486,97,3819,545,2bk3_FOF_B_1498,4,gnina,0.59925837,1.2280177,2.1541896,0,0.64327053,3.7108719
4487,97,2069,295,1o2i_655_A_246,4,gnina,0.50029343,1.2269932,1.8845327,0,0.88124563,3.9086456
4488,97,15985,2283,6m5m_NAG_B_202,4,gnina,0.5856806,1.2262291,2.1195924,0,0.84963001,2.0535527
4489,97,4848,692,2nz5_226_B_432,4,gnina,0.50006234,1.2251561,1.8845327,0,0.0042822825,2.2594076
4490,97,1915,273,1nf0_13P_A_5001,4,gnina,0.49989943,1.2236431,1.8845327,0,0.81037383,2.6568177
4491,97,5933,847,2z48_A2G_A_1005,4,gnina,0.49961921,1.2210495,1.8845327,0,0.92433055,3.3525428
4492,97,2153,307,1p7c_THM_B_501,4,gnina,0.49959309,1.2208334,1.8845327,0,0.98697997,3.5099759
4493,97,11701,1671,5eo8_TFU_A_403,4,gnina,0.49949723,1.2199689,1.8845327,0,0.97962171,1.5438611
4494,97,1593,227,1kwu_MMA_A_501,4,gnina,0.58189765,1.2196403,2.1514473,0,0.88014446,1.8474113
4495,97,8705,1243,4i4v_NGA_A_201,4,gnina,0.57902154,1.2193243,2.1422026,0,0.9838492,3.183956
4496,97,130,18,1axg_ETF_A_404,4,gnina,0.58110674,1.2185506,2.1538873,0,0.92941759,2.8769368
4497,97,6647,949,3vbn_TYD_A_301,4,gnina,0.53689664,1.2181078,2.0673385,0,0.59744717,5.7968827
4498,97,5520,788,2vzu_PNJ_B_1904,4,gnina,0.60853065,1.2180023,2.2464752,0,0.80974869,6.7813958
4499,97,15012,2144,6dyt_F0G_A_503,4,gnina,0.50003629,1.2168162,1.9356958,0,0.86130837,4.8818526
4500,97,10644,1520,4z6p_DHY_C_403,4,gnina,0.49903595,1.2162946,1.8845327,0,0.99711357,9.150277
4501,97,5982,854,2z48_NGA_B_2003,4,gnina,0.49903261,1.2161865,1.8845327,0,0.70372509,2.6069494
4502,98,6262,894,3qxx_8AC_A_221,4,gnina,0.64041648,1.2773817,1.8811724,0,5.5505065e-07,2.7709455
4503,98,8061,1151,4dch_GLC_A_501,4,gnina,0.60457254,1.2685954,1.8811724,0,0.96669289,1.7665904
4504,98,5464,780,2vjb_CCD_A_1540,4,gnina,0.59830351,1.2664259,1.8811724,0,0.00042257663,2.6888473
4505,98,6626,946,3v1v_GST_A_511,4,gnina,0.59233929,1.2638225,1.8811724,0,0.22847236,4.8615349
4506,98,12835,1833,5kcp_PFB_A_378,4,gnina,0.59203349,1.2637141,1.8811724,0,0.96436567,2.8168902
4507,98,4526,646,2i1v_F6P_B_720,4,gnina,0.58508114,1.2605683,1.8811724,0,0,2.613236
4508,98,8313,1187,4ekr_0R0_A_203,4,gnina,0.58198182,1.2595921,1.8811724,0,0,1.4211055
4509,98,704,100,1gim_HDA_A_438,4,gnina,0.587006,1.2577186,1.9050655,0,0.72330822,1.6614125
4510,98,2930,418,1uxi_FUM_A_1311,4,gnina,0.56786361,1.255687,1.8811724,0,0.86098064,1.8001216
4511,98,12779,1825,5joy_6LW_A_602,4,gnina,0.59174881,1.251547,1.9570218,0,3.3946291e-05,2.44784
4512,98,242,34,1cib_HDA_A_437,4,gnina,0.57593737,1.2468833,1.9483727,0,0.95844255,1.614498
4513,98,10318,1474,4wmz_TPF_A_602,0,surfdock,0.53307738,1.2442431,1.8811724,0,0,3.7242461
4514,98,6584,940,3uu7_2OH_A_1,4,gnina,0.50745573,1.2348033,1.8856701,0,0.98734571,2.5668337
4515,98,6591,941,3uu7_2OH_B_1,4,gnina,0.5074297,1.2346949,1.8856701,0,0.9849778,2.4361127
4516,98,12212,1744,5hc0_NPO_A_407,4,gnina,0.58444631,1.2325081,2.0598154,0,0,1.5035544
4517,98,11078,1582,5aov_GLV_A_1336,4,gnina,0.572122,1.2318127,2.0412705,0,0,1.4018824
4518,98,17714,2530,7bp1_CAQ_A_401,4,gnina,0.50694171,1.2314975,1.8811724,0,0.99656832,3.5126694
4519,98,10595,1513,4ywd_NTM_A_704,4,gnina,0.58561508,1.2297223,2.0825179,0,0.00082228475,2.3954784
4520,98,8187,1169,4dwv_PFB_B_378,4,gnina,0.50665898,1.229545,1.8811724,0,0.96671165,2.2450861
4521,98,10210,1458,4ur9_BK9_B_1717,4,gnina,0.61138607,1.2294983,2.1582334,0,0.0015978673,3.5565412
4522,98,8180,1168,4dwv_PFB_A_378,4,gnina,0.50638331,1.2273755,1.8811724,0,0.95270841,2.0129166
4523,98,8999,1285,4jzx_476_A_402,4,gnina,0.50620499,1.2257484,1.8811724,0,0.94457069,4.0413793
4524,98,9013,1287,4jzx_IPE_B_401,4,gnina,0.50584981,1.2232535,1.8811724,0,2.6341609e-09,2.8897138
4525,98,17728,2532,7bp1_CAQ_D_401,4,gnina,0.5057102,1.2223857,1.8811724,0,0,3.6616311
4526,98,10140,1448,4ug6_H4B_A_902,4,gnina,0.61979493,1.2208432,2.2259746,0,1.4144579e-07,2.1095587
4527,98,5492,784,2vmg_MBG_A_1179,4,gnina,0.50485908,1.2176129,1.8811724,0,0.93324889,2.1984375
4528,98,5709,815,2xhk_AKG_A_519,4,gnina,0.57296333,1.2147872,2.1563325,0,0.00030766263,1.7927736
4529,98,12751,1821,5jg5_EVF_B_302,4,gnina,0.60495226,1.2125218,2.2527924,0,0.39567733,2.0392324
4530,98,14816,2116,6ayv_F6P_B_401,4,gnina,0.59861234,1.2118546,2.2407854,0,0.82597896,3.966273
4531,98,10714,1530,4zdz_TPF_A_602,4,gnina,0.60600766,1.2068106,2.298116,0,2.6890642e-05,3.4420669
4532,98,12842,1834,5kcp_PFB_A_379,4,gnina,0.50454106,1.2053156,1.9487127,0,0.010325126,3.969758
4533,98,32,4,1a59_CIT_A_379,4,gnina,0.57947998,1.2051486,2.2368588,0,0,3.0711551
4534,98,557,79,1fqo_F6R_B_2268,4,gnina,0.49995925,1.2030775,1.8811724,0,0.8639032,3.130363
4535,98,550,78,1fqo_F6R_A_1268,4,gnina,0.49841909,1.2013419,1.8811724,0,0.30529828,3.1454778
4536,98,15614,2230,6ijn_6MZ_A_401,4,gnina,0.50091112,1.2000216,1.9168112,0,0,5.7097685
4537,98,14312,2044,5y7a_KYN_A_502,4,gnina,0.49528453,1.1992809,1.8811724,0,0.74610367,2.5530614
4538,98,14809,2115,6ayv_F6P_A_401,4,gnina,0.54684877,1.1972972,2.2402408,0,0.98057571,2.643009
4539,98,3140,448,1x09_IPE_A_902,4,gnina,0.49344474,1.1972199,1.8811724,0,1.4298886e-05,2.3673318
4540,98,10602,1514,4z1d_PEP_B_300,4,gnina,0.49014695,1.1952674,1.8811724,0,0.04670795,1.8748734
4541,98,12856,1836,5kcp_PFB_B_379,4,gnina,0.49488107,1.1946234,1.9096602,0,0.14157073,2.3108665
4542,98,10546,1506,4ynu_LGC_A_603,4,gnina,0.48298307,1.1914708,1.8811724,0,2.5022509e-07,1.9269279
4543,98,14242,2034,5xmq_PLG_C_501,4,gnina,0.50661643,1.191076,2.1352465,0,0.89712726,4.7933541
4544,98,17161,2451,6t07_M45_B_601,4,gnina,0.48190506,1.1896268,1.8811724,0,0.00017573677,2.1462824
4545,98,10266,1466,4v36_LYN_A_1851,4,gnina,0.48189383,1.1888675,1.8811724,0,2.1146423e-09,2.6581059
4546,98,13850,1978,5v7y_AKG_B_302,4,gnina,0.55650126,1.1862036,2.3420041,0,0.00034394334,2.3910362
4547,98,9293,1327,4ma8_Z80_C_301,4,gnina,0.48483389,1.1852614,1.9281187,0,8.2069673e-07,3.1229275
4548,98,3623,517,2a5t_GLY_A_1001,4,gnina,0.48189383,1.1849624,1.8811724,0,0,1.7062074
4549,98,5611,801,2wj4_HQD_A_1281,4,gnina,0.48189383,1.1849624,1.8811724,0,0.98940949,3.2142797
4550,98,12177,1739,5h8q_GLY_B_301,4,gnina,0.48189383,1.1849624,1.8811724,0,0,1.9811117
4551,98,14011,2001,5w5t_9X7_D_508,4,gnina,0.48189383,1.1849624,1.8811724,0,0.0020690356,63.152983
4552,99,15719,2245,6jx9_CQC_A_501,4,gnina,0.61395006,1.2667407,1.8757753,0,0.030228069,4.1697231
4553,99,5723,817,2xmi_FLC_A_1379,4,gnina,0.60793727,1.2649986,1.8757753,0,0.0093724617,2.0739271
4554,99,4750,678,2nos_AGU_A_903,4,gnina,0.5799549,1.257159,1.8757753,0,0.00029350186,1.4645331
4555,99,1138,162,1i8a_BGC_A_189,4,gnina,0.57225617,1.2563968,1.8757753,0,0.014920795,1.5714013
4556,99,15691,2241,6jmd_ORO_A_402,4,gnina,0.55325422,1.2554169,1.8757753,0,0.97213268,3.5923433
4557,99,15705,2243,6jme_ORO_A_402,4,gnina,0.54602477,1.2542192,1.8757753,0,6.2110735e-05,2.1174152
4558,99,15425,2203,6h8p_OGA_A_504,4,gnina,0.58353127,1.2538589,1.9005023,0,0,2.2460099
4559,99,12814,1830,5kas_PC_A_517,4,gnina,0.59436648,1.2479839,1.954146,0,0,2.1010628
4560,99,7658,1094,4can_M7K_B_800,0,surfdock,0.53386687,1.2461619,1.8757753,0,0,3.069955
4561,99,648,92,1g79_PLP_A_260,4,gnina,0.57394008,1.246154,1.9417282,0,0.0047690718,2.8855782
4562,99,7651,1093,4can_M7K_A_800,0,surfdock,0.53386687,1.2442029,1.8881168,0,0,3.1265138
4563,99,8768,1252,4i6y_MEV_A_501,4,gnina,0.61561957,1.2428063,2.031136,0,0.00099556579,2.4189412
4564,99,543,77,1fp2_HMO_A_2000,4,gnina,0.58467209,1.2423579,1.9750338,0,3.7590801e-09,2.840696
4565,99,7410,1058,4al9_GLA_B_1123,4,gnina,0.51312303,1.2386673,1.8770362,0,0.9964365,2.0605786
4566,99,1579,225,1kuj_MMA_G_504,4,gnina,0.61067398,1.2336062,2.0790133,0,0.99545417,2.296349
4567,99,12394,1770,5i9m_69K_A_302,4,gnina,0.62443806,1.2316898,2.1355882,0,0.42843656,3.9847499
4568,99,13752,1964,5uio_LG3_B_201,4,gnina,0.53475015,1.2311527,2.0010695,0,0.99255094,2.4132273
4569,99,7431,1061,4al9_GLA_E_1123,4,gnina,0.51161238,1.2294138,1.8770362,0,0.99723239,2.0316281
4570,99,11155,1593,5bkd_AKG_A_502,4,gnina,0.51159862,1.2293939,1.8757753,0,0.62261497,2.1932004
4571,99,12408,1772,5i9m_69K_C_302,4,gnina,0.62461759,1.2287842,2.1565995,0,0.98740314,2.9328666
4572,99,2146,306,1p5g_G6P_X_658,4,gnina,0.51093688,1.2259097,1.8757753,0,5.5856306e-07,2.9355329
4573,99,5100,728,2qcx_PF1_A_300,4,gnina,0.61548361,1.2221919,2.1671104,0,0.35760892,2.754275
4574,99,2776,396,1toq_AMG_E_503,4,gnina,0.60619563,1.2205772,2.1609292,0,0.9941913,2.462078
4575,99,15432,2204,6hgl_TES_A_401,4,gnina,0.50959342,1.2192679,1.8757753,0,0.99569856,2.002373
4576,99,4232,604,2fhn_BNI_X_501,4,gnina,0.50880672,1.2167636,1.8757753,0,0.98984509,4.8506738
4577,99,11162,1594,5bkd_AKG_B_502,4,gnina,0.50857781,1.2160014,1.8757753,0,0.58856697,2.2807517
4578,99,5660,808,2x05_X05_A_1900,4,gnina,0.54584848,1.21572,2.1258876,0,0.53919631,5.9403016
4579,99,5422,774,2v32_BEZ_D_1221,4,gnina,0.50826164,1.2152392,1.8757753,0,0.65370823,2.2081267
4580,99,2769,395,1toq_AMG_C_502,4,gnina,0.58837389,1.2152168,2.1609292,0,0.99230432,2.4337513
4581,99,12933,1847,5l7u_NGA_B_601,4,gnina,0.50807508,1.2151303,1.8757753,0,0.9776628,3.2731983
4582,99,7438,1062,4al9_GLA_G_1123,4,gnina,0.50798651,1.214717,1.8770362,0,0.99563934,2.3263524
4583,99,10049,1435,4u2a_A2G_A_303,4,gnina,0.62664456,1.2063282,2.3182619,0,0.98926857,1.9840961
4584,99,7417,1059,4al9_GLA_C_1123,4,gnina,0.50358474,1.2054635,1.8770362,0,0.99489451,2.4441147
4585,99,7403,1057,4al9_GLA_A_1123,4,gnina,0.50347939,1.2053546,1.8770362,0,0.99731625,2.0886162
4586,99,15418,2202,6gqk_F88_B_1001,4,gnina,0.51187866,1.2032329,2.0603566,0,0.9209999,8.1362973
4587,99,7424,1060,4al9_GLA_D_1123,4,gnina,0.49821781,1.2024152,1.8770362,0,0.9948591,2.0961933
4588,99,5205,743,2qvr_CIT_A_335,4,gnina,0.4931567,1.1999956,1.8757753,0,0.027459647,2.1250304
4589,99,2076,296,1o68_KIV_A_275,4,gnina,0.51130902,1.1981536,2.0710266,0,0.27572336,3.0185568
4590,99,13283,1897,5o72_9MH_A_303,4,gnina,0.50736487,1.1968631,1.9823012,0,2.3224154e-10,4.2975974
4591,99,1607,229,1kwu_MMA_C_701,4,gnina,0.59212917,1.1953787,2.3057613,0,0.88839844,1.9116484
4592,99,7109,1015,3wxo_NIZ_A_802,4,gnina,0.60043215,1.1952965,2.3219185,0,0.053818481,3.1611157
4593,99,1600,228,1kwu_MMA_B_601,4,gnina,0.59167698,1.1951721,2.3057613,0,0.93648164,1.8807873
4594,99,13458,1922,5tch_MLI_B_501,4,gnina,0.51335116,1.1932266,2.1860373,0,0.049081611,8.0502067
4595,99,4925,703,2okk_ABU_A_585,4,gnina,0.47160346,1.1918294,1.8757753,0,3.3406161e-07,1.9203717
4596,99,9195,1313,4lo1_GAL_B_301,4,gnina,0.60421653,1.1915765,2.3607309,0,0.74117009,2.3403595
4597,99,16790,2398,6qrn_RIP_A_500,4,gnina,0.47080561,1.191285,1.8757753,0,0.97174706,1.3147044
4598,99,10756,1536,4zo7_BGC_A_805,4,gnina,0.47076239,1.1911761,1.8757753,0,6.2179074e-07,3.321725
4599,99,8698,1242,4i0g_1B9_A_504,4,gnina,0.4782323,1.1881256,1.916063,0,0.052870756,4.3231184
4600,99,10833,1547,4zu3_4SD_E_301,4,gnina,0.51072928,1.1877287,2.1201599,0,0.90159167,4.307259
4601,99,10840,1548,4zu3_4SD_F_301,4,gnina,0.51040605,1.1870198,2.1148102,0,0.87708507,3.1744575
4602,100,15911,2273,6l8a_BAL_D_507,0,surfdock,0.68103401,1.3484577,1.9335268,0,0.99811306,2.0140837
4603,100,4820,688,2nu7_COA_B_1325,4,gnina,0.64548574,1.2680415,1.8755791,0,2.279036e-08,6.5098415
4604,100,2314,330,1pzy_NAG_B_405,4,gnina,0.62968735,1.2626115,1.877394,0,0.98877682,2.7099022
4605,100,12016,1716,5g44_SWX_A_1511,4,gnina,0.66421678,1.2597465,1.9578673,0,2.076966e-06,2.0348691
4606,100,2321,331,1pzy_NAG_D_406,4,gnina,0.60419177,1.258787,1.877394,0,0.95472897,2.6655535
4607,100,15918,2274,6l8a_BAL_E_503,0,surfdock,0.62639722,1.2560052,1.9138213,0,0.07984342,2.0054214
4608,100,16069,2295,6mry_FLC_K_101,4,gnina,0.55053355,1.2537238,1.8755791,0,0.0094543097,2.2399625
4609,100,9667,1381,4p8c_Y22_A_502,0,surfdock,0.53390196,1.2469476,1.8755791,0,0.99552788,4.3281265
4610,100,13321,1903,5oew_9TE_C_301,0,surfdock,0.53390196,1.2469476,1.8755791,0,0.75081606,3.3578079
4611,100,17756,2536,7cne_SIN_A_402,4,gnina,0.53711286,1.2467916,1.9040012,0,0.032297775,1.5021689
4612,100,8474,1210,4gim_PSU_A_400,4,gnina,0.60798395,1.2445249,1.9687499,0,0.22835766,3.8927796
4613,100,1943,277,1nmm_NAG_B_403,4,gnina,0.63297031,1.2427909,2.008363,0,0.99266223,2.7060682
4614,100,1950,278,1nmm_NAG_D_527,4,gnina,0.63143726,1.2422535,2.008363,0,0.97613541,2.6617086
4615,100,2391,341,1qxa_GLY_B_245,4,gnina,0.54662208,1.2420022,1.9419801,0,0,3.479631
4616,100,5058,722,2qab_EI1_A_1,4,gnina,0.52194462,1.2401713,1.8755791,0,0.97449855,5.4215955
4617,100,5065,723,2qab_EI1_B_1,4,gnina,0.52183624,1.2398434,1.8755791,0,0.23240095,4.9076606
4618,100,4764,680,2npq_BOG_A_2000,4,gnina,0.6580004,1.2389628,2.0801816,0,0,4.3949989
4619,100,13892,1984,5vl0_BNF_D_404,4,gnina,0.68376767,1.2375342,2.6782086,0,0.87436639,3.7250975
4620,100,9832,1404,4qpe_37E_A_901,4,gnina,0.52143757,1.2367831,1.8755791,0,0.63849856,3.3490291
4621,100,12226,1746,5hfa_FP1_A_608,4,gnina,0.68454795,1.2365371,2.6878538,0,0.022337836,3.0239866
4622,100,13885,1983,5vl0_BNF_A_404,4,gnina,0.68028085,1.2302182,2.7166371,0,0.73291573,3.7520729
4623,100,1404,200,1jtk_THU_A_138,4,gnina,0.66388984,1.2279601,2.1649871,0,0.97278509,2.6432747
4624,100,12219,1745,5hfa_FP1_A_607,4,gnina,0.68569193,1.2278625,2.7554212,0,0.0012453548,2.6795277
4625,100,12233,1747,5hfa_FP1_B_609,4,gnina,0.68315672,1.2270737,2.7554212,0,0.0016849908,3.0958827
4626,100,13150,1878,5n63_8OW_A_401,4,gnina,0.51923627,1.2222992,1.8969321,0,0.98429197,5.7278783
4627,100,15152,2164,6f76_CVK_F_203,4,gnina,0.67538674,1.2219407,2.3035576,0,0.21977916,5.6732053
4628,100,16601,2371,6ps7_ZMA_A_1201,4,gnina,0.66820759,1.2216697,2.2128973,0,2.6371419e-05,4.4335977
4629,100,16020,2288,6md2_GW9_A_501,4,gnina,0.51975104,1.2215285,1.9201295,0,3.7605267e-07,2.6978726
4630,101,3294,470,1y8j_STS_A_900,4,gnina,0.53910355,1.2535412,1.8757361,0,0,3.5063322
4631,101,7711,1101,4cju_JNS_B_1214,4,gnina,0.67797344,1.2436187,2.1879826,0,0.99408154,3.0164537
4632,101,12345,1763,5i5s_NVU_B_402,4,gnina,0.52683316,1.2421504,1.8757361,0,0.00035780691,2.1824575
4633,101,16377,2339,6ock_9KL_A_602,4,gnina,0.52667244,1.2397418,1.8840162,0,0.00010056827,3.0397401
4634,101,8509,1215,4gy9_ZIP_A_201,4,gnina,0.52650854,1.2363513,1.8992575,0,0.67768399,2.1198505
4635,101,15915,2273,6l8a_BAL_D_507,4,gnina,0.63282677,1.2352377,2.0658393,0,0.20411744,8.1227891
4636,101,3098,442,1wc7_PP3_A_1214,4,gnina,0.64146281,1.232648,2.1020529,0,9.453789e-06,5.1801009
4637,101,16184,2312,6ng5_KMD_B_803,0,surfdock,0.53485647,1.2263334,2.0206988,0,0,3.8154047
4638,101,17637,2519,6yaw_P9H_A_301,4,gnina,0.66010718,1.224518,2.1874564,0,0.19766221,11.718637
4639,101,15922,2274,6l8a_BAL_E_503,4,gnina,0.59890964,1.2235084,2.1119306,0,0.53487891,8.0506256
4640,101,12338,1762,5i5s_NVU_A_402,4,gnina,0.52073716,1.2201353,1.8757361,0,0.77987337,2.1383086
4641,101,8929,1275,4j4b_0TF_B_301,4,gnina,0.522697,1.2183833,1.9123163,0,0.94029711,4.7200186
4642,101,9447,1349,4n94_2HO_A_401,4,gnina,0.68595163,1.2165486,2.8433952,0,0.005013606,2.3359697
4643,101,8922,1274,4j4b_0TF_A_904,4,gnina,0.52281138,1.2163882,1.9280677,0,0.8492999,5.1780007
4644,101,1068,152,1h8p_PC_B_1111,4,gnina,0.64975891,1.2157332,2.2333817,0,0.00013547327,1.8082958
4645,101,3574,510,1zwp_NIM_A_401,4,gnina,0.51824795,1.2155352,1.8757361,0,0.00024279211,3.3769507
4646,101,4610,658,2ipf_FFA_B_4,4,gnina,0.6383912,1.214372,2.2173886,0,0.87675954,2.455118
4647,101,11071,1581,5ahn_IMP_A_1468,4,gnina,0.51693534,1.2133446,1.8757361,0,0.033553405,4.3115086
4648,101,9461,1351,4n9v_AZA_A_402,4,gnina,0.51657328,1.2131256,1.8757361,0,5.1500805e-07,1.5036008
4649,101,1061,151,1h8p_PC_A_1111,4,gnina,0.62591374,1.2125179,2.2091434,0,4.3345933e-06,1.7896995
4650,101,12737,1819,5jfx_6K4_A_4000,4,gnina,0.51548362,1.2120303,1.8757361,0,0,9.0303243
4651,101,6633,947,3v7u_MTA_A_301,4,gnina,0.5153873,1.2119208,1.8757361,0,0.18004913,3.5624839
4652,101,7984,1140,4d0z_BBK_E_1584,4,gnina,0.51172126,1.2099493,1.8757361,0,0.00011604205,95.4585
4653,101,15607,2229,6i6r_H62_A_704,4,gnina,0.51025288,1.2095112,1.8757361,0,0.7033315,3.1400689
4654,101,10115,1445,4uch_OLW_B_800,0,surfdock,0.53485647,1.2079165,2.1442459,0,0,3.3878982
4655,101,15369,2195,6g5q_EMZ_A_401,4,gnina,0.52286946,1.2072859,1.9885172,0,1.4772679e-09,3.1984421
4656,101,3882,554,2c3d_COM_A_1526,4,gnina,0.5231068,1.2071161,1.9910748,0,2.6327133e-05,2.4282602
4657,101,11603,1657,5edh_5MF_C_803,4,gnina,0.5256482,1.2066913,2.0636196,0,0.99538012,6.4603533
4658,101,3889,555,2c3d_COM_B_1525,4,gnina,0.52279023,1.2063155,1.9928079,0,0.016208887,2.2784401
4659,101,3007,429,1vl1_CIT_A_300,4,gnina,0.49996281,1.204692,1.8757361,0,0.048999102,2.4360782
4660,101,16370,2338,6ock_9KL_A_601,4,gnina,0.4991917,1.2040348,1.8757361,0,0,3.3604691
4661,101,4673,667,2j5b_TYE_B_1338,4,gnina,0.49312783,1.2033776,1.8757361,0,0.53486462,2.5872255
4662,101,1418,202,1jw0_GUA_B_999,4,gnina,0.62293151,1.2021729,2.2770789,0,0.9406064,2.1877495
4663,101,11183,1597,5bwr_4VT_A_402,4,gnina,0.48679463,1.200749,1.8757361,0,1.7144744e-08,3.5663891
4664,101,15376,2196,6g5q_EMZ_B_402,4,gnina,0.52074792,1.1957105,2.037199,0,0.99190876,2.4961353
4665,101,8250,1178,4e9z_651_A_301,4,gnina,0.52737518,1.1956912,2.1952181,0,0.2014575,2.4657273
4666,101,1022,146,1h69_ARH_C_1275,0,surfdock,0.53485647,1.194126,2.2401614,0,0,3.4816126
4667,101,16055,2293,6mry_FLC_C_102,4,gnina,0.49972271,1.1939219,1.9457169,0,0.96441395,2.3356227
4668,101,1015,145,1h69_ARH_B_1275,0,surfdock,0.53485647,1.1927258,2.2500691,0,0,3.5616722
4669,101,1008,144,1h69_ARH_A_1275,0,surfdock,0.53485647,1.1923258,2.2529051,0,0,3.5700642
4670,101,15236,2176,6fld_NAG_A_603,4,gnina,0.65241492,1.1882155,2.4361744,0,3.643899e-10,2.4996145
4671,101,2496,356,1s2c_FLF_A_2002,4,gnina,0.64775044,1.1880688,2.4281864,0,0.045958932,2.9691558
4672,101,14613,2087,5zge_ZZ7_B_302,4,gnina,0.63459083,1.1865168,2.406378,0,0.95815713,4.560066
4673,101,12422,1774,5iav_MLI_B_302,4,gnina,0.49119642,1.1850949,1.9918115,0,0,1.7776187
4674,101,9391,1341,4mr8_2BW_A_507,4,gnina,0.65853204,1.184514,2.4704728,0,0.00041973873,3.3471246
4675,101,13402,1914,5r9u_JMM_A_401,4,gnina,0.52555366,1.1837841,2.2176137,0,0.94836922,2.1525923
4676,101,14620,2088,5zgr_ZZ7_A_303,4,gnina,0.61702036,1.1831274,2.406378,0,0.96568782,4.7907153
4677,101,6066,866,2zm9_ACA_A_501,4,gnina,0.6803845,1.1826512,3.1056566,0,9.5734583e-11,5.1003806
4678,101,14606,2086,5zge_ZZ7_A_301,4,gnina,0.62160119,1.1823052,2.4192717,0,0.96338292,5.9089397
4679,101,3000,428,1vkf_CIT_D_503,4,gnina,0.58542258,1.1820445,2.4007266,0,7.6385723e-06,2.6443028
4680,102,12142,1734,5h5k_C5P_A_206,4,gnina,0.66379637,1.2754691,1.8748195,0,0.54945172,3.8242975
4681,102,14753,2107,6a6s_FSA_A_502,4,gnina,0.6592095,1.2741497,1.8748195,0,4.2923524e-06,2.428519
4682,102,1929,275,1ngp_NPA_H_302,4,gnina,0.65183447,1.2726105,1.8748195,0,0.79716352,2.0821014
4683,102,1971,281,1nrg_PLP_A_320,4,gnina,0.64311368,1.2696965,1.8819259,0,0.00033097656,2.3689696
4684,102,12149,1735,5h5k_C5P_B_203,4,gnina,0.61631296,1.265684,1.8748195,0,0.50518412,3.4946386
4685,102,15190,2170,6fa1_D2Z_B_203,0,surfdock,0.53457187,1.2494329,1.8839725,0,0.13906551,3.6498885
4686,102,17644,2520,6yk5_PVK_A_312,4,gnina,0.52811408,1.2449044,1.8748195,0,0.99743363,2.4909616
4687,102,17651,2521,6yk6_OUB_A_311,4,gnina,0.52793026,1.2442448,1.8748195,0,0.99473959,2.9824299
4688,102,11323,1617,5clo_NS8_M_101,4,gnina,0.67092889,1.2430406,2.1100144,0,0.0062618977,2.3331127
4689,102,2384,340,1qmh_CIT_B_401,4,gnina,0.57000348,1.2414057,1.9957016,0,0.04615932,2.3776966
4690,102,15197,2171,6fa1_D2Z_F_203,0,surfdock,0.53457187,1.2321489,1.9942863,0,0.07383777,3.5673856
4691,102,12289,1755,5htd_MYR_A_201,4,gnina,0.52478831,1.2307216,1.8748195,0,0.0010852526,3.6934443
4692,102,9979,1425,4rvg_TYD_A_502,4,gnina,0.52319041,1.2263238,1.8748195,0,0.94773118,5.1706767
4693,102,17266,2466,6tgi_N8Z_B_508,4,gnina,0.52813303,1.225564,1.9994597,0,0.019028467,2.72215
4694,102,14018,2002,5w7b_MYR_B_208,4,gnina,0.52503168,1.2251598,1.9131448,0,4.7302411e-11,5.8724364
4695,102,5877,839,2yi6_6QM_A_1225,4,gnina,0.52271569,1.2251144,1.8748195,0,0.00028484779,5.09556
4696,102,3084,440,1w55_GPP_A_1374,4,gnina,0.5459728,1.2238753,2.0881975,0,8.7802426e-08,4.0859594
4697,102,11365,1623,5d8u_0N8_A_203,4,gnina,0.52132025,1.2232453,1.8748195,0,2.3288307e-08,3.6876431
4698,102,13269,1895,5o4j_PJL_A_304,4,gnina,0.61809965,1.2222714,2.1635971,0,7.6158928e-05,2.9409359
4699,102,4050,578,2e40_LGC_A_1001,4,gnina,0.51960042,1.2208265,1.8748195,0,0.037004959,3.059255
4700,102,15551,2221,6hpx_GKQ_A_205,4,gnina,0.51900253,1.2193972,1.8748195,0,5.2846481e-12,4.8539609
4701,102,17259,2465,6tgi_N8Z_A_508,4,gnina,0.52747055,1.2186793,2.0241458,0,0.018848965,2.2820367
4702,102,17021,2431,6s9g_L1Q_A_306,4,gnina,0.51719678,1.2168685,1.8748195,0,0.0021964177,2.2769825
4703,102,13122,1874,5mot_HBD_A_402,4,gnina,0.5159981,1.2156591,1.8748195,0,6.188253e-05,1.6061502
4704,102,6374,910,3rsc_TYD_B_397,4,gnina,0.51618123,1.2085744,1.9221241,0,0.95954458,4.9946286
4705,102,16146,2306,6nba_P1T_C_501,4,gnina,0.5253675,1.2073226,2.0380328,0,0.98811926,6.854348
4706,102,15183,2169,6fa1_D2Z_A_203,0,surfdock,0.53457187,1.1992555,2.2162132,0,0.0022376178,3.3110667
4707,102,2818,402,1tvw_UMP_A_317,4,gnina,0.52699157,1.197626,2.1513562,0,0.087126514,3.7059902
4708,102,11645,1663,5eo7_SFU_B_402,4,gnina,0.52424818,1.1929887,2.1128166,0,0.99336824,2.5026177
4709,102,17087,2441,6sxr_KHP_A_513,0,surfdock,0.53457187,1.1923372,2.2650177,0,0,3.2260952
4710,102,6731,961,3vnm_SDD_B_301,4,gnina,0.57183312,1.1923185,2.3320332,0,0,4.3401867
4711,102,3994,570,2cxp_A5P_B_2601,4,gnina,0.52768673,1.1891056,2.2346752,0,0,3.5207276
4712,102,7970,1138,4d06_X8W_B_301,4,gnina,0.5278196,1.1868343,2.2567935,0,0.0011293498,5.1327611
4713,102,14711,2101,6a2n_UMP_A_703,4,gnina,0.52450944,1.1847446,2.1760824,0,0.98396917,4.7733843
4714,102,14718,2102,6a2n_UMP_B_703,4,gnina,0.5236176,1.1839139,2.1655436,0,0.98224664,4.7746679
4715,102,17084,2440,6sxr_KHP_A_507,4,gnina,0.59038403,1.1829197,2.4050725,0,0.94253946,3.7867757
4716,102,12443,1777,5igs_GMP_A_403,4,gnina,0.52404457,1.1815824,2.1864259,0,0.99104438,3.2234797
4717,102,1649,235,1ldo_SNR_A_150,4,gnina,0.48599459,1.1803669,1.8748195,0,0,2.4836275
4718,102,4057,579,2e40_LGC_B_2001,4,gnina,0.48599459,1.1803669,1.8748195,0,0.037437316,2.270075
4719,102,4316,616,2fyd_BGC_D_530,4,gnina,0.48599459,1.1803669,1.8748195,0,0.19660342,2.5734905
4720,102,4946,706,2p1e_LAC_A_303,4,gnina,0.48599459,1.1803669,1.8748195,0,0.018681664,1.4006013
4721,102,5282,754,2r4t_GLC_A_502,4,gnina,0.48599459,1.1803669,1.8748195,0,0.97870714,1.9452048
4722,102,5338,762,2tio_BEN_A_247,4,gnina,0.48599459,1.1803669,1.8748195,0,0.99390666,1.5114085
4723,102,5926,846,2z26_DOR_A_1410,4,gnina,0.48599459,1.1803669,1.8748195,0,0,3.4147502
4724,102,6430,918,3sli_SKD_A_760,4,gnina,0.48599459,1.1803669,1.8748195,0,0.97718353,3.6644985
4725,102,6871,981,3w8x_FTK_B_601,4,gnina,0.48599459,1.1803669,1.8748195,0,0.00032069343,3.4939392
4726,102,8551,1221,4hez_1MZ_A_302,4,gnina,0.48599459,1.1803669,1.8748195,0,2.7716504e-08,1.679497
4727,102,9545,1363,4np7_DPJ_A_403,4,gnina,0.48599459,1.1803669,1.8748195,0,0.91772187,1.7613499
4728,102,13430,1918,5t6b_TMP_A_504,4,gnina,0.48599459,1.1803669,1.8748195,0,0.97096432,7.3529055
4729,102,13444,1920,5t6b_TMP_D_503,4,gnina,0.48599459,1.1803669,1.8748195,0,1.5910565e-06,5.4191233
4730,103,11995,1713,5g09_6DF_D_1476,4,gnina,0.67543825,1.2969248,2.2431235,0,0.79698222,7.8298521
4731,103,5730,818,2xoz_AMP_B_1664,4,gnina,0.59836184,1.2712977,1.8727142,0,0.22022367,1.735451
4732,103,7172,1024,3zog_A2Q_A_200,4,gnina,0.59520251,1.2664417,1.8727142,0,0.0070547844,1.4708113
4733,103,12184,1740,5h9i_XAN_A_301,4,gnina,0.59520251,1.2664417,1.8727142,0,0.97615154,1.5149688
4734,103,13521,1931,5tdt_MBN_A_504,4,gnina,0.53336354,1.2444881,1.8940914,0,5.042636e-06,9.090779
4735,103,1215,173,1itw_ICT_C_743,4,gnina,0.53180086,1.2428235,1.8727142,0,0.047695722,9.3253627
4736,103,1208,172,1itw_ICT_A_743,4,gnina,0.53072411,1.2384089,1.8727142,0,0.0010421281,9.7511921
4737,103,12898,1842,5kts_CIZ_A_402,4,gnina,0.58954808,1.2306478,2.0674067,0,0,1.6488098
4738,103,3196,456,1x8i_BMH_A_2,4,gnina,0.6708158,1.2304285,2.6915951,0,0.96709226,3.6505463
4739,103,12982,1854,5lu8_5KN_A_306,4,gnina,0.59520212,1.2212583,2.1400971,0,3.5290489e-05,2.7672973
4740,103,1978,282,1ns4_BGC_A_1400,4,gnina,0.59761795,1.2190706,2.2107012,0,0.64048264,2.0831136
4741,103,2748,392,1tl2_NDG_A_240,4,gnina,0.51160766,1.2152322,1.8727142,0,8.5012011e-05,1.9229871
4742,103,15180,2168,6f7r_CIT_A_1002,4,gnina,0.50716143,1.2137974,1.8727142,0,0.31409942,2.2882002
4743,103,10336,1476,4wqq_MAN_D_204,4,gnina,0.48973878,1.2094932,1.8727142,0,0.073111727,2.1293223
4744,103,11988,1712,5g09_6DF_C_1475,4,gnina,0.59520251,1.2060796,2.269397,0,0.81448353,7.9466749
4745,103,2671,381,1tf8_TRP_A_913,4,gnina,0.59520251,1.2045935,2.2798488,0,0.98903114,2.037163
4746,103,11981,1711,5g09_6DF_B_1474,4,gnina,0.53990582,1.1998374,2.2585647,0,0.99251462,11.22518
4747,103,10150,1450,4ug7_1EV_A_904,0,surfdock,0.53464883,1.1978514,2.233628,0,0.96100584,3.9405823
4748,103,5849,835,2y2f_YI1_A_1469,4,gnina,0.49309255,1.1905529,2.0024304,0,0.56709888,3.6295391
4749,103,9153,1307,4l80_OXL_D_402,4,gnina,0.53245294,1.1890497,2.2484782,0,0,5.0075979
4750,103,9167,1309,4l80_OXL_F_402,4,gnina,0.53184688,1.1867317,2.2484782,0,0.78572142,4.9089109
4751,103,9160,1308,4l80_OXL_E_402,4,gnina,0.53171844,1.1859941,2.2484782,0,0,10.634547
4752,103,1992,284,1nsm_GAL_A_1400,4,gnina,0.59579998,1.1838385,2.4608688,0,0.014965331,2.054871
4753,103,13360,1908,5oo4_URI_A_201,4,gnina,0.52747235,1.1821401,2.1814685,0,0.99302518,2.8622135
4754,103,1033,147,1h70_CIR_A_500,4,gnina,0.47723635,1.1815708,1.8727142,0,0.98628454,2.6072609
4755,103,4379,625,2g5v_22M_A_301,4,gnina,0.47723635,1.1815708,1.8727142,0,0.91245337,2.462844
4756,103,5310,758,2rbx_3AY_X_2001,4,gnina,0.47723635,1.1815708,1.8727142,0,0.67999946,1.4957822
4757,103,8495,1213,4gps_CIT_A_501,4,gnina,0.47723635,1.1815708,1.8727142,0,0.35115921,2.4204831
4758,103,10105,1443,4uc9_ASP_D_1300,4,gnina,0.47723635,1.1815708,1.8727142,0,3.2324417e-09,5.290726
4759,103,11974,1710,5g03_OE2_A_1263,4,gnina,0.47723635,1.1815708,1.8727142,0,0.040872468,4.608559
4760,103,14046,2006,5wcz_NOJ_A_601,4,gnina,0.47723635,1.1815708,1.8727142,0,0,4.3984839
4761,103,14823,2117,6ayv_MLI_A_409,4,gnina,0.47723635,1.1815708,1.8727142,0,0,2.1777136
4762,103,14907,2129,6c1x_DNX_A_203,4,gnina,0.47723635,1.1815708,1.8727142,0,0.97625687,1.9418892
4763,103,1124,160,1hsb_ALA_A_1001,4,gnina,0.59519976,1.1810301,2.4236383,0,4.5035936e-10,4.0967604
4764,103,6703,957,3vmg_9CA_B_2001,4,gnina,0.59520251,1.1775196,2.4766045,0,0.99351137,5.1253093
4765,103,9139,1305,4l80_OXL_B_402,4,gnina,0.52903025,1.177038,2.2484782,0,0,5.4170022
4766,103,6136,876,2zvq_1NP_X_502,4,gnina,0.47723635,1.1763768,1.9071587,0,0,1.771014
4767,103,5219,745,2qx4_ML1_B_233,4,gnina,0.5290624,1.1762122,2.2551558,0,3.1383347e-07,2.5260533
4768,103,10070,1438,4u8p_UDP_A_603,4,gnina,0.50760552,1.1714115,2.1596303,0,5.873032e-06,6.0972444
4769,103,6815,973,3w4i_8LG_B_402,4,gnina,0.61072574,1.1688167,2.5846767,0,0.010712321,3.0536373
4770,103,9468,1352,4ndn_PPK_A_406,4,gnina,0.5099762,1.164677,2.2136827,0,0.0068493319,6.0899548
4771,103,13605,1943,5u5g_7VD_A_302,4,gnina,0.50545702,1.1636684,2.2087605,0,0.4864854,2.7187395
4772,103,13612,1944,5u5g_7VD_B_302,4,gnina,0.50146092,1.162398,2.2087605,0,0.69592775,3.3438993
4773,103,2482,354,1s1f_PIM_A_431,4,gnina,0.47723635,1.1622905,2.0026705,0,6.1802859e-09,3.5201254
4774,103,2167,309,1p7l_PPK_C_684,4,gnina,0.53039868,1.1616904,2.3874664,0,0.0063636828,3.9750363
4775,103,17490,2498,6vmz_NAG_C_402,4,gnina,0.47723635,1.1595392,2.0216925,0,0.00057656782,4.060131
4776,103,46,6,1aer_TIA_B_700,4,gnina,0.59520251,1.1562477,2.6401308,0,0.19126473,2.307893
4777,103,3483,497,1zha_PEP_B_2268,4,gnina,0.47723635,1.1561086,2.0455828,0,0.025008269,2.3865343
4778,103,17483,2497,6vmz_NAG_A_402,4,gnina,0.47723635,1.1554573,2.0501404,0,0.067424982,4.1950506
4779,103,823,117,1h18_PYR_B_1001,4,gnina,0.47723635,1.1552014,2.0519328,0,0.075282129,3.3477261
4780,104,536,76,1foi_14W_B_810,4,gnina,0.52524202,1.2480387,1.8698868,0,8.0473767e-08,2.7356111
4781,104,7270,1038,4a7a_RGZ_B_601,4,gnina,0.52635717,1.2474586,1.8942524,0,0.026439241,4.5650125
4782,104,6507,929,3tky_N7I_C_369,4,gnina,0.52591224,1.2414442,1.9210334,0,4.1924649e-05,3.7686775
4783,104,3077,439,1w55_C_A_1373,4,gnina,0.52555287,1.2348903,1.9600356,0,0.95703139,3.4989802
4784,104,14459,2065,5ybq_AKG_A_302,4,gnina,0.52929885,1.2326527,2.0615547,0,0.00024023266,2.1705746
4785,104,14438,2062,5ybp_AKG_A_302,4,gnina,0.52958238,1.2321364,2.0677979,0,0.99128515,2.4136548
4786,104,8054,1150,4dch_4DC_A_502,4,gnina,0.52233691,1.231663,1.9223454,0,0.74005399,5.2030361
4787,104,5905,843,2yp6_C6W_B_1186,4,gnina,0.51817066,1.2302016,1.8698868,0,0,4.1726475
4788,104,9958,1422,4rp9_ASC_A_501,4,gnina,0.51812264,1.2165197,1.9569869,0,0.00059072088,2.054058
4789,104,11785,1683,5f79_4V7_A_4000,4,gnina,0.49136254,1.2102383,1.9035363,0,0.00021057915,6.5118084
4790,104,15943,2277,6lj7_EFR_A_301,4,gnina,0.52009327,1.209871,2.0316467,0,4.1916056e-05,2.4855355
4791,104,2755,393,1tl2_NDG_A_241,4,gnina,0.52632869,1.1923102,2.2610276,0,0.00011101267,2.6650955
4792,104,3847,549,2bs8_NAG_A_1177,4,gnina,0.50975327,1.1919549,2.0846069,0,0.53439824,1.9764814
4793,104,2734,390,1tl2_NDG_A_237,4,gnina,0.52526894,1.1900814,2.2558675,0,0.98518128,2.0308458
4794,104,599,85,1fwn_PEP_A_1268,4,gnina,0.48375635,1.1886003,1.8698868,0,0.91753597,1.957233
4795,104,3714,530,2b04_CHO_A_200,4,gnina,0.48375635,1.1886003,1.8698868,0,1.1109683e-13,5.7355556
4796,104,4120,588,2ef9_PEP_B_2268,4,gnina,0.48375635,1.1886003,1.8698868,0,0.79352428,2.5526111
4797,104,6150,878,2zyv_NPO_X_1601,4,gnina,0.48375635,1.1886003,1.8698868,0,7.123906e-06,1.5364488
4798,104,7144,1020,3zbs_OVE_A_1380,4,gnina,0.48375635,1.1886003,1.8698868,0,0.85478272,4.3390623
4799,104,7494,1070,4b5v_E8U_A_1253,4,gnina,0.48375635,1.1886003,1.8698868,0,0.012062637,2.7074288
4800,104,8733,1247,4i6s_FUC_A_102,4,gnina,0.48375635,1.1886003,1.8698868,0,0.99747072,1.5271136
4801,104,9496,1356,4ni1_2JX_A_204,4,gnina,0.48375635,1.1886003,1.8698868,0,0.029865494,1.8601706
4802,104,13101,1871,5mdh_MAK_A_335,4,gnina,0.48375635,1.1886003,1.8698868,0,0.70234831,1.8247603
4803,104,15880,2268,6l7v_3PO_A_302,4,gnina,0.48375635,1.1886003,1.8698868,0,0.51030105,2.0870932
4804,104,14326,2046,5y8k_SER_A_301,4,gnina,0.48375635,1.1869232,1.8808818,0,1.675565e-05,1.7238242
4805,104,6493,927,3tky_N7I_A_369,4,gnina,0.48375635,1.1805037,1.9233569,0,0,4.0179039
4806,104,13825,1975,5uo5_M4R_B_803,0,surfdock,0.53511299,1.1800458,2.4669886,0,0.9880854,3.9172972
4807,104,11351,1621,5cr1_STL_B_201,4,gnina,0.48375635,1.1786618,1.9356589,0,2.3943964e-07,2.3355965
4808,105,1229,175,1iwe_IMP_B_1443,4,gnina,0.52676234,1.2485074,1.8597192,0,0.011203601,4.5156244
4809,105,9370,1338,4mop_2H5_C_703,4,gnina,0.52087471,1.2398473,1.8597192,0,0.59579586,7.8134848
4810,105,9335,1333,4mog_G3F_A_802,4,gnina,0.51830019,1.2372936,1.8597192,0,0.0008515307,2.3257111
4811,105,3637,519,2a9z_26A_A_1002,4,gnina,0.52526027,1.2348781,1.927592,0,0.97359999,4.0752722
4812,105,6902,986,3wca_FPS_A_501,0,surfdock,0.61294358,1.2308173,2.1535251,0,0,4.0993361
4813,105,9937,1419,4rkz_3S4_A_402,4,gnina,0.52835516,1.2307234,1.9946797,0,0.67862861,3.6083434
4814,105,6787,969,3vqe_FMQ_B_306,4,gnina,0.53035256,1.2281613,2.0635433,0,0.0027551654,2.2842765
4815,105,5541,791,2w5t_GP9_A_1644,4,gnina,0.49735088,1.2174197,1.8597192,0,0.98853363,2.2806854
4816,105,6909,987,3wca_FPS_B_401,0,surfdock,0.53564134,1.2166391,2.1972859,0,0,4.1531931
4817,105,6923,989,3wca_FPS_D_401,0,surfdock,0.53564134,1.2150352,2.2083211,0,0,3.7972246
4818,105,6916,988,3wca_FPS_C_402,0,surfdock,0.53564134,1.2135629,2.2184846,0,0,3.9739704
4819,105,14333,2047,5y8k_SER_B_301,4,gnina,0.51111626,1.2095328,1.9680822,0,6.20462e-06,2.0084953
4820,105,4939,705,2oxp_THP_A_300,4,gnina,0.52268517,1.2004713,2.1391456,0,0.0049480547,5.0355666
4821,105,10539,1505,4ynu_LGC_A_602,4,gnina,0.51128991,1.1989718,2.0677466,0,0.0059438459,2.7109929
4822,105,4113,587,2ef9_A5P_B_2269,4,gnina,0.52272878,1.1980045,2.1568966,0,0.053077539,2.6628612
4823,105,12527,1789,5ioq_DUR_D_302,4,gnina,0.51128991,1.1967179,2.0830739,0,0.00045323262,3.2452737
4824,105,13038,1862,5m0t_AKG_A_302,4,gnina,0.53097,1.1939313,2.3146894,0,0.00020997059,2.5294864
4825,105,949,135,1h5r_G1P_B_1294,4,gnina,0.52788048,1.1927846,2.2410293,0,0.97336326,3.8675018
4826,105,12513,1787,5ioq_DUR_B_302,4,gnina,0.51128494,1.1919929,2.091033,0,0.00038103628,2.9828584
4827,105,14900,2128,6c1i_EEY_B_501,4,gnina,0.53092226,1.1909868,2.3328438,0,3.5019191e-10,3.2078931
4828,105,12520,1788,5ioq_DUR_C_302,4,gnina,0.48692508,1.1908076,2.0150368,0,9.8145322e-07,3.6211824
4829,105,1236,176,1iwe_IMP_B_1452,4,gnina,0.47824346,1.1877752,1.8597192,0,0.00098386525,5.3405556
4830,105,3042,434,1w1a_NDG_1_1261,4,gnina,0.47824346,1.1877752,1.8597192,0,0.0012541785,2.3474687
4831,105,10651,1521,4zb2_FRU_A_404,4,gnina,0.47824346,1.1877752,1.8597192,0,4.9786474e-05,1.6980638
4832,105,10686,1526,4zbc_FRU_B_409,4,gnina,0.47824346,1.1877752,1.8597192,0,2.5275219e-08,2.6235478
4833,105,12926,1846,5l1v_7PF_A_401,4,gnina,0.47824346,1.1877752,1.8597192,0,0.99431958,2.0518439
4834,105,13843,1977,5v31_ARG_A_401,4,gnina,0.47824346,1.1877752,1.8597192,0,2.2027105e-07,2.7105649
4835,105,14095,2013,5x0j_SEP_A_302,4,gnina,0.47824346,1.1877752,1.8597192,0,0,2.7962089
4836,105,14298,2042,5xz7_F6P_A_407,4,gnina,0.47824346,1.1877752,1.8597192,0,0.0091575623,3.3836816
4837,105,16608,2372,6pvi_OZ7_A_501,4,gnina,0.47824346,1.1877752,1.8597192,0,0,4.0707065
4838,105,2664,380,1tf8_TRP_A_911,4,gnina,0.51128991,1.1874404,2.1469979,0,4.809949e-05,1.9634692
4839,105,5702,814,2xh0_PEP_C_1440,4,gnina,0.52920686,1.1849604,2.3286755,0,0.9963273,4.0205769
4840,105,13619,1945,5u5g_7VD_C_302,4,gnina,0.47824346,1.1822455,1.8961611,0,0.74006961,2.6339639
4841,105,5072,724,2qb3_PMP_A_700,4,gnina,0.47824346,1.1787656,1.9193307,0,0.24972116,4.1193097
4842,105,1222,174,1iwe_IMP_A_460,4,gnina,0.47824346,1.1781554,1.9234123,0,0,4.1305645
4843,105,17560,2508,6x9d_HYP_A_2002,4,gnina,0.52544234,1.1778112,2.3196611,0,0.9988529,12.727041
4844,105,2258,322,1pr6_XYA_A_1245,4,gnina,0.5293339,1.176775,2.3915997,0,0.53011637,3.0768915
4845,105,3273,467,1y2x_NAG_C_2144,4,gnina,0.53003857,1.1766849,2.4161215,0,7.4309069e-05,3.9610423
4846,105,10658,1522,4zb2_GLC_A_403,4,gnina,0.47824346,1.175772,1.9394108,0,0.35648588,1.6518814
4847,105,13682,1954,5ud0_G3H_B_406,4,gnina,0.51128991,1.1754824,2.2314219,0,1.3249226e-06,1.8947579
4848,105,8397,1199,4fxr_BMP_A_301,4,gnina,0.53989375,1.1720669,2.5526338,0,0.89895044,3.762897
4849,105,4225,603,2fhk_MFN_B_602,4,gnina,0.47824346,1.1713647,1.9692271,0,0.44405659,14.060952
4850,105,10693,1527,4zbc_GLC_A_407,4,gnina,0.47824346,1.1700678,1.9780573,0,0.3476107,2.288042
4851,105,2265,323,1pr6_XYA_B_1246,4,gnina,0.52888325,1.1659507,2.458514,0,0.099527104,2.7675497
4852,105,10574,1510,4yu7_DHC_B_203,4,gnina,0.47824346,1.1637543,2.0214303,0,1.9919171e-07,2.1265174
4853,105,5268,752,2r4j_13P_B_816,4,gnina,0.51128991,1.1630552,2.3216748,0,0.4924148,2.8604728
4854,105,9489,1355,4ni1_2JX_A_203,4,gnina,0.47824331,1.1620168,1.8597192,0,9.7643079e-06,1.8669673
4855,105,13731,1961,5uio_8DM_D_202,4,gnina,0.47824346,1.1601459,2.0465074,0,0.98803698,3.8281344
4856,105,10700,1528,4zbc_GLC_B_406,4,gnina,0.47824346,1.159944,2.0479164,0,0.0061617544,2.4414852
4857,105,6983,997,3wlf_FEH_C_401,4,gnina,0.53095567,1.1593325,2.572114,0,1.32047e-05,3.0101204
4858,106,11869,1695,5fiu_Y3J_C_1299,4,gnina,0.53034304,1.2416272,1.8600416,0,0.98340815,4.5566605
4859,106,11246,1606,5cak_4Z9_A_802,4,gnina,0.52722976,1.2334909,1.8600416,0,0.88575084,2.4435903
4860,106,4029,575,2dm5_ODI_A_312,4,gnina,0.63741991,1.2223296,2.1783371,0,0.82854696,1.9903694
4861,106,15208,2172,6fgv_D9T_A_1901,4,gnina,0.51460767,1.2216765,1.8600416,0,0.022185131,3.3351847
4862,106,10028,1432,4trj_665_A_501,4,gnina,0.49847399,1.2175526,1.8600416,0,0.0012420697,3.3424057
4863,106,4428,632,2gx5_PCG_C_514,4,gnina,0.49390262,1.2161036,1.8600416,0,0.00051424062,3.803665
4864,106,10294,1470,4wca_CIT_A_401,4,gnina,0.58204705,1.215777,2.1521251,0,0.073860612,2.2048417
4865,106,17077,2439,6sxr_KHP_A_506,4,gnina,0.59091286,1.2071145,2.2145548,0,0.0052276365,3.1761334
4866,106,11722,1674,5eo8_TFU_A_406,4,gnina,0.50540791,1.2041947,1.9574082,0,0.83137131,2.478782
4867,106,9174,1310,4lcq_URQ_A_603,4,gnina,0.61732842,1.2018248,2.2970319,0,0.97097524,2.5367585
4868,106,13353,1907,5oip_9WE_A_302,4,gnina,0.5156108,1.2002974,2.0021691,0,0.99749967,3.5098526
4869,106,11694,1670,5eo8_TFU_A_402,4,gnina,0.49614776,1.1980125,1.982335,0,0.0036373978,1.7373845
4870,106,12821,1831,5kcj_6RM_B_302,4,gnina,0.6533463,1.1939073,2.4090378,0,0.70238409,6.2444419
4871,106,16279,2325,6nni_CP6_A_203,4,gnina,0.53156403,1.1917909,2.224798,0,0.99439024,2.3930277
4872,106,8908,1272,4ixw_IXW_B_302,4,gnina,0.59393648,1.1912031,2.3292124,0,0.0038590219,1.8948756
4873,106,1348,192,1ja9_PYQ_A_406,4,gnina,0.47967443,1.1906358,1.8600416,0,0.013991928,1.826398
4874,106,3903,557,2c5b_5F1_A_500,4,gnina,0.47967443,1.1906358,1.8600416,0,0,3.7077901
4875,106,3910,558,2c5b_5F1_B_500,4,gnina,0.47967443,1.1906358,1.8600416,0,0,4.1564838
4876,106,7445,1063,4aql_TXC_A_1452,4,gnina,0.47967443,1.1906358,1.8600416,0,0.93783965,7.6846685
4877,106,9384,1340,4mr7_2BV_A_501,4,gnina,0.47967443,1.1906358,1.8600416,0,0.02319336,5.798356
4878,106,9510,1358,4nir_6DH_A_308,4,gnina,0.47967443,1.1906358,1.8600416,0,0.0076040251,2.8569076
4879,106,9713,1387,4pik_MAN_B_503,4,gnina,0.47967443,1.1906358,1.8600416,0,0.98873006,2.2197651
4880,106,9727,1389,4pik_MAN_D_503,4,gnina,0.47967443,1.1906358,1.8600416,0,0.010066564,2.2075428
4881,106,11855,1693,5fiu_Y3J_A_1299,4,gnina,0.47967443,1.1906358,1.8600416,0,0.98959908,4.4821379
4882,106,11862,1694,5fiu_Y3J_B_1299,4,gnina,0.47967443,1.1906358,1.8600416,0,0.99027605,4.2962782
4883,106,12065,1723,5gnx_BGC_A_502,4,gnina,0.47967443,1.1906358,1.8600416,0,0.085306647,2.3615307
4884,106,12072,1724,5gnx_BGC_B_503,4,gnina,0.47967443,1.1906358,1.8600416,0,0,2.3978883
4885,106,16076,2296,6mwl_K5G_A_301,4,gnina,0.47967443,1.1906358,1.8600416,0,0.47563187,3.4260165
4886,106,17042,2434,6sj8_44V_A_901,4,gnina,0.47967443,1.1906358,1.8600416,0,0.92708296,1.8904579
4887,106,17511,2501,6vo2_R67_A_403,4,gnina,0.47967443,1.1906358,1.8600416,0,0.04929356,1.9918776
4888,106,17742,2534,7bzm_GIM_B_501,4,gnina,0.47967443,1.1906358,1.8600416,0,0.90780873,3.5154371
4889,106,9741,1391,4ptx_BGC_B_501,4,gnina,0.51615103,1.1905224,2.0703413,0,0.99143986,2.4027692
4890,106,16286,2326,6nni_CP6_B_203,4,gnina,0.53068423,1.188477,2.222621,0,0.9940562,2.4191131
4891,106,9699,1385,4pik_MAN_A_501,4,gnina,0.47967443,1.1853533,1.8947107,0,0.99454936,2.0186737
4892,106,11638,1662,5eo7_SFU_B_401,4,gnina,0.51845875,1.1844466,2.120322,0,0.82249309,2.6749301
4893,106,8523,1217,4h4c_10D_B_402,4,gnina,0.47967443,1.1828816,1.9110755,0,0.040354752,3.4329845
4894,106,11631,1661,5eo7_SFU_A_405,4,gnina,0.49602467,1.1805717,2.100019,0,0.9272411,2.1788165
4895,106,9748,1392,4pxd_1AL_A_502,4,gnina,0.47967443,1.1780034,1.9436461,0,0.9971479,2.6062577
4896,106,11141,1591,5b4u_MLA_A_302,4,gnina,0.47967443,1.1779118,1.9442606,0,0,1.6594483
4897,106,11715,1673,5eo8_TFU_A_405,4,gnina,0.47967443,1.1759585,1.9574082,0,0.98085887,1.8705674
4898,106,14256,2036,5xrv_F6R_A_702,4,gnina,0.47967443,1.1746302,1.9663825,0,0.38875384,4.9826488
4899,106,11687,1669,5eo8_TFU_A_401,4,gnina,0.47967443,1.1740504,1.9703078,0,0.97604573,1.5769799
4900,106,1691,241,1lqp_FCN_B_4003,4,gnina,0.47967443,1.1735553,1.9736644,0,0.001582878,1.9172396
4901,106,5352,764,2tmk_ATM_B_217,4,gnina,0.53739405,1.172124,2.4470077,0,0.43577392,4.6645112
4902,106,11708,1672,5eo8_TFU_A_404,4,gnina,0.47967443,1.1711887,1.9897611,0,0.98362263,1.650315
4903,106,17609,2515,6xu3_PLP_D_401,4,gnina,0.47967443,1.1687529,2.0064206,0,0.99131844,4.0457376
4904,106,16916,2416,6rhk_K4B_A_302,4,gnina,0.47967443,1.1682357,2.0099695,0,0.6516732,3.6085345
4905,106,7186,1026,3zr0_8OG_B_1157,4,gnina,0.52217327,1.1673728,2.2694545,0,0.89262757,4.3981277
4906,106,16013,2287,6mae_JBA_A_301,4,gnina,0.52416553,1.1672252,2.285912,0,0.96993224,5.8853099
4907,106,5345,763,2tmk_ATM_A_217,4,gnina,0.53564118,1.1637283,2.503412,0,0.97791068,4.3221298
4908,107,7746,1106,4cjw_CBJ_B_1217,4,gnina,0.53809153,1.2386133,1.9464167,0,0.0078914951,3.5254699
4909,107,2909,415,1um4_SH4_H_1001,4,gnina,0.52742219,1.2264139,1.857021,0,0.77252682,4.8239939
4910,107,7858,1122,4cme_KTZ_C_1270,4,gnina,0.54263707,1.2250554,2.0697017,0,0.98763019,4.9915843
4911,107,7851,1121,4cme_KTZ_A_1270,4,gnina,0.53746763,1.2166352,2.0735567,0,0.99200478,4.5153803
4912,107,12387,1769,5i95_AKG_A_508,4,gnina,0.48622722,1.2157844,1.857021,0,6.5355906e-06,2.068176
4913,107,6409,915,3se2_LDR_A_1,4,gnina,0.53954446,1.2107038,2.1539001,0,0.9951603,2.6192888
4914,107,4652,664,2izf_BTN_D_301,4,gnina,0.53876727,1.2070414,2.1686602,0,0.99405643,2.6710958
4915,107,9493,1356,4ni1_2JX_A_204,1,unimol,0.67385102,1.2046651,2.8365901,0,0,19.37
4916,107,4715,673,2jhp_GUN_A_1648,4,gnina,0.60256337,1.1967162,2.3536055,0,0.001057896,1.8909332
4917,107,7865,1123,4cme_KTZ_D_1270,4,gnina,0.52767988,1.1952078,2.0697017,0,0.95681769,4.4286532
4918,107,6143,877,2zwt_CAM_A_422,4,gnina,0.48611908,1.1941899,1.857021,0,0.046702397,1.7606722
4919,107,6570,938,3u3o_3QV_A_296,4,gnina,0.48611908,1.1941899,1.857021,0,1.4329771e-06,2.4101409
4920,107,6612,944,3v1m_HPK_A_288,4,gnina,0.48611908,1.1941899,1.857021,0,0.88227148,2.6045265
4921,107,7200,1028,3zwe_FUC_A_110,4,gnina,0.48611908,1.1941899,1.857021,0,0.99732843,1.4372733
4922,107,7242,1034,3zzv_FUC_B_401,4,gnina,0.48611908,1.1941899,1.857021,0,0.99761764,1.7968237
4923,107,9118,1302,4l4d_CAM_A_503,4,gnina,0.48611908,1.1941899,1.857021,0,0.047347539,1.4516746
4924,107,10924,1560,5a2r_MLT_A_1615,4,gnina,0.48611908,1.1941899,1.857021,0,0.048298263,7.7931317
4925,107,16552,2364,6pna_M16_A_803,4,gnina,0.53621584,1.193179,2.2089858,0,1.2825517e-06,3.8257458
4926,107,11610,1658,5eo7_SFU_A_401,4,gnina,0.48611908,1.1872119,1.9027431,0,0.94221486,2.1878791
4927,107,11652,1664,5eo7_SFU_B_403,4,gnina,0.48611908,1.1865545,1.9070884,0,0.56777105,2.3452092
4928,107,15061,2151,6f2b_AKG_B_402,4,gnina,0.48611908,1.1862314,1.9092267,0,0.93239866,6.2755575
4929,107,7907,1129,4crg_J4X_A_1493,4,gnina,0.48611908,1.1807236,1.9459131,0,0.77980335,5.3094857
4930,107,9524,1360,4nkw_PLO_B_601,4,gnina,0.53775102,1.1801212,2.3348644,0,2.0627168e-07,6.1765526
4931,107,9517,1359,4nkw_PLO_A_601,4,gnina,0.53673535,1.1782863,2.3236382,0,2.1286123e-07,9.8472804
4932,107,11666,1666,5eo7_SFU_B_405,4,gnina,0.48611908,1.1727487,1.9998585,0,0.99098463,2.6045292
4933,107,9440,1348,4n4j_HG1_A_607,4,gnina,0.48611907,1.1721478,1.857021,0,3.2952515e-05,2.7376944
4934,107,9486,1355,4ni1_2JX_A_203,1,unimol,0.67466024,1.1707495,3.1287086,0,0,17.55
4935,107,11414,1630,5del_ORO_A_602,4,gnina,0.48611908,1.1706488,2.0142279,0,0.026322163,1.6580288
4936,107,3287,469,1y5v_NE8_A_500,4,gnina,0.48611908,1.1706161,2.0144522,0,0.99138177,3.7686461
4937,107,8614,1230,4hxk_1AJ_A_201,4,gnina,0.48611774,1.1696862,1.857021,0,1.5934067e-05,1.7914203
4938,107,11470,1638,5dne_ASN_C_601,4,gnina,0.60919069,1.1691475,2.5774817,0,0.99329093,6.8388853
4939,107,3511,501,1zmt_RNO_A_1002,4,gnina,0.48611908,1.1689293,2.0260477,0,5.949699e-05,2.9345736
4940,107,3518,502,1zmt_RNO_D_1004,4,gnina,0.48611908,1.1689293,2.0260477,0,0,2.4641958
4941,107,7704,1100,4cju_JNS_A_1217,4,gnina,0.48611908,1.168174,2.0312538,0,0.99445078,2.817567
4942,107,9538,1362,4nkw_PLO_D_601,4,gnina,0.5348902,1.1679309,2.3236382,0,1.8629093e-07,6.0445507
4943,107,11680,1668,5eo7_SFU_C_405,4,gnina,0.48611908,1.1674906,2.0359728,0,0.92516502,2.4674365
4944,107,11463,1637,5dne_ASN_A_601,4,gnina,0.60885948,1.1656233,2.6031518,0,0.99699319,7.2871982
4945,107,16559,2365,6pna_M16_B_803,4,gnina,0.49009707,1.1654544,2.2042577,0,8.6516959e-07,3.5184237
4946,107,2972,424,1v5y_4HC_B_1201,4,gnina,0.48593597,1.1644274,1.857021,0,4.1809602e-06,1.748019
4947,107,5674,810,2x0u_X0U_B_1291,4,gnina,0.48611295,1.1636159,1.8901038,0,0.99488689,1.9296968
4948,107,4022,574,2d3n_GLC_A_608,4,gnina,0.48495474,1.1616302,1.857021,0,0.00070214434,3.2671937
4949,107,11617,1659,5eo7_SFU_A_402,4,gnina,0.48611908,1.1615767,2.0771215,0,0.96358229,2.196907
4950,107,5975,853,2z48_NGA_B_2002,4,gnina,0.53453119,1.160205,2.374532,0,5.4945047e-05,2.5329831
4951,107,4841,691,2nz5_226_A_432,4,gnina,0.48593453,1.1601696,1.8847978,0,4.3177406e-07,2.0492219
4952,107,11176,1596,5bwd_FUM_A_901,4,gnina,0.48398722,1.1599519,1.857021,0,0.91919363,2.1002156
4953,107,10343,1477,4ws1_URF_A_301,4,gnina,0.48318142,1.1593924,1.857021,0,3.8771334e-07,1.4220731
4954,107,7739,1105,4cjw_CBJ_A_1216,4,gnina,0.48611904,1.1593271,1.9356551,0,2.2569333e-06,3.6003533
4955,107,7753,1107,4cjw_CBJ_B_1218,4,gnina,0.48611905,1.159198,1.9380431,0,1.2422221e-05,3.5464267
4956,107,8292,1184,4ek1_CAM_A_502,4,gnina,0.48055325,1.1579379,1.857021,0,0.046482637,2.0064011
4957,107,8537,1219,4hey_4MZ_A_307,4,gnina,0.48012482,1.157826,1.857021,0,1.6473936e-05,1.2114629
4958,108,13216,1888,5o3b_9HZ_C_501,0,surfdock,0.5349918,1.2380399,1.8470168,0,0,4.4746512
4959,108,13223,1889,5o3b_9HZ_D_501,0,surfdock,0.5349918,1.2380399,1.8470168,0,7.0236726e-05,4.4564101
4960,108,13244,1892,5o3g_9J8_A_501,0,surfdock,0.5349918,1.2380399,1.8470168,0,0,4.333864
4961,108,15533,2219,6ho2_GHN_A_301,0,surfdock,0.5349918,1.2380399,1.8470168,0,0,4.6454905
4962,108,13234,1890,5o3d_9J5_A_501,4,gnina,0.53388822,1.2330976,1.8470168,0,0.94692149,5.1390644
4963,108,1719,245,1luq_BTN_A_5100,4,gnina,0.54262951,1.2291789,2.0385542,0,0.98955304,3.2818691
4964,108,5135,733,2qg6_NMN_A_301,4,gnina,0.59465491,1.2240421,2.1534305,0,0.98589242,4.2708438
4965,108,17175,2453,6t0a_M58_B_601,4,gnina,0.50928744,1.2205173,1.8470168,0,0,1.6681623
4966,108,3658,522,2ahc_VNL_A_166,4,gnina,0.58828039,1.213006,2.2089787,0,0.00036360511,2.5570233
4967,108,1509,215,1kbq_936_B_704,4,gnina,0.5885133,1.2019751,2.2868636,0,1.1322975e-06,5.162938
4968,108,1502,214,1kbq_936_A_703,4,gnina,0.58767625,1.2015531,2.2830694,0,6.7692787e-07,6.7067234
4969,108,1516,216,1kbq_936_D_702,4,gnina,0.5882231,1.2011922,2.2893949,0,1.055005e-05,5.4072609
4970,108,12114,1730,5gwt_SIN_D_301,4,gnina,0.54145499,1.2010661,2.2158561,0,0.049835931,2.5483227
4971,108,3371,481,1z6k_OAA_A_274,4,gnina,0.48653471,1.1960867,1.8470168,0,0.00016303905,1.8028205
4972,108,5366,766,2uyv_TLA_A_1275,4,gnina,0.48653471,1.1960867,1.8470168,0,0.16753244,2.8091275
4973,108,5373,767,2uyv_TLA_A_1277,4,gnina,0.48653471,1.1960867,1.8470168,0,0.0035942168,4.4034045
4974,108,5380,768,2uyv_TLA_B_1275,4,gnina,0.48653471,1.1960867,1.8470168,0,0.027000597,2.7574515
4975,108,5394,770,2uyv_TLA_D_1275,4,gnina,0.48653471,1.1960867,1.8470168,0,0.0012277301,2.8793869
4976,108,12170,1738,5h8q_GLU_A_302,4,gnina,0.48653471,1.1960867,1.8470168,0,0,2.5711413
4977,108,12450,1778,5ihe_D5M_A_701,4,gnina,0.48653471,1.1960867,1.8470168,0,2.2519875e-05,4.4518273
4978,108,12828,1832,5kcj_GLU_A_302,4,gnina,0.48653471,1.1960867,1.8470168,0,0,2.3706986
4979,108,17518,2502,6vo2_R67_B_403,4,gnina,0.48653471,1.1960867,1.8470168,0,0,2.1136315
4980,108,10511,1501,4xzh_48I_B_402,4,gnina,0.54142102,1.195513,2.2541308,0,6.5610199e-07,4.2449728
4981,108,3266,466,1xuf_BAZ_A_246,4,gnina,0.48653471,1.1952562,1.8524094,0,0,2.9938334
4982,108,12156,1736,5h8f_GLU_A_302,4,gnina,0.48653471,1.1936397,1.8629323,0,0,2.6400776
4983,108,10504,1500,4xzh_48I_A_402,4,gnina,0.54162092,1.1935577,2.2717776,0,0,4.2597093
4984,108,5576,796,2wdq_TEO_A_1589,4,gnina,0.53736049,1.191402,2.2060845,0,0.0023192583,10.860682
4985,108,3616,516,2a5t_GLU_B_2002,4,gnina,0.48653471,1.189868,1.887637,0,0,2.4515288
4986,109,15901,2271,6l86_LMR_D_302,4,gnina,0.52840008,1.2417579,1.8458331,0,0.15227293,4.1230234
4987,109,9846,1406,4qya_LU2_A_201,4,gnina,0.53901938,1.2331977,2.0291505,0,2.03726e-11,2.5448944
4988,109,6878,982,3wat_BGC_A_403,4,gnina,0.51809025,1.2085656,2.023246,0,9.098236e-05,2.3900385
4989,109,6885,983,3wat_BGC_B_403,4,gnina,0.51776045,1.2080152,2.023246,0,3.2307756e-05,2.0956614
4990,109,5212,744,2qvr_FDP_A_333,4,gnina,0.53489696,1.2013088,2.19788,0,0.94848265,3.2298502
4991,109,7788,1112,4cle_JR2_A_1271,4,gnina,0.4810163,1.1988688,1.8458331,0,6.3886891e-05,2.8110026
4992,109,7809,1115,4cle_JR2_D_1271,4,gnina,0.4810163,1.1988688,1.8458331,0,0.00014098235,3.6518354
4993,109,13199,1885,5nnw_GCS_D_302,4,gnina,0.4810163,1.1988688,1.8458331,0,7.5903389e-06,2.4453437
4994,109,15887,2269,6l86_LMR_B_302,4,gnina,0.4810163,1.1988688,1.8458331,0,0.0029775904,4.9244449
4995,109,17126,2446,6szt_M4Q_A_601,4,gnina,0.4810163,1.1988688,1.8458331,0,0.0045914643,3.24188
4996,109,15908,2272,6l86_MLT_A_303,4,gnina,0.4810163,1.197305,1.8559585,0,0.0060030823,3.8318384
4997,109,8572,1224,4hmx_WUB_A_302,4,gnina,0.48100545,1.1744411,1.8458331,0,0.0012224197,2.7979222
4998,109,15222,2174,6fld_NAG_A_601,4,gnina,0.4810163,1.1722673,2.0230763,0,1.0459528e-06,2.1621008
4999,109,15894,2270,6l86_LMR_B_303,4,gnina,0.48066574,1.1701635,1.8458331,0,5.2428017e-09,4.2189118
5000,109,12534,1790,5ip6_6C9_A_301,4,gnina,0.51019358,1.1685654,2.251817,0,0.90367597,2.4104189
5001,109,16415,2345,6ofr_BOG_A_806,0,surfdock,0.53474225,1.1673288,2.420743,0,1.7497465e-10,3.002983
5002,109,17133,2447,6szt_M4Q_B_601,4,gnina,0.47782786,1.1662235,1.8458331,0,0.0031281087,2.5494195
5003,109,17112,2444,6sz3_M1H_B_601,4,gnina,0.48097537,1.1648608,1.9029728,0,0.049964074,1.6896186
5004,109,5233,747,2qxf_TMP_A_3000,4,gnina,0.53648212,1.1647742,2.4802165,0,0.0069316859,4.2481249
5005,109,10707,1529,4zbc_GLC_B_407,4,gnina,0.47416991,1.1640847,1.8458331,0,9.5312856e-07,2.0159278
5006,109,10952,1564,5a8k_COM_A_556,4,gnina,0.4810163,1.1618671,2.0953712,0,0,16.092833
5007,109,10959,1565,5a8k_COM_D_555,4,gnina,0.4810163,1.1618671,2.0953712,0,0,13.413628
5008,109,12506,1786,5in3_G1P_B_418,4,gnina,0.51847083,1.1604298,2.366111,0,0.82688479,2.7776779
5009,109,2993,427,1vkf_CIT_C_502,4,gnina,0.52310485,1.1591233,2.3947899,0,0.00014464409,2.8184176
5010,109,9272,1324,4m54_AE5_A_403,4,gnina,0.48101131,1.1584939,1.960623,0,0,3.1661107
5011,109,16394,2342,6ofr_BOG_A_803,0,surfdock,0.53474225,1.1581323,2.4903297,0,0,3.1727597
5012,109,6122,874,2zuw_NDG_D_4004,4,gnina,0.54038814,1.157578,2.5954638,0,3.9478236e-05,10.020864
5013,109,1642,234,1l5o_NCN_A_991,4,gnina,0.53351243,1.1570317,2.4668832,0,0.99265934,4.0648989
5014,109,1621,231,1l4f_NCN_A_991,4,gnina,0.53345997,1.1569273,2.4668832,0,0.99647566,3.7359912
5015,109,16380,2340,6ofr_BOG_A_801,0,surfdock,0.53474225,1.1565735,2.5022757,0,6.755853e-09,2.913715
5016,109,10350,1478,4ws2_6UA_A_303,4,gnina,0.47152217,1.1557933,1.890192,0,0.11160692,1.3137657
5017,109,16031,2290,6mnh_JVD_A_301,1,unimol,0.8539143,1.1553093,3.8977556,0,0,17.73
5018,109,10623,1517,4z69_DIF_A_1007,4,gnina,0.56216385,1.154853,2.6596947,0,0,4.9592257
5019,109,10042,1434,4tyv_BGC_B_701,4,gnina,0.48064922,1.1548009,1.9486399,0,0.0079766368,2.5212614
5020,109,10329,1475,4wqq_MAN_B_204,4,gnina,0.479576,1.1531844,1.9452424,0,0.045734904,1.7754386
5021,109,17154,2450,6t02_M5E_B_601,4,gnina,0.4810163,1.1509919,2.1728718,0,0.090342279,2.090467
5022,109,15411,2201,6gl4_GLU_B_301,4,gnina,0.4810163,1.1498347,2.1812365,0,0,2.0669966
5023,109,17140,2448,6t02_M5E_A_601,4,gnina,0.4810163,1.1494285,2.1841781,0,0.0015942901,2.0751026
5024,109,6129,875,2zvq_1NP_X_501,4,gnina,0.46511676,1.1473806,1.9277798,0,0.98987691,2.3909715
5025,109,8383,1197,4fh7_TBP_A_202,4,gnina,0.44817629,1.1469741,1.8458331,0,4.0272779e-05,2.6861073
5026,109,7147,1021,3zcm_PX3_A_1214,0,surfdock,0.53474225,1.1450649,2.5918605,0,0,4.6804358
5027,109,7154,1022,3zcm_PX3_B_1216,0,surfdock,0.53474225,1.1450649,2.5918605,0,0,4.7254709
5028,109,4484,640,2hdk_COI_B_900,4,gnina,0.4810163,1.1436909,2.2260306,0,0.48413384,2.4150628
5029,109,7536,1076,4bdr_CYS_B_804,4,gnina,0.4810163,1.1433092,2.2288353,0,0,3.817727
5030,109,6311,901,3ro7_TDR_A_300,4,gnina,0.4810163,1.1419505,2.2388389,0,0.04408724,1.3088778
5031,109,6206,886,3qhd_CTN_A_165,4,gnina,0.5545518,1.1402843,2.7689674,0,0.98365153,2.6043205
5032,109,6213,887,3qhd_CTN_B_165,4,gnina,0.55985617,1.1402561,2.7733407,0,0.99218562,3.3565653
5033,109,16048,2292,6mry_FLC_B_101,4,gnina,0.49424222,1.1398182,2.4264312,0,0.8163096,2.5647794
5034,109,6108,872,2zut_A2G_C_4003,4,gnina,0.52877432,1.1379148,2.5791395,0,4.6275467e-05,13.582816
5035,109,9664,1380,4p7q_NAG_A_704,4,gnina,0.4810163,1.1378767,2.2690291,0,1.6376658e-05,2.2576863
5036,110,14917,2131,6cdy_EY1_A_501,0,surfdock,0.69092571,1.3284293,2.02391,0,0,4.2646179
5037,110,13073,1867,5m66_ADN_B_502,4,gnina,0.54646458,1.2661723,1.8445921,0,0.99594017,10.391794
5038,110,13080,1868,5m66_ADN_C_502,4,gnina,0.54567063,1.2642511,1.8445921,0,0.94776885,7.981757
5039,110,13066,1866,5m66_ADN_A_502,4,gnina,0.54520391,1.263347,1.8445921,0,0.98751088,6.7753219
5040,110,13087,1869,5m66_ADN_D_502,4,gnina,0.54356883,1.2592786,1.8445921,0,0.061282038,7.084786
5041,110,2013,287,1nux_F6P_A_2339,4,gnina,0.53987155,1.2548712,1.8445921,0,0.77438456,2.7049575
5042,110,578,82,1fsa_F6P_B_338,4,gnina,0.53665382,1.253063,1.8445921,0,0.9842941,3.447132
5043,110,16356,2336,6o2z_LJV_B_500,4,gnina,0.54383536,1.2329267,2.0127356,0,0.84689974,4.8768026
5044,110,2937,419,1uxi_FUM_B_1311,4,gnina,0.48020169,1.2324951,1.8445921,0,0.14989793,2.0901183
5045,110,12366,1766,5i7r_68W_A_402,4,gnina,0.48664702,1.229387,1.8734537,0,0.99404188,4.1879873
5046,110,109,15,1aog_MAE_A_500,4,gnina,0.47876809,1.2287092,1.8445921,0,0.8868754,2.2138741
5047,110,655,93,1g79_PLP_A_270,4,gnina,0.47875023,1.2251494,1.8445921,0,1.7753979e-07,2.3610622
5048,110,5604,800,2whq_HI6_B_1545,4,gnina,0.47856464,1.2244713,1.8445921,0,0.001819943,4.2822221
5049,110,5597,799,2whq_HI6_A_1543,4,gnina,0.47839352,1.2242453,1.8445921,0,0.00020978055,3.0329267
5050,110,10259,1465,4v2z_Y70_C_151,4,gnina,0.54473821,1.2223834,2.0982826,0,0.15754756,3.6569086
5051,110,3497,499,1zjp_DR4_A_1,4,gnina,0.52419559,1.2128853,2.015785,0,3.9146134e-07,7.412579
5052,110,14924,2132,6cdy_EY1_B_501,0,surfdock,0.52669025,1.2123229,2.02391,0,0,4.3587562
5053,110,6689,955,3vc3_C6P_E_501,4,gnina,0.5354772,1.2066273,2.1361187,0,0.14070435,8.4492013
5054,110,7914,1130,4cw2_XDS_A_1303,4,gnina,0.47876809,1.2065046,1.9879875,0,0,2.4517771
5055,110,9125,1303,4l7p_M95_A_601,4,gnina,0.54106732,1.2038354,2.1889069,0,0.00045034415,4.7657374
5056,110,466,66,1ei6_PPF_C_413,4,gnina,0.47613931,1.2037338,1.8445921,0,0.051749333,3.64109
5057,110,2006,286,1nuw_F6P_A_2336,4,gnina,0.47613931,1.2037338,1.8445921,0,0.1741322,2.3552729
5058,110,2468,352,1rvt_NDG_H_742,4,gnina,0.47613931,1.2037338,1.8445921,0,4.6338268e-07,3.8310396
5059,110,4666,666,2j5b_TYE_A_1336,4,gnina,0.47613931,1.2037338,1.8445921,0,0.18788128,3.1861167
5060,110,5142,734,2qgw_EES_B_1,4,gnina,0.47613931,1.2037338,1.8445921,0,6.3747921e-07,2.9422494
5061,110,6059,865,2zm7_ACA_A_501,4,gnina,0.47613931,1.2037338,1.8445921,0,6.596368e-09,4.8009106
5062,110,8502,1214,4gt9_MEF_A_304,4,gnina,0.47613931,1.2037338,1.8445921,0,4.637946e-06,3.1341844
5063,110,9608,1372,4ocj_NDG_A_401,4,gnina,0.47613931,1.2037338,1.8445921,0,0.98777253,2.6521814
5064,110,17182,2454,6t0m_GOZ_A_305,4,gnina,0.47613931,1.2037338,1.8445921,0,0.51246344,5.9071606
5065,110,10371,1481,4wxb_CIT_B_501,4,gnina,0.52016766,1.1973384,2.1153321,0,0,5.2043334
5066,110,10364,1480,4wxb_CIT_A_501,4,gnina,0.48433324,1.1940861,2.1031601,0,0.76652937,4.4983541
5067,110,9048,1292,4kfj_1R0_A_202,4,gnina,0.47613931,1.1932394,1.9128892,0,0.0002590492,6.029362
5068,110,4757,679,2npq_BOG_A_1000,4,gnina,0.47613931,1.1931059,1.9137682,0,0.94715117,4.2800804
5069,110,13584,1940,5tvr_AKG_A_402,4,gnina,0.54615079,1.1919668,2.3317482,0,0.00053428109,3.027592
5070,110,9251,1321,4lz7_GLU_A_802,4,gnina,0.47613931,1.1901944,1.9330107,0,0,2.967366
5071,110,15404,2200,6gl4_GLU_A_301,4,gnina,0.47886236,1.1812907,2.1825953,0,0,3.7496692
5072,110,5884,840,2yjd_YJD_A_1498,4,gnina,0.54716372,1.1793456,2.4418652,0,0.001734402,5.9974226
5073,110,2489,355,1s2c_FLF_A_2001,4,gnina,0.47613931,1.179175,2.0070033,0,7.6263792e-07,3.2563441
5074,110,15103,2157,6f48_XQB_A_302,4,gnina,0.47876809,1.1754093,2.2012308,0,0,3.2325065
5075,110,17693,2527,6zi7_RAM_D_503,4,gnina,0.4755205,1.1748596,1.8445921,0,0.073458542,6.5655652
5076,110,16811,2401,6r5o_BGC_A_802,4,gnina,0.47595611,1.1737135,1.8663366,0,1.0989753e-07,3.4497687
5077,110,15628,2232,6j4t_IMP_A_401,4,gnina,0.47876809,1.1726715,2.2207444,0,0,5.071452
5078,110,15600,2228,6i4b_ORO_B_602,4,gnina,0.47547632,1.1717797,1.861968,0,6.3670224e-05,2.1951371
5079,110,7396,1056,4ajj_MLI_D_1333,4,gnina,0.47613931,1.1705749,2.0660648,0,0.95931022,3.1582882
5080,110,16461,2351,6ooi_PGA_F_301,4,gnina,0.54713825,1.16997,2.5107591,0,0.5941182,7.6064911
5081,110,14648,2092,5zpt_HY1_A_702,4,gnina,0.47564952,1.1687668,1.8880291,0,0.5505773,2.7815153
5082,110,16447,2349,6ooi_PGA_D_301,4,gnina,0.54620771,1.1680358,2.5096042,0,0.95421701,6.9584164
5083,110,6437,919,3sp6_IL2_A_901,4,gnina,0.47613931,1.1679937,2.0840218,0,0.9470916,6.287205
5084,110,16440,2348,6ooi_PGA_B_301,4,gnina,0.54545349,1.1662154,2.5107591,0,0.96352225,5.5179601
5085,110,11491,1641,5dnx_5LD_B_205,4,gnina,0.47613931,1.1644999,2.1084995,0,0.3184792,3.6957106
5086,111,13311,1901,5ocm_9RH_E_302,4,gnina,0.55092862,1.2323045,2.0541143,0,0.71807757,3.8729847
5087,111,3105,443,1wmz_A2G_B_502,4,gnina,0.53675645,1.2155771,2.0249848,0,0.8830464,2.0765411
5088,111,3112,444,1wmz_NGA_A_501,4,gnina,0.53011754,1.2035467,2.0445969,0,0.042643793,3.4129294
5089,111,6381,911,3ryd_SRT_A_271,4,gnina,0.47936478,1.2031346,1.847542,0,3.093599e-08,1.9506226
5090,111,7179,1025,3zp7_PRE_A_1118,4,gnina,0.47936478,1.2031346,1.847542,0,0.96707904,4.1647626
5091,111,9930,1418,4rje_PYR_D_402,4,gnina,0.47936478,1.2031346,1.847542,0,0.89271597,3.0183882
5092,111,3119,445,1wmz_NGA_D_504,4,gnina,0.52267038,1.2010015,2.0445969,0,0.94607984,2.3758066
5093,111,8744,1249,4i6s_FUC_C_101,1,unimol,0.72144172,1.1975543,3.1179323,0,0.96938942,32.22
5094,111,13255,1893,5o4j_9KH_B_302,4,gnina,0.47936478,1.1857841,1.9613072,0,0.00048254295,2.6869679
5095,111,13262,1894,5o4j_9KH_C_302,4,gnina,0.47936478,1.1857841,1.9613072,0,0.00024096733,2.6893793
5096,111,11099,1585,5av4_GEN_A_400,4,gnina,0.53906918,1.1847882,2.2549701,0,0.98818979,2.9601885
5097,111,7459,1065,4b1f_DGL_A_1257,4,gnina,0.55225715,1.1794409,2.4365306,0,0.97114198,3.4418722
5098,111,7466,1066,4b1f_DGL_B_1256,4,gnina,0.55195658,1.1790184,2.4365306,0,0.98135004,2.1227191
5099,111,17168,2452,6t0a_M58_A_601,4,gnina,0.47910587,1.1763025,1.847542,0,0.0038696588,2.0810584
5100,111,1985,283,1ns4_BGC_B_2400,4,gnina,0.51081154,1.1756162,2.1863248,0,0.95373104,2.0995039
5101,111,11624,1660,5eo7_SFU_A_403,4,gnina,0.47804988,1.1744872,1.847542,0,0,2.2341078
5102,111,830,118,1h1i_QUE_A_1358,4,gnina,0.55040078,1.1711825,2.4746108,0,0.99450636,4.7440247
5103,111,17252,2464,6tfb_N6W_B_202,4,gnina,0.47203736,1.1710835,1.847542,0,0.99839897,1.7863525
5104,111,16769,2395,6qot_6SD_B_301,4,gnina,0.47936478,1.1709267,2.0623634,0,0.99437303,2.3768527
5105,111,9475,1353,4ndn_PPK_C_404,4,gnina,0.47936478,1.1697128,2.0707743,0,0.00051717749,14.325642
5106,111,15544,2220,6ho7_GHQ_A_301,4,gnina,0.55467359,1.1693609,2.5233216,0,0.98730573,2.094326
5107,111,8747,1249,4i6s_FUC_C_101,4,gnina,0.46637928,1.1684741,1.847542,0,0.99215671,1.4215779
5108,111,9874,1410,4r2n_PHE_D_402,4,gnina,0.46633921,1.1683606,1.847542,0,0.022532918,4.0765977
5109,111,15124,2160,6f6a_CU5_B_301,4,gnina,0.5193428,1.1668317,2.2795208,0,0.99606021,3.8516056
5110,111,6017,859,2zce_PYL_A_601,4,gnina,0.46089805,1.1663184,1.847542,0,0.7276469,3.754757
5111,111,8730,1247,4i6s_FUC_A_102,1,unimol,0.67699628,1.1644452,3.2074203,0,0.92303043,20.62
5112,111,11673,1667,5eo7_SFU_C_403,4,gnina,0.45475475,1.1641628,1.847542,0,0.85826809,2.1989231
5113,111,8439,1205,4gcq_0JM_B_401,4,gnina,0.55034403,1.163969,2.5285656,0,2.3658596e-06,6.4845324
5114,111,10455,1493,4xpq_FUL_A_1003,4,gnina,0.47761379,1.1625039,1.923007,0,0.0014670546,2.0473653
5115,111,4246,606,2fib_GLY_B_2,4,gnina,0.47936478,1.1619815,2.1249018,0,0,7.9095678
5116,111,5317,759,2ri1_GLP_B_234,4,gnina,0.44079409,1.1615533,1.847542,0,0.12293717,2.3048183
5117,111,12695,1813,5je1_TOF_A_302,4,gnina,0.4790468,1.1598286,1.9564317,0,0.9973506,1.9028354
5118,111,12702,1814,5je1_TOF_B_302,4,gnina,0.47903886,1.1571432,1.9740615,0,0.9969934,1.9430263
5119,111,1838,262,1mmy_G6D_B_348,4,gnina,0.42928781,1.1552565,1.847542,0,0.0033965023,1.9227067
5120,111,16776,2396,6qqs_JCZ_A_301,4,gnina,0.43411308,1.1550417,1.8805634,0,0.99681659,2.8413338
5121,111,15019,2145,6dyt_PP3_B_1501,4,gnina,0.54339359,1.1546447,2.5045626,0,0,4.3272565
5122,111,8257,1179,4ea0_651_B_305,4,gnina,0.51476334,1.1542264,2.3549488,0,9.1467988e-07,3.5022238
5123,111,5170,738,2qim_ZEA_A_161,4,gnina,0.47936478,1.1541503,2.1807358,0,0.0099547218,2.2475026
5124,111,5156,736,2qim_ZEA_A_159,4,gnina,0.54934814,1.1530527,2.5953312,0,0,2.570492
5125,111,17532,2504,6vv9_RQ1_A_202,4,gnina,0.47922842,1.1529661,2.0191219,0,3.9642595e-06,6.2801646
5126,111,5625,803,2wj4_HQD_D_1278,4,gnina,0.47888639,1.1523739,2.0054686,0,0.99412005,2.7759294
5127,111,8740,1248,4i6s_FUC_B_101,4,gnina,0.42767188,1.1512289,1.847542,0,0.99787803,1.3882819
5128,111,158,22,1bcs_ARG_A_426,4,gnina,0.42928781,1.1498342,1.8840818,0,7.4498829e-08,2.8738548
5129,111,2251,321,1pr0_NOS_C_1247,4,gnina,0.54445569,1.1496181,2.5563807,0,0.98695175,2.7472282
5130,111,16909,2415,6rgr_RM4_A_403,4,gnina,0.45756918,1.1479118,1.9653187,0,0.23026258,1.6662779
5131,111,13297,1899,5ocm_9RH_C_302,4,gnina,0.47919839,1.1474171,2.0541143,0,0.024758382,4.6200743
5132,111,480,68,1eow_U2G_A_130,4,gnina,0.47936478,1.1473107,2.2303507,0,0.57127266,3.1578841
5133,111,13304,1900,5ocm_9RH_D_302,4,gnina,0.4791829,1.1470855,2.0541143,0,0.7368972,3.8438951
5134,111,6388,912,3ryd_SRT_C_268,4,gnina,0.42615246,1.1447619,1.847542,0,0.00010355424,1.9744833
5135,111,8558,1222,4hez_1MZ_A_307,4,gnina,0.47183704,1.1446525,2.0268238,0,0.0004586778,1.2190649
5136,112,9636,1376,4oxy_1TN_A_302,4,gnina,0.55276752,1.2337218,1.9599004,0,5.4457692e-05,5.4967967
5137,112,10238,1462,4uzi_IMD_B_1455,4,gnina,0.50303373,1.2129609,1.923252,0,8.9129817e-06,1.9097633
5138,112,12919,1845,5kxb_NGA_D_301,4,gnina,0.56715628,1.2107262,2.196769,0,0.32640348,2.6119079
5139,112,12912,1844,5kxb_NGA_C_305,4,gnina,0.56306387,1.209309,2.196769,0,0.30038483,2.7599961
5140,112,14060,2008,5wgr_PM7_A_711,4,gnina,0.48272332,1.2042392,1.8445921,0,0,3.1470697
5141,112,14067,2009,5wgr_PM7_A_712,4,gnina,0.48272332,1.2042392,1.8445921,0,2.3301768e-05,2.6303035
5142,112,14074,2010,5wgv_PM7_A_712,4,gnina,0.48272332,1.2042392,1.8445921,0,0,3.3350493
5143,112,14081,2011,5wgv_PM7_A_713,4,gnina,0.48272332,1.2042392,1.8445921,0,2.8890057e-05,2.9933464
5144,112,15663,2237,6jea_NAG_A_501,4,gnina,0.48272332,1.2042392,1.8445921,0,0.97165207,2.2394973
5145,112,11120,1588,5b4o_6DQ_B_201,4,gnina,0.52993769,1.1932064,2.0964589,0,0.91596001,2.8875444
5146,112,9181,1311,4lek_1DN_X_202,4,gnina,0.48272332,1.1905926,1.9335911,0,0.95927662,4.896656
5147,112,4389,627,2giq_NN2_A_1001,0,surfdock,0.53453742,1.1876346,2.1702642,0,0.99421199,4.5222768
5148,112,9650,1378,4oxy_1TN_D_302,4,gnina,0.48272332,1.1866379,1.9599004,0,0.98864134,5.4590274
5149,112,13661,1951,5uap_82S_A_505,4,gnina,0.47839851,1.1750231,1.8445921,0,0.043442223,2.449768
5150,112,4288,612,2fr6_URI_B_1002,4,gnina,0.48272332,1.1724535,2.0562449,0,0.99320035,3.5808626
5151,112,1166,166,1ij8_BNI_A_501,4,gnina,0.47126961,1.1724033,1.8445921,0,0.0017244195,6.6766604
5152,112,9209,1315,4lol_1YE_A_402,4,gnina,0.55765345,1.1696999,2.4642305,0,3.5719712e-09,3.7523086
5153,112,9202,1314,4lol_1YE_A_401,4,gnina,0.5584285,1.1675581,2.4851708,0,0.89386936,3.3602924
5154,112,8047,1149,4dab_HPA_A_301,4,gnina,0.45602655,1.1672777,1.8445921,0,0.95683889,2.0638427
5155,112,10217,1459,4ur9_OAN_A_1718,4,gnina,0.48272332,1.166971,2.0943353,0,0.97740844,6.3686469
5156,112,501,71,1fdk_GLE_A_150,4,gnina,0.48272332,1.1657455,2.1029167,0,6.3696569e-10,9.3321866
5157,112,914,130,1h48_CDI_E_902,4,gnina,0.54586936,1.1649024,2.3945172,0,0.9893664,2.5770713
5158,112,12730,1818,5jep_EVF_B_303,4,gnina,0.43644232,1.1638606,1.8445921,0,0.51415964,2.2638527
5159,112,9762,1394,4q3a_2YC_B_904,4,gnina,0.57450701,1.1603079,2.5873888,0,0.97992052,4.1014986
5160,112,3308,472,1yik_MM1_A_501,4,gnina,0.45346891,1.1577747,1.9051926,0,0.00053327132,1.7877393
5161,112,4396,628,2giq_NN2_B_2001,0,surfdock,0.53453742,1.157719,2.3864911,0,0.98879051,4.5174491
5162,112,9755,1393,4q3a_2YC_A_904,4,gnina,0.56770215,1.1577025,2.5873888,0,0.91490274,5.0307149
5163,112,13829,1975,5uo5_M4R_B_803,4,gnina,0.55507486,1.1570583,2.5267892,0,0.88944907,7.997515
5164,113,3035,433,1vzu_UDP_B_2371,4,gnina,0.55354006,1.2502292,1.844734,0,0.88303613,5.0302468
5165,113,8271,1181,4ejh_0QA_D_502,4,gnina,0.50395979,1.2255716,1.844734,0,0.0047171411,21.767655
5166,113,3028,432,1vzu_UDP_A_1371,4,gnina,0.48406864,1.2055373,1.844734,0,0.77646263,5.2704683
5167,113,5226,746,2qx9_ML2_A_233,4,gnina,0.48406864,1.2055373,1.844734,0,0.001549975,2.6214693
5168,113,16664,2380,6qdb_HWQ_A_1002,4,gnina,0.48406864,1.2055373,1.844734,0,4.5346732e-07,4.6744953
5169,113,5912,844,2z20_PLP_A_701,4,gnina,0.56305566,1.2030866,2.2374072,0,0.91180688,3.1777387
5170,113,8281,1183,4ejh_0QA_F_502,0,surfdock,0.53472203,1.2027795,2.0664678,0,0,3.0859733
5171,113,8274,1182,4ejh_0QA_E_502,0,surfdock,0.53472203,1.2017395,2.0734892,0,0.72563523,3.0545412
5172,113,16804,2400,6r5o_BGC_A_801,4,gnina,0.48406864,1.1936966,1.9217037,0,0.98725877,3.4118593
5173,113,16671,2381,6qdb_HWQ_A_1003,4,gnina,0.55761642,1.1908695,2.276118,0,7.572648e-09,4.2193111
5174,113,2692,384,1thc_FL9_B_130,4,gnina,0.48406864,1.1895954,1.9488459,0,1.7245159e-08,2.6749357
5175,113,2902,414,1ubs_SER_B_398,4,gnina,0.54816841,1.1883416,2.2232759,0,0.84783539,5.2591741
5176,113,6864,980,3w8x_FTK_A_601,4,gnina,0.48406862,1.1871013,1.844734,0,4.2572477e-05,3.5258255
5177,113,2678,382,1thc_FL9_A_130,4,gnina,0.4840686,1.1865305,1.844734,0,4.4278506e-08,3.1392394
5178,113,7046,1006,3wsg_CIT_F_302,4,gnina,0.557407,1.1826584,2.3319683,0,0.31520872,5.1614407
5179,113,17616,2516,6xzx_O5H_A_302,4,gnina,0.57215166,1.1816462,2.4128759,0,0.83830471,5.1208513
5180,113,14767,2109,6abm_9VR_A_505,4,gnina,0.48406864,1.1813354,2.0042865,0,0.45031734,7.2040278
5181,113,14746,2106,6a3j_SOE_D_401,4,gnina,0.48406864,1.1798164,2.014596,0,0.98157698,5.1838779
5182,113,7018,1002,3wsg_CIT_B_302,4,gnina,0.55767477,1.1791538,2.3621614,0,0.23730957,5.5203692
5183,113,4981,711,2pir_NK_A_933,4,gnina,0.4818791,1.1779688,1.844734,0,0.0040232903,1.699928
5184,113,13934,1990,5vv0_9OM_A_803,4,gnina,0.57557759,1.1775,2.4546475,0,3.6093483e-13,5.1820098
5185,113,6752,964,3vq4_0NX_A_304,4,gnina,0.4807522,1.1769285,1.8459444,0,0.9726435,1.7668683
5186,113,14732,2104,6a3j_SOE_B_401,4,gnina,0.48406864,1.1758482,2.0416994,0,0.98044686,6.9854768
5187,113,6465,923,3t3q_9PL_C_501,4,gnina,0.55761428,1.1730928,2.4044158,0,0.0004643414,5.1064624
5188,113,2083,297,1o68_KIV_D_275,4,gnina,0.53769381,1.1728694,2.2998381,0,0.9821337,3.2517429
5189,113,16825,2403,6r5o_BGC_B_802,4,gnina,0.47732897,1.1725737,1.8682925,0,2.0561331e-06,4.2472484
5190,113,2104,300,1om5_INE_B_791,4,gnina,0.46581941,1.1720328,1.844734,0,0.00029421017,2.2517857
5191,113,9216,1316,4luu_BTM_A_704,4,gnina,0.48401947,1.1702154,1.9272008,0,0,2.0630656
5192,113,8684,1240,4i0b_CMP_A_302,4,gnina,0.55318626,1.1663116,2.411252,0,0.99580115,2.8533004
5193,113,1488,212,1kar_HSM_A_502,4,gnina,0.48391944,1.166012,1.9495022,0,0.30388834,2.1414879
5194,113,12863,1837,5kf2_COA_A_401,4,gnina,0.53152532,1.1634887,2.3100405,0,0.46316492,6.1122801
5195,113,900,128,1h48_CDI_A_201,4,gnina,0.48406864,1.1624956,2.1347504,0,0.99373842,5.9344193
5196,113,907,129,1h48_CDI_D_201,4,gnina,0.48406864,1.1615908,2.1411612,0,0.98409532,3.1540632
5197,113,14431,2061,5ybp_8SX_B_303,4,gnina,0.48406864,1.1595583,2.1556108,0,0,4.9122861
5198,113,17406,2486,6ur0_ETM_A_401,4,gnina,0.47632299,1.1589803,1.9559842,0,0,2.2392322
5199,113,12352,1764,5i5t_67X_A_402,4,gnina,0.54885163,1.1579019,2.4521244,0,0.21340523,3.1514823
5200,113,7025,1003,3wsg_CIT_C_302,4,gnina,0.53316588,1.1571886,2.3621614,0,0.042814166,5.371531
5201,113,4302,614,2fu9_MP2_B_2410,4,gnina,0.54068503,1.1571606,2.4207876,0,0.51457615,4.3788307
5202,113,15796,2256,6krs_CIT_C_301,4,gnina,0.55525537,1.1571556,2.4989023,0,0.016074281,7.4440263
5203,113,8687,1241,4i0b_CMP_B_301,0,surfdock,0.53472203,1.1566021,2.3949296,0,0.89837496,3.7810162
5204,113,14319,2045,5y7r_58K_B_403,4,gnina,0.48406864,1.1561192,2.180218,0,0,3.3731051
5205,113,8019,1145,4d5e_TPP_B_1590,4,gnina,0.48406864,1.156074,2.1805425,0,0.99438554,7.6225723
5206,113,3644,520,2agw_TSS_D_3001,4,gnina,0.4283595,1.1548524,1.844734,0,0.072105097,2.3672911
5207,113,3651,521,2agw_TSS_H_2001,4,gnina,0.4283595,1.1548524,1.844734,0,0.050957705,3.3444697
5208,113,11820,1688,5fal_SKT_A_502,4,gnina,0.4283595,1.1548524,1.844734,0,0.9963605,4.0446628
5209,113,16797,2399,6r4j_GLU_A_704,4,gnina,0.4283595,1.1543359,1.8481946,0,0,3.6454778
5210,113,4631,661,2ixi_TYD_B_1182,4,gnina,0.55485735,1.1532376,2.5241663,0,0.017339826,4.840262
5211,113,13479,1925,5tch_MLI_F_501,4,gnina,0.5611469,1.1526311,2.603868,0,0.21282054,8.256084
5212,113,13465,1923,5tch_MLI_C_301,4,gnina,0.56066045,1.1520324,2.605294,0,0.532318,19.180156
5213,113,12849,1835,5kcp_PFB_B_378,4,gnina,0.48406864,1.1519757,2.2101316,0,0.95752684,2.5511463
5214,114,4463,637,2gzm_DGL_A_501,4,gnina,0.5606113,1.2573649,1.8599629,0,0.99304708,4.928495
5215,114,4585,655,2ij7_TPF_B_2470,0,surfdock,0.685496,1.2478034,2.5339909,0,2.9298203e-05,3.5893013
5216,114,6514,930,3tky_N7I_D_369,4,gnina,0.53436825,1.2354824,1.8451253,0,0.00030304475,4.3398255
5217,114,12562,1794,5iuy_BOG_B_503,4,gnina,0.50134824,1.2265429,1.8451253,0,0.91383303,5.9409109
5218,114,11043,1577,5agl_CCW_A_800,4,gnina,0.53871534,1.2157477,2.0117288,0,0.48746632,4.4846159
5219,114,620,88,1g6n_CMP_B_622,4,gnina,0.4833834,1.2072886,1.8451253,0,0.99234586,4.3178425
5220,114,4470,638,2gzm_DGL_C_503,4,gnina,0.4833834,1.2058698,1.8542144,0,0.99337429,2.9386778
5221,114,8628,1232,4hzf_CMP_A_302,4,gnina,0.51902814,1.2046465,2.0012481,0,0.99770562,3.6320901
5222,114,4477,639,2gzm_DGL_D_504,4,gnina,0.4833834,1.2038561,1.8671629,0,0.99033566,2.8628127
5223,114,11050,1578,5agl_CCW_B_800,4,gnina,0.50453082,1.2014976,2.0117288,0,0.12736723,4.1361795
5224,114,613,87,1g6n_CMP_A_621,4,gnina,0.48338334,1.1889512,1.8451253,0,0.99550708,5.5072319
5225,114,11253,1607,5cfw_53W_A_201,4,gnina,0.48337701,1.1871175,1.8451253,0,0.012098236,6.557225
5226,114,3728,532,2b3f_GAL_B_3311,4,gnina,0.5597723,1.185163,2.3287585,0,0.99844754,6.8900822
5227,114,6500,928,3tky_N7I_B_369,4,gnina,0.47493689,1.1788657,1.8451253,0,0,3.6360056
5228,114,12569,1795,5iuy_BOG_C_503,4,gnina,0.47473837,1.1786365,1.8451253,0,0.00072106536,7.6985428
5229,114,4134,590,2euq_BVC_A_401,4,gnina,0.47110528,1.177605,1.8451253,0,0.67039515,1.4175088
5230,114,12079,1725,5goo_FRU_A_501,4,gnina,0.55547807,1.1774812,2.3414187,0,4.2896074e-06,3.5775643
5231,114,16541,2363,6pn9_OU7_B_803,0,surfdock,0.53441659,1.1750563,2.2688725,0,0.53555805,3.7540299
5232,114,13902,1986,5vut_9OG_A_803,0,surfdock,0.53441659,1.1746809,2.2715714,0,0.93034317,3.2684947
5233,114,16965,2423,6s23_KSW_B_402,4,gnina,0.46096653,1.1746252,1.8451253,0,6.1288765e-06,1.8967046
5234,114,7060,1008,3wug_XYP_C_2,4,gnina,0.45875387,1.1735937,1.8451253,0,6.1534215e-06,1.4150352
5235,114,13909,1987,5vut_9OG_B_803,0,surfdock,0.53441659,1.1727258,2.2856698,0,0,3.2789326
5236,114,9720,1388,4pik_MAN_C_503,4,gnina,0.48332167,1.1714835,1.9364556,0,0.99442552,1.8542036
5237,114,3756,536,2b3f_GAL_F_3315,4,gnina,0.54377296,1.1709086,2.3287585,0,0.99735715,7.7191492
5238,114,10560,1508,4yu7_DHC_A_203,4,gnina,0.43868303,1.17027,1.8451253,0,0.0042653599,2.1584455
5239,114,2419,345,1rf2_BV4_E_105,4,gnina,0.55618065,1.1702214,2.4010715,0,0.42467202,4.5281759
5240,114,13115,1873,5mot_HBD_A_401,4,gnina,0.48325328,1.1693434,1.9455335,0,0.93509195,1.6152849
5241,114,13108,1872,5mdh_MAK_B_335,4,gnina,0.43331271,1.1690093,1.8451253,0,2.3498881e-07,2.4677277
5242,114,2412,344,1rf2_BV4_D_104,4,gnina,0.55463592,1.168401,2.4010715,0,0.77020466,4.0644639
5243,114,16590,2370,6po9_OS7_B_804,0,surfdock,0.53441659,1.1682901,2.3178954,0,0.40392794,3.8649129
5244,114,5513,787,2vsu_V55_D_1251,4,gnina,0.48299269,1.167561,1.9468745,0,0.54310222,3.9883934
5245,114,15516,2216,6hmw_FUL_I_201,4,gnina,0.4833834,1.1674768,2.1115637,0,0.99453974,2.3234073
5246,114,2741,391,1tl2_NDG_A_238,4,gnina,0.4833542,1.1661626,1.9762881,0,0.98335812,2.4517397
5247,114,389,55,1dy3_87Y_A_201,4,gnina,0.5691177,1.1658812,2.5272841,0,0.98708305,4.3140271
5248,114,11036,1576,5ag5_DLR_A_1422,4,gnina,0.48338154,1.1622743,2.0152576,0,1.1351478e-05,3.133437
5249,114,8649,1235,4i02_CMP_A_302,4,gnina,0.52131035,1.1610091,2.3086333,0,0.23888144,3.9561825
5250,114,15656,2236,6jc7_F0G_D_601,4,gnina,0.55823021,1.1600457,2.4959824,0,4.752329e-06,7.6880615
5251,114,235,33,1cgk_NAR_A_390,4,gnina,0.42821099,1.1596687,1.8451253,0,0,3.2945778
5252,114,16636,2376,6q4r_MLT_A_1041,4,gnina,0.42821099,1.1596687,1.8451253,0,0,2.3457436
5253,114,8656,1236,4i02_CMP_B_301,4,gnina,0.54986365,1.1596105,2.4444888,0,0.99382756,6.8034283
5254,114,4592,656,2ij7_TPF_D_2473,0,surfdock,0.57347449,1.1582233,2.5976675,0,0,3.5463754
5255,114,8635,1233,4hzf_CMP_B_301,4,gnina,0.4833834,1.1573692,2.1831856,0,0.99475842,3.6530321
5256,114,2566,366,1sjc_SMG_B_1100,4,gnina,0.58943445,1.1571445,2.6150703,0,0.4088544,4.8426189
5257,114,2398,342,1r4f_AD3_B_330,4,gnina,0.4833834,1.1557699,2.1946752,0,0.0008071043,4.5841823
5258,114,2573,367,1sjc_SMG_C_1200,4,gnina,0.55796706,1.1539385,2.5363531,0,0.92459202,4.8115387
5259,114,5893,841,2yjd_YJD_B_1498,6,smina,0.33372046,1.1528495,1.8451253,0,0,2.5760435
5260,114,3093,441,1w62_PYC_A_700,6,smina,0.31252367,1.1525057,1.8451253,0,0.99453936,0.68202383
5261,114,6705,957,3vmg_9CA_B_2001,6,smina,0.31249825,1.1523911,1.8451253,0,0.93328234,1.0237432
5262,114,12186,1740,5h9i_XAN_A_301,6,smina,0.31207427,1.151818,1.8451253,0,0.97503983,0.63819466
5263,114,16792,2398,6qrn_RIP_A_500,6,smina,0.31174495,1.1514742,1.8451253,0,0.05173119,0.51966646
5264,115,16160,2308,6nbw_LAB_A_403,4,gnina,0.58052139,1.2671046,1.8414438,0,0.99749101,4.8615041
5265,115,8845,1263,4ict_1ED_A_406,4,gnina,0.5618762,1.2536419,1.8414438,0,0.011869561,3.5545524
5266,115,15075,2153,6f2v_AMP_A_1001,4,gnina,0.48586185,1.209169,1.8414438,0,0.03862551,6.3586307
5267,115,15082,2154,6f2v_AMP_B_1001,4,gnina,0.48586185,1.209169,1.8414438,0,0.90041331,6.7190371
5268,115,15572,2224,6hsg_GM5_C_504,4,gnina,0.48586185,1.209169,1.8414438,0,1.5175612e-08,7.9829933
5269,115,15579,2225,6hsg_GM5_D_504,4,gnina,0.48586185,1.209169,1.8414438,0,0.61323574,6.6920624
5270,115,17602,2514,6xu3_PLG_B_401,4,gnina,0.48586185,1.209169,1.8414438,0,0.88567603,5.7518894
5271,115,14956,2136,6cut_FEJ_C_401,4,gnina,0.55194994,1.2075118,2.0842428,0,0.98810039,10.29518
5272,115,9412,1344,4n36_2F8_C_401,4,gnina,0.48586185,1.2061863,1.8605273,0,0,2.4736571
5273,115,9405,1343,4n36_2F8_B_401,4,gnina,0.48586185,1.2026694,1.8831912,0,0.75492842,2.9705293
5274,115,8754,1250,4i6w_1CO_A_501,4,gnina,0.48582489,1.1880544,1.8414438,0,0,2.3448627
5275,115,12303,1757,5hyv_TPP_A_701,4,gnina,0.5162524,1.1872992,2.1164594,0,0.009534525,6.714965
5276,115,15565,2223,6hsg_GM5_A_504,4,gnina,0.48569673,1.1868462,1.8414438,0,3.8754286e-06,6.7247013
5277,115,4239,605,2fhn_BNI_Y_502,4,gnina,0.48586185,1.1856927,1.9951599,0,0.99269362,5.0783954
5278,115,8299,1185,4ek1_CAM_B_502,4,gnina,0.47834846,1.1824162,1.8414438,0,0.043326237,2.2906114
5279,115,6801,971,3vv5_SLZ_B_301,4,gnina,0.55071862,1.1823168,2.2524655,0,0.91289648,2.4918529
5280,115,5688,812,2xh0_PEP_A_1440,4,gnina,0.48586185,1.1822708,2.0182564,0,0.99472856,4.1877164
5281,115,17791,2541,8cpp_TCM_A_422,4,gnina,0.47771341,1.1821861,1.8414438,0,0.043855689,1.8443851
5282,115,1355,193,1jf0_CZH_A_197,4,gnina,0.57982137,1.1799114,2.4252832,0,0.99456484,9.7362202
5283,115,13857,1979,5ve5_GSH_B_402,4,gnina,0.46954307,1.1794245,1.8414438,0,0.082177041,4.4420443
5284,115,16293,2327,6nnn_G1P_A_503,4,gnina,0.48586185,1.1770437,2.053889,0,5.7281713e-08,3.154306
5285,115,17147,2449,6t02_M5E_A_602,4,gnina,0.48584512,1.1744239,1.9335774,0,2.5297171e-07,1.7792887
5286,115,6444,920,3sru_Q26_X_169,4,gnina,0.48586185,1.1740781,2.0742965,0,0.96475039,8.0857964
5287,115,2454,350,1rqh_PYR_A_602,4,gnina,0.43693268,1.1732109,1.8414438,0,0.01606809,1.5682797
5288,115,14963,2137,6cut_FEJ_D_401,4,gnina,0.48586185,1.1699095,2.1032202,0,0.98571921,7.5295899
5289,115,5016,716,2ptm_CMP_A_401,4,gnina,0.42911883,1.1622279,1.8490423,0,0,3.4528858
5290,115,8425,1203,4g1x_TQU_A_410,4,gnina,0.56701047,1.1621946,2.5264168,0,0.1632594,2.7474297
5291,115,10007,1429,4tq4_DMA_D_403,4,gnina,0.56254256,1.1606171,2.4842074,0,0.016302459,3.7310589
5292,115,9827,1403,4qe1_RUU_A_403,6,smina,0.40363803,1.1577921,1.8414438,0,0.00069800512,0.70890236
5293,115,7650,1092,4c7g_NGO_A_1495,6,smina,0.3929036,1.1571592,1.8414438,0,0.00072600716,1.0494616
5294,115,643,91,1g72_PQQ_C_703,6,smina,0.39290357,1.1568716,1.8414438,0,0.99238536,3.9037469
5295,115,8161,1165,4du7_DP6_B_401,6,smina,0.38858034,1.1566415,1.8414438,0,0.93118625,3.2091541
5296,115,2904,414,1ubs_SER_B_398,6,smina,0.38843274,1.1565264,1.8414438,0,0.87363587,4.138218
5297,115,15455,2207,6hl9_SIN_A_402,6,smina,0.38645837,1.1564113,1.8414438,0,0,0.81958907
5298,115,8434,1204,4gcq_0JM_A_401,6,smina,0.38634208,1.1562963,1.8414438,0,8.7788002e-09,5.3999695
5299,115,10079,1439,4u8p_UDP_C_603,6,smina,0.38199833,1.1557209,1.8414438,0,0,1.2983903
5300,115,4834,690,2nu7_COA_E_1325,4,gnina,0.467845,1.1555471,2.0003552,0,3.6358971e-07,4.2109559
5301,115,10296,1470,4wca_CIT_A_401,6,smina,0.38142592,1.1554908,1.8414438,0,0.017833404,1.3358277
5302,115,1182,168,1iri_E4P_A_601,6,smina,0.38138889,1.1553757,1.8414438,0,0.79536845,1.4750842
5303,115,10716,1530,4zdz_TPF_A_602,6,smina,0.38059445,1.1552607,1.8414438,0,0,2.7884226
5304,115,2939,419,1uxi_FUM_B_1311,6,smina,0.37957042,1.1551456,1.8414438,0,0,0.79067833
5305,115,9484,1354,4nf4_2JK_A_301,6,smina,0.37882661,1.1549155,1.8414438,0,0.99543615,1.4223105
5306,115,5613,801,2wj4_HQD_A_1281,6,smina,0.37859971,1.1546853,1.8414438,0,0.98978407,1.1730227
5307,115,10000,1428,4tq4_DMA_C_403,4,gnina,0.55336828,1.154637,2.4754188,0,0.0060718716,4.8860553
5308,115,2673,381,1tf8_TRP_A_913,6,smina,0.3785861,1.1545703,1.8414438,0,0.98890516,1.5903544
5309,115,11024,1574,5af9_SJR_H_1250,6,smina,0.37806901,1.1543401,1.8414438,0,0,1.7120511
5310,115,3588,512,2a0x_DIH_A_300,4,gnina,0.4256345,1.1540432,1.8672898,0,0.073356347,3.634239
5311,115,12844,1834,5kcp_PFB_A_379,6,smina,0.37737367,1.1538799,1.8414438,0,0.01043589,0.77103219
5312,115,13369,1909,5ooa_URI_A_201,6,smina,0.37696352,1.1537648,1.8414438,0,0,2.6530971
5313,115,3245,463,1xkw_188_A_1001,4,gnina,0.48586185,1.1537116,2.2183166,0,0.99691169,2.3559738
5314,116,88,12,1ajs_PLA_A_415,4,gnina,0.59785657,1.2670947,1.8246239,0,0.9641239,6.6793062
5315,116,10945,1563,5a86_D7E_A_1433,4,gnina,0.56496376,1.2562353,1.8246239,0,0.99174548,6.4000885
5316,116,14865,2123,6bds_DJ4_A_302,4,gnina,0.51659335,1.2290865,1.8246239,0,0,6.1436521
5317,116,13409,1915,5sga_TYR_P_1,4,gnina,0.57924919,1.2128129,2.1418674,0,0,12.940933
5318,116,592,84,1fuy_FIP_A_269,4,gnina,0.48496654,1.2099091,1.8246239,0,0.82269911,3.7363464
5319,116,3959,565,2caq_GSH_A_1208,4,gnina,0.48496654,1.2099091,1.8246239,0,0.00028941252,4.3956822
5320,116,14879,2125,6btq_E8S_A_305,4,gnina,0.48496654,1.2099091,1.8246239,0,0.00071552896,8.5367686
5321,116,17525,2503,6vv1_RMJ_A_501,4,gnina,0.48496654,1.2099091,1.8246239,0,2.8041633e-05,5.5888754
5322,116,13717,1959,5uim_TYD_B_403,4,gnina,0.48496654,1.2096083,1.8265417,0,0.3473614,6.7386802
5323,116,816,116,1h18_DTL_B_9010,4,gnina,0.55889061,1.2061579,2.1039062,0,0.053475467,5.7742919
5324,116,7571,1081,4buf_F36_A_2162,4,gnina,0.54287057,1.2024459,2.0715084,0,0.99289624,3.2871395
5325,116,7578,1082,4buf_F36_B_2162,4,gnina,0.5424637,1.2023339,2.0715084,0,0.98739917,3.820796
5326,116,15971,2281,6lx5_C5F_B_502,4,gnina,0.54774281,1.1818116,2.2307744,0,0.10867837,2.9470347
5327,116,2622,374,1t5z_DHT_A_931,4,gnina,0.56332107,1.1719171,2.3751292,0,0.9946907,2.5770373
5328,116,774,110,1gz5_G6P_D_901,4,gnina,0.50850932,1.1698653,2.21875,0,1.2766772e-06,5.3940862
5329,116,781,111,1gz5_UDP_C_900,4,gnina,0.55366259,1.1669618,2.3582237,0,0.92366707,8.3183028
5330,116,5443,777,2v7o_DRN_A_1303,4,gnina,0.54999697,1.1660813,2.3479295,0,0,7.6829124
5331,116,2587,369,1syf_THP_A_180,4,gnina,0.48496654,1.1635595,2.1360688,0,0.43906068,5.0040687
5332,116,2286,326,1pvc_ILE_0_7,4,gnina,0.48496654,1.1631573,2.1389189,0,0,24.788574
5333,116,12709,1815,5je5_AZ9_A_302,4,gnina,0.48492339,1.1620634,2.008698,0,0,2.1521428
5334,116,1831,261,1mmy_G6D_A_348,4,gnina,0.42422218,1.1608104,1.8246239,0,0.0026300371,4.0305555
5335,116,6187,883,3qfx_CP6_B_702,6,smina,0.4184674,1.1604638,1.8246239,0,0,1.5815582
5336,116,1161,165,1if4_FBS_A_555,6,smina,0.4126323,1.1603483,1.8246239,0,0,1.2879787
5337,116,767,109,1gz5_G6P_C_901,4,gnina,0.48496654,1.1602925,2.1593003,0,3.3112043e-06,5.2826121
5338,116,893,127,1h48_C5P_E_901,4,gnina,0.56426952,1.1602284,2.4732251,0,0.95012735,4.4517401
5339,116,8481,1211,4gim_PSU_B_400,4,gnina,0.56104786,1.16003,2.4463198,0,0.10406538,3.9761234
5340,116,10317,1473,4wdx_WDX_B_402,6,smina,0.40586982,1.1598861,1.8246239,0,0,2.3209733
5341,116,14923,2131,6cdy_EY1_A_501,6,smina,0.40506315,1.1596551,1.8246239,0,0,3.6565794
5342,117,5051,721,2q6m_P34_A_1001,4,gnina,0.54857853,1.2437745,1.8244193,0,0.28213503,2.8337452
5343,117,6419,917,3sjh_LAR_A_503,0,surfdock,0.5334096,1.2369431,1.8244193,0,0,4.2261876
5344,117,16902,2414,6rgr_RM4_A_402,4,gnina,0.47964863,1.1865761,1.8244193,0,0.70274651,1.582826
5345,117,16867,2409,6rgg_K3Q_A_401,4,gnina,0.48546624,1.1842326,2.0023997,0,0.018100136,2.6212231
5346,117,16895,2413,6rgg_K3Q_B_405,4,gnina,0.47679914,1.1786741,1.8724239,0,0.9848106,2.4111222
5347,117,16874,2410,6rgg_K3Q_A_402,4,gnina,0.48538633,1.1784866,1.9079528,0,0.00069195418,2.3398715
5348,117,6423,917,3sjh_LAR_A_503,4,gnina,0.42905845,1.1736081,1.8244193,0,0.99864198,3.4094107
5349,117,13689,1955,5ud3_P6F_A_404,4,gnina,0.48546624,1.1672604,2.1195061,0,0.0083527538,4.6722262
5350,117,13696,1956,5ud3_P6F_B_404,4,gnina,0.48546624,1.1672604,2.1195061,0,0.91866482,4.5385435
5351,117,15933,2276,6lit_2OH_B_501,1,unimol,0.88806287,1.1664287,3.8016825,0,0,19.67
5352,117,15926,2275,6lit_2OH_A_501,1,unimol,0.88747062,1.1648362,3.8016825,0,0.81148325,21.03
5353,117,7860,1122,4cme_KTZ_C_1270,6,smina,0.38063292,1.1624926,1.8244193,0,0,2.9035869
5354,117,923,131,1h48_CDI_F_902,6,smina,0.37699269,1.1622611,1.8244193,0,2.4271278e-05,1.2583442
5355,117,6754,964,3vq4_0NX_A_304,6,smina,0.37400647,1.1619137,1.8244193,0,1.8473579e-05,1.1511078
5356,117,15868,2266,6l68_ALL_A_201,6,smina,0.37260869,1.1617979,1.8244193,0,0.92053352,0.7646829
5357,117,111,15,1aog_MAE_A_500,6,smina,0.37183135,1.1616821,1.8244193,0,0,0.71096821
5358,117,2246,320,1pr0_NOS_B_1246,6,smina,0.36992564,1.1614506,1.8244193,0,0.0071646285,2.585492
5359,117,7230,1032,3zyx_MBT_B_601,6,smina,0.36890491,1.1609874,1.8244193,0,0,1.691303
5360,117,9615,1373,4ofu_DHT_A_1001,4,gnina,0.57015851,1.1608018,2.5144913,0,0.99005079,2.1080136
5361,117,8945,1277,4jb0_ENO_A_402,6,smina,0.3641477,1.1602927,1.8244193,0,0.9950233,1.281559
5362,117,7837,1119,4clr_FDB_C_1270,4,gnina,0.46923066,1.1598974,1.9836386,0,0.94024436,2.3911399
5363,117,181,25,1bo8_U_A_318,6,smina,0.36363229,1.1597138,1.8244193,0,0,2.7836312
5364,117,7573,1081,4buf_F36_A_2162,6,smina,0.36358336,1.159598,1.8244193,0,0,3.1947222
5365,117,8588,1226,4hon_AKG_B_401,6,smina,0.36347362,1.1591348,1.8244193,0,0.94454028,1.0511665
5366,117,8581,1225,4hon_AKG_A_401,6,smina,0.36343239,1.159019,1.8244193,0,0.99503453,1.1242094
5367,117,13747,1963,5uio_LG3_A_201,6,smina,0.36335805,1.1589033,1.8244193,0,0,0.612557
5368,117,7580,1082,4buf_F36_B_2162,6,smina,0.36335191,1.1587875,1.8244193,0,0,2.1942516
5369,117,12956,1850,5la1_XYP_A_601,6,smina,0.36307029,1.1583243,1.8244193,0,0.023808841,0.81051978
5370,117,2659,379,1tc2_7HP_B_810,6,smina,0.36297108,1.1582085,1.8244193,0,1.2944224e-07,0.82853399
5371,117,17632,2518,6y4z_TLA_D_301,6,smina,0.36252888,1.1575138,1.8244193,0,0.17780734,0.95402871
5372,117,13880,1982,5vka_AKG_A_402,6,smina,0.36234411,1.157398,1.8244193,0,0,1.0392034
5373,117,3539,505,1zpd_CIT_A_610,4,gnina,0.48546624,1.1573488,2.1900609,0,0.079467393,6.4221768
5374,117,14580,2082,5z9p_AX7_B_301,6,smina,0.36211776,1.1572823,1.8244193,0,0,0.61882223
5375,117,1343,191,1j54_TMP_A_2000,6,smina,0.3615284,1.1570507,1.8244193,0,0,3.6011647
5376,117,223,31,1cdk_MYR_A_403,6,smina,0.36147285,1.1569349,1.8244193,0,0.66112392,0.56919767
5377,117,10534,1504,4y6n_3PG_A_402,6,smina,0.36104374,1.1567033,1.8244193,0,0.0014364564,1.7931044
5378,117,7587,1083,4buv_16I_A_2165,6,smina,0.36087162,1.1565875,1.8244193,0,0,3.756216
5379,117,3128,446,1wq4_TYR_A_501,6,smina,0.3592002,1.1562402,1.8244193,0,2.2285523e-06,1.4709873
5380,117,14307,2043,5y1g_AKB_A_401,6,smina,0.35776429,1.155777,1.8244193,0,0.12295326,0.98313284
5381,117,2827,403,1u18_HSM_B_402,6,smina,0.35766813,1.1556612,1.8244193,0,5.3256683e-07,0.81278472
5382,117,263,37,1cq1_BGC_A_455,4,gnina,0.47333757,1.1550116,2.0245264,0,0.0005490441,2.5970248
5383,117,3247,463,1xkw_188_A_1001,6,smina,0.35639945,1.154735,1.8244193,0,0,1.339908
5384,117,3149,449,1x29_PMG_A_413,6,smina,0.35637354,1.1546192,1.8244193,0,0.90099509,9.0157031
5385,117,12697,1813,5je1_TOF_A_302,6,smina,0.35636886,1.1545034,1.8244193,0,0,1.0571656
5386,117,14419,2059,5yb7_ORN_D_603,6,smina,0.35636287,1.1543876,1.8244193,0,0.0017726506,1.1930814
5387,117,12704,1814,5je1_TOF_B_302,6,smina,0.35634894,1.1542718,1.8244193,0,0,1.1039519
5388,117,7830,1118,4clr_FDB_B_1270,4,gnina,0.47062298,1.1541022,2.026145,0,0.98686323,2.4612267
5389,117,5676,810,2x0u_X0U_B_1291,6,smina,0.35629288,1.1540402,1.8244193,0,0,0.98144384
5390,117,8637,1233,4hzf_CMP_B_301,6,smina,0.3562874,1.1539245,1.8244193,0,0,3.5021233
5391,117,5690,812,2xh0_PEP_A_1440,6,smina,0.35628584,1.1538087,1.8244193,0,0.99572164,1.3832842
5392,118,12023,1717,5g44_YTZ_A_1512,4,gnina,0.48595683,1.1920544,1.7887194,0,0.89602537,2.3980073
5393,118,438,62,1e7h_PLM_A_1001,4,gnina,0.56098197,1.1657798,2.3643882,0,0.63660115,2.9658274
5394,118,433,61,1e5f_PLP_B_405,6,smina,0.30803471,1.1627587,1.7887194,0,0.4022451,1.8102193
5395,118,16778,2396,6qqs_JCZ_A_301,6,smina,0.30601072,1.1625262,1.7887194,0,0,1.2812873
5396,118,7244,1034,3zzv_FUC_B_401,6,smina,0.30348213,1.1621775,1.7887194,0,0.99755056,0.60284298
5397,118,7202,1028,3zwe_FUC_A_110,6,smina,0.30347056,1.1620612,1.7887194,0,0.99729766,0.73598954
5398,118,9750,1392,4pxd_1AL_A_502,6,smina,0.30346334,1.161945,1.7887194,0,0.99719807,1.6253425
5399,118,9701,1385,4pik_MAN_A_501,6,smina,0.3033594,1.1617124,1.7887194,0,0.27597947,0.80338053
5400,118,7706,1100,4cju_JNS_A_1217,6,smina,0.30335546,1.1614799,1.7887194,0,0,2.2761112
5401,118,16771,2395,6qot_6SD_B_301,6,smina,0.30335235,1.1612474,1.7887194,0,0,1.4271856
5402,118,5340,762,2tio_BEN_A_247,6,smina,0.3033337,1.1610149,1.7887194,0,0.9935403,0.79607817
5403,118,5627,803,2wj4_HQD_D_1278,6,smina,0.30326005,1.1603174,1.7887194,0,0.99431803,1.1244735
5404,118,17611,2515,6xu3_PLP_D_401,6,smina,0.30323017,1.1600849,1.7887194,0,0.98538643,2.8486682
5405,118,11668,1666,5eo7_SFU_B_405,6,smina,0.30321682,1.1599687,1.7887194,0,0.96055797,0.80632864
5406,118,11864,1694,5fiu_Y3J_B_1299,6,smina,0.30318848,1.1597362,1.7887194,0,0.98611511,3.3743306
5407,118,11857,1693,5fiu_Y3J_A_1299,6,smina,0.30316141,1.1596199,1.7887194,0,0.98930789,3.0602037
5408,118,9715,1387,4pik_MAN_B_503,6,smina,0.30312665,1.1595037,1.7887194,0,0.72453528,0.78251133
5409,118,9610,1372,4ocj_NDG_A_401,6,smina,0.30308835,1.1591549,1.7887194,0,0.98846261,2.2433905
5410,118,16806,2400,6r5o_BGC_A_801,6,smina,0.3030678,1.1590386,1.7887194,0,0.93359819,0.85866813
5411,118,1035,147,1h70_CIR_A_500,6,smina,0.30302883,1.1589224,1.7887194,0,0.99223198,2.5758958
5412,118,11710,1672,5eo8_TFU_A_404,6,smina,0.30292237,1.1585736,1.7887194,0,0.96960337,0.82452755
5413,118,14748,2106,6a3j_SOE_D_401,6,smina,0.30284055,1.1583411,1.7887194,0,0.98158381,0.86766837
5414,118,11717,1673,5eo8_TFU_A_405,6,smina,0.30281183,1.1582249,1.7887194,0,0.98951449,0.78186585
5415,118,14734,2104,6a3j_SOE_B_401,6,smina,0.30279535,1.1581086,1.7887194,0,0.97903093,0.88262315
5416,118,5284,754,2r4t_GLC_A_502,6,smina,0.30272577,1.1579924,1.7887194,0,0.11467481,0.87575412
5417,118,1656,236,1lfw_AEP_A_683,4,gnina,0.56489824,1.1579099,2.4457777,0,0.0002049184,3.3171116
5418,118,14909,2129,6c1x_DNX_A_203,6,smina,0.30262777,1.1576436,1.7887194,0,0,1.0194681
5419,118,11689,1669,5eo8_TFU_A_401,6,smina,0.30261933,1.1575274,1.7887194,0,0.9555576,0.7665399
5420,118,15665,2237,6jea_NAG_A_501,6,smina,0.30244361,1.1574111,1.7887194,0,0.0001441617,1.3293126
5421,118,17254,2464,6tfb_N6W_B_202,6,smina,0.30225511,1.1570623,1.7887194,0,0,1.6250366
5422,118,11619,1659,5eo7_SFU_A_402,6,smina,0.30212087,1.1568298,1.7887194,0,0.97566781,0.85376501
5423,118,12851,1835,5kcp_PFB_B_378,6,smina,0.30187871,1.1564811,1.7887194,0,1.9108277e-07,0.93938814
5424,118,16897,2413,6rgg_K3Q_B_405,6,smina,0.30159455,1.1563648,1.7887194,0,0.00064653271,1.4530883
5425,118,6201,885,3qhd_795_A_167,6,smina,0.30136911,1.1560161,1.7887194,0,0,0.92672351
5426,118,11612,1658,5eo7_SFU_A_401,6,smina,0.30126639,1.1558998,1.7887194,0,0.7441878,0.85062835
5427,118,13117,1873,5mot_HBD_A_401,6,smina,0.30096018,1.1555511,1.7887194,0,0,0.7662074
5428,118,15063,2151,6f2b_AKG_B_402,6,smina,0.30087387,1.1554348,1.7887194,0,0.86175175,1.8011138
5429,118,17044,2434,6sj8_44V_A_901,6,smina,0.30066132,1.1552023,1.7887194,0,0,0.76513313
5430,118,11682,1668,5eo7_SFU_C_405,6,smina,0.30058463,1.1550861,1.7887194,0,0.98015925,1.3072662
5431,118,8735,1247,4i6s_FUC_A_102,6,smina,0.30055277,1.1549698,1.7887194,0,0.99747106,0.59691822
5432,118,1987,283,1ns4_BGC_B_2400,6,smina,0.30046902,1.1548535,1.7887194,0,0.95397826,0.82664297
5433,118,13698,1956,5ud3_P6F_B_404,6,smina,0.30032473,1.154621,1.7887194,0,0.48846927,7.2691
5434,118,2771,395,1toq_AMG_C_502,6,smina,0.30031054,1.1545048,1.7887194,0,0.99302866,0.93843021
5435,118,9547,1363,4np7_DPJ_A_403,6,smina,0.30028702,1.1543885,1.7887194,0,0.94365657,1.1039447
5436,118,601,85,1fwn_PEP_A_1268,6,smina,0.30027959,1.1542723,1.7887194,0,0.0030251786,1.3241013
5437,118,11101,1585,5av4_GEN_A_400,6,smina,0.30025223,1.154156,1.7887194,0,0,1.6513546
5438,118,1154,164,1ia1_TQ3_B_196,6,smina,0.30013395,1.1539235,1.7887194,0,0.99761943,1.9262566
5439,118,2778,396,1toq_AMG_E_503,6,smina,0.30009475,1.1538073,1.7887194,0,0.99461845,1.0512784
5440,118,1581,225,1kuj_MMA_G_504,6,smina,0.30007362,1.1535748,1.7887194,0,0.99496109,1.2220414
5441,118,15266,2180,6flu_DTK_A_405,6,smina,0.30002139,1.1534585,1.7887194,0,0.96103359,0.57719646
5442,119,2944,420,1uxq_G1P_A_1503,4,gnina,0.56015868,1.2499855,1.7373844,0,0.00068559358,2.6071882
5443,119,11458,1636,5dky_NOJ_A_1000,6,smina,0.50285156,1.2279249,1.7373844,0,0.99427407,0.81158828
5444,119,8518,1216,4h0x_LAR_B_403,6,smina,0.5027896,1.2278082,1.7373844,0,0,2.6413725
5445,119,17443,2491,6uzr_QM1_B_301,6,smina,0.50159253,1.226641,1.7373844,0,0,2.3342855
5446,119,104,14,1anc_BEN_A_290,6,smina,0.50158663,1.2265242,1.7373844,0,0.98920182,0.88080557
5447,119,195,27,1bqp_MAN_C_402,6,smina,0.5004441,1.2254737,1.7373844,0,0.97879968,0.7845852
5448,119,8063,1151,4dch_GLC_A_501,6,smina,0.49997288,1.2252403,1.7373844,0,0.0049831128,0.84851139
5449,119,10093,1441,4ubp_HAE_C_800,6,smina,0.49994202,1.2251236,1.7373844,0,0.84384405,0.47185558
5450,119,41,5,1ac4_TMT_A_296,6,smina,0.49922492,1.2246567,1.7373844,0,0,0.58272992
5451,119,1406,200,1jtk_THU_A_138,6,smina,0.4989549,1.2245399,1.7373844,0,0.97610867,1.5691375
5452,119,12837,1833,5kcp_PFB_A_378,6,smina,0.49845468,1.2243065,1.7373844,0,0.20405932,0.88081266
5453,119,1203,171,1isx_XYP_A_1461,6,smina,0.49761904,1.224073,1.7373844,0,0.038516264,0.55558561
5454,119,8203,1171,4e7v_CRS_C_101,6,smina,0.49734023,1.2239563,1.7373844,0,0.96299322,0.5203239
5455,119,13530,1932,5tdt_MBN_D_501,6,smina,0.49718309,1.2237229,1.7373844,0,0.93351141,0.61623162
5456,119,244,34,1cib_HDA_A_437,6,smina,0.49622485,1.2233727,1.7373844,0,0.956209,0.74021444
5457,119,13383,1911,5r0j_RBJ_B_401,6,smina,0.49609232,1.223256,1.7373844,0,0,0.85613338
5458,119,2407,343,1r4s_MUA_A_800,6,smina,0.49564904,1.2230225,1.7373844,0,0,0.73466372
5459,119,8707,1243,4i4v_NGA_A_201,6,smina,0.49952984,1.2229723,1.7502333,0,0.98213771,1.2492217
5460,119,14811,2115,6ayv_F6P_A_401,6,smina,0.49515329,1.2226724,1.7373844,0,0.86093906,2.2295127
5461,119,132,18,1axg_ETF_A_404,6,smina,0.49477577,1.2224389,1.7373844,0,0.92999069,0.53828616
5462,119,83,11,1aj8_CIT_B_2000,6,smina,0.49357079,1.2222055,1.7373844,0,0.87412835,1.4568068
5463,119,6236,890,3qss_MTG_B_405,6,smina,0.49342735,1.2220888,1.7373844,0,0.0018673786,0.59809029
5464,119,2575,367,1sjc_SMG_C_1200,6,smina,0.4933265,1.221972,1.7373844,0,0.96032468,2.8231445
5465,119,1602,228,1kwu_MMA_B_601,6,smina,0.49314441,1.2218553,1.7373844,0,0.029012238,0.99409237
5466,119,15693,2241,6jmd_ORO_A_402,6,smina,0.49293581,1.2217386,1.7373844,0,0,0.82667711
5467,119,1420,202,1jw0_GUA_B_999,6,smina,0.49230721,1.2213884,1.7373844,0,2.5623888e-06,1.2318533
5468,119,6054,864,2zka_AZA_A_302,6,smina,0.49072729,1.2208048,1.7373844,0,0.98636755,0.71347765
5469,119,1595,227,1kwu_MMA_A_501,6,smina,0.49036182,1.2206881,1.7373844,0,0.027213787,0.98898008
5470,119,6803,971,3vv5_SLZ_B_301,6,smina,0.48937912,1.2203379,1.7373844,0,0.87615467,2.1193262
5471,119,5620,802,2wj4_HQD_B_1278,6,smina,0.50277861,1.2202305,1.7846823,0,0.99122628,1.1210314
5472,119,1609,229,1kwu_MMA_C_701,6,smina,0.48874775,1.2201045,1.7373844,0,0.024385922,0.99732339
5473,119,15987,2283,6m5m_NAG_B_202,6,smina,0.48799568,1.2199877,1.7373844,0,0.94115924,1.270149
5474,119,12508,1786,5in3_G1P_B_418,6,smina,0.48710624,1.2197543,1.7373844,0,0.021391389,1.5579718
5475,119,2932,418,1uxi_FUM_A_1311,6,smina,0.48644942,1.2196376,1.7373844,0,0,0.79352868
5476,119,8721,1245,4i4v_NGA_B_202,6,smina,0.48619039,1.2192874,1.7373844,0,8.7304767e-06,1.4054247
5477,119,15518,2216,6hmw_FUL_I_201,6,smina,0.48499122,1.2188205,1.7373844,0,0.99454261,0.80875809
5478,119,12928,1846,5l1v_7PF_A_401,6,smina,0.48497077,1.2185871,1.7373844,0,0.9942777,1.2548775
5479,119,4241,605,2fhn_BNI_Y_502,6,smina,0.48481971,1.2181202,1.7373844,0,0,5.9163522
5480,119,3289,469,1y5v_NE8_A_500,6,smina,0.48469783,1.2142341,1.7606294,0,2.4828784e-07,3.5821703
5481,119,4479,639,2gzm_DGL_D_504,6,smina,0.48460065,1.2109161,1.7811614,0,0.99105671,1.6011136
5482,119,4472,638,2gzm_DGL_C_503,6,smina,0.48488294,1.2090216,1.7971257,0,0.99347535,1.6097062
5483,119,4199,599,2f78_BEZ_B_1004,6,smina,0.50120876,1.2040945,1.8798331,0,0.81331476,0.63823316
5484,119,4421,631,2gue_NAG_B_122,4,gnina,0.48459952,1.2022459,1.7373844,0,0.10056469,1.7916116
5485,119,9176,1310,4lcq_URQ_A_603,6,smina,0.49692192,1.1894747,1.9610978,0,0.97387911,1.2139748
5486,119,13733,1961,5uio_8DM_D_202,6,smina,0.4843871,1.1813525,1.7373844,0,0,2.0480814
5487,119,2743,391,1tl2_NDG_A_238,6,smina,0.48393319,1.1800685,1.7373844,0,0.98017502,1.1909251
5488,119,6432,918,3sli_SKD_A_760,6,smina,0.48337892,1.179018,1.7373844,0,0,2.4848865
5489,119,16314,2330,6ny7_L8J_A_303,4,gnina,0.48335745,1.1789013,1.7373844,0,7.5711598e-05,3.5971101
5490,119,17107,2443,6syz_M1E_B_601,6,smina,0.50299248,1.178561,2.0662251,0,0.99606932,0.90434289
5491,119,1931,275,1ngp_NPA_H_302,6,smina,0.48278172,1.1780842,1.7373844,0,0.99043765,1.2879799
5492,120,12410,1772,5i9m_69K_C_302,6,smina,0.55675996,1.2448665,1.6793193,0,0.00061655009,1.8834787
5493,120,8329,1189,4evi_C9M_A_402,6,smina,0.55586731,1.2438117,1.6793193,0,0,2.9600474
5494,120,16981,2425,6s39_K5Z_A_301,6,smina,0.55224727,1.241585,1.6793193,0,4.51464e-10,2.9668473
5495,120,14615,2087,5zge_ZZ7_B_302,6,smina,0.54605938,1.239827,1.6793193,0,3.3937472e-07,5.0585256
5496,120,13894,1984,5vl0_BNF_D_404,6,smina,0.54535482,1.2394754,1.6793193,0,0,0.98487798
5497,120,15168,2166,6f77_PLP_D_600,6,smina,0.55472835,1.2376708,1.7126168,0,0,2.8606292
5498,120,4031,575,2dm5_ODI_A_312,6,smina,0.53830717,1.2373659,1.6793193,0,0.15456901,1.3862739
5499,120,10287,1469,4wbd_CIT_A_602,4,gnina,0.5382247,1.2372487,1.6793193,0,0.7018558,2.9639902
5500,120,14034,2004,5w8q_BU4_B_400,6,smina,0.53267602,1.2296309,1.6793193,0,0.75503505,0.80036172
5501,120,16729,2389,6qo4_97T_A_301,6,smina,0.53254244,1.2295137,1.6793193,0,0.00093734222,1.1866945
5502,120,10737,1533,4zib_4OG_A_512,6,smina,0.5313223,1.2290449,1.6793193,0,0,2.083165
5503,120,13887,1983,5vl0_BNF_A_404,6,smina,0.5308152,1.2286933,1.6793193,0,0,0.99718043
5504,120,9197,1313,4lo1_GAL_B_301,6,smina,0.52883305,1.2278729,1.6793193,0,0.028775082,0.74563326
5505,120,902,128,1h48_CDI_A_201,6,smina,0.52683633,1.2265838,1.6793193,0,0.00028864406,1.2193671
5506,120,9652,1378,4oxy_1TN_D_302,6,smina,0.52631023,1.2259978,1.6793193,0,0,2.60135
5507,120,909,129,1h48_CDI_D_201,6,smina,0.52584106,1.2257634,1.6793193,0,0.97633968,1.0918876
5508,120,9904,1414,4rg3_ECE_A_603,6,smina,0.52488343,1.2251774,1.6793193,0,0.97253955,0.48393132
5509,120,7398,1056,4ajj_MLI_D_1333,6,smina,0.52328381,1.2245914,1.6793193,0,0.95990453,0.65268193
5510,120,153,21,1axg_ETF_D_404,6,smina,0.52090797,1.2230679,1.6793193,0,0.91311732,0.53952607
5511,120,14608,2086,5zge_ZZ7_A_301,6,smina,0.52015559,1.2229507,1.6793193,0,0.031455512,5.4213225
5512,120,13145,1877,5n5k_HAE_A_306,6,smina,0.51874963,1.2224819,1.6793193,0,2.4947079e-07,0.41766418
5513,120,4381,625,2g5v_22M_A_301,6,smina,0.51845295,1.2223647,1.6793193,0,0,1.7420287
5514,120,17744,2534,7bzm_GIM_B_501,6,smina,0.51797439,1.2221303,1.6793193,0,0,1.0406108
5515,120,11178,1596,5bwd_FUM_A_901,6,smina,0.5172004,1.2218959,1.6793193,0,0,0.76679287
5516,120,9932,1418,4rje_PYR_D_402,6,smina,0.51641968,1.2216615,1.6793193,0,0.94165,0.57605741
5517,120,7832,1118,4clr_FDB_B_1270,6,smina,0.51546053,1.2213099,1.6793193,0,0,0.80219091
5518,120,6614,944,3v1m_HPK_A_288,6,smina,0.51534417,1.2211927,1.6793193,0,0.41910781,2.237549
5519,120,7146,1020,3zbs_OVE_A_1380,6,smina,0.51251508,1.2208411,1.6793193,0,0.12104376,5.0645593
5520,121,11953,1707,5fwd_GJV_A_1446,4,gnina,0.56624731,1.2544,1.6561434,0,0.9703424,6.8824086
5521,121,788,112,1h0v_UN4_A_1299,4,gnina,0.5534402,1.2437107,1.6561434,0,0.97385433,2.4287675
5522,121,15546,2220,6ho7_GHQ_A_301,6,smina,0.51358548,1.2273832,1.6561434,0,0.98717229,1.8919143
5523,121,9764,1394,4q3a_2YC_B_904,6,smina,0.51262391,1.2271483,1.6561434,0,0,3.4363862
5524,121,7468,1066,4b1f_DGL_B_1256,6,smina,0.5120159,1.2267959,1.6561434,0,0.97999946,1.4830837
5525,121,17700,2528,6zug_QPW_H_1001,4,gnina,0.57172994,1.2264513,1.8766757,0,0.99362453,8.9147323
5526,121,7461,1065,4b1f_DGL_A_1257,6,smina,0.51118798,1.2264435,1.6561434,0,0.96934558,1.4881355
5527,121,5921,845,2z20_PLP_B_801,6,smina,0.50923031,1.2259736,1.6561434,0,0,1.4625388
5528,121,5914,844,2z20_PLP_A_701,6,smina,0.50268322,1.2255038,1.6561434,0,0,1.4353592
5529,121,17121,2445,6szl_M3E_B_604,6,smina,0.48997111,1.223037,1.6561434,0,0,1.0539688
5530,121,522,74,1fk1_DAO_A_201,4,gnina,0.59691328,1.2229813,1.9209647,0,0.0027017322,3.2541763
5531,121,13432,1918,5t6b_TMP_A_504,6,smina,0.48840255,1.2224497,1.6561434,0,0,2.9882269
5532,121,9183,1311,4lek_1DN_X_202,6,smina,0.48727866,1.2218624,1.6561434,0,0,6.3501739
5533,121,706,100,1gim_HDA_A_438,6,smina,0.48596538,1.2212751,1.6561434,0,0.010349419,0.78473519
5534,121,7447,1063,4aql_TXC_A_1452,6,smina,0.48521792,1.2211576,1.6561434,0,0,8.988647
5535,121,12431,1775,5ice_2H4_A_402,6,smina,0.49332671,1.2066796,1.7690361,0,0,2.8027787
5536,121,4386,626,2g9z_VNP_A_602,4,gnina,0.48446498,1.2054761,1.6561434,0,0.95282275,7.9090783
5537,121,7760,1108,4cld_JUO_B_1270,4,gnina,0.48446498,1.2054761,1.6561434,0,0,6.0418077
5538,121,7767,1109,4cld_JUO_C_1270,4,gnina,0.48446498,1.2054761,1.6561434,0,0.0001313266,3.2532454
5539,121,11169,1595,5bkd_RCF_A_503,4,gnina,0.48446498,1.2054761,1.6561434,0,0,4.1861295
5540,121,6486,926,3te7_TE7_B_1,4,gnina,0.56238744,1.2032142,1.9674022,0,0.00018748548,3.7570595
5541,121,14112,2016,5x23_LSN_A_504,0,surfdock,0.52254056,1.1970888,1.8662604,0,0.05913547,4.4571975
5542,121,15215,2173,6fld_DQ5_A_604,4,gnina,0.48446498,1.1915961,1.7465601,0,0,7.0687706
5543,121,7181,1025,3zp7_PRE_A_1118,6,smina,0.48802891,1.1906586,1.8637085,0,0,1.7782968
5544,121,6446,920,3sru_Q26_X_169,6,smina,0.48780499,1.1897827,1.8681065,0,0,7.500317
5545,121,615,87,1g6n_CMP_A_621,6,smina,0.49076327,1.1881106,1.8896401,0,0,2.9825541
5546,121,622,88,1g6n_CMP_B_622,6,smina,0.49045917,1.1877685,1.8896401,0,0,2.9658383
5547,121,5681,811,2x6o_2TC_A_1209,4,gnina,0.48446498,1.186466,1.7807033,0,4.399401e-07,5.3383199
5548,121,7774,1110,4cld_JUO_D_1270,4,gnina,0.48419816,1.1842738,1.6561434,0,0.0016900192,3.4561772
5549,121,6131,875,2zvq_1NP_X_501,6,smina,0.47775136,1.1802801,1.6561434,0,0,0.63741945
5550,121,7839,1119,4clr_FDB_C_1270,6,smina,0.47531483,1.1794578,1.6561434,0,0,0.72663789
5551,121,594,84,1fuy_FIP_A_269,6,smina,0.47416673,1.178988,1.6561434,0,0,2.3003838
5552,121,4122,588,2ef9_PEP_B_2268,6,smina,0.47137249,1.1780482,1.6561434,0,0.78803941,1.0306002
5553,121,8049,1149,4dab_HPA_A_301,6,smina,0.46955401,1.1773435,1.6561434,0,7.7131415e-07,0.55673799
5554,121,5256,750,2r3d_ACM_A_303,6,smina,0.46691868,1.1765212,1.6561434,0,0.99373575,0.42243411
5555,121,1012,144,1h69_ARH_A_1275,4,gnina,0.48446498,1.1762552,1.8498626,0,1.7418503e-07,4.2174648
5556,121,1019,145,1h69_ARH_B_1275,4,gnina,0.48446498,1.1760879,1.8510084,0,0.90696923,4.5621571
5557,121,1026,146,1h69_ARH_C_1275,4,gnina,0.48446498,1.1755028,1.8550223,0,4.7567371e-06,4.3270485
5558,121,2848,406,1u1g_BBB_C_5300,6,smina,0.46458986,1.1744069,1.6561434,0,0,9.1355077
5559,121,10492,1498,4xv4_25T_A_303,6,smina,0.46450873,1.1742894,1.6561434,0,0.72554105,0.54730936
5560,121,1700,242,1lro_PEP_A_1268,6,smina,0.46409614,1.1737021,1.6561434,0,0.037611107,0.92150848
5561,121,14279,2039,5xvv_AKG_A_508,6,smina,0.46394999,1.1735846,1.6561434,0,0.00044500508,1.1887547
5562,121,8749,1249,4i6s_FUC_C_101,6,smina,0.46366412,1.1731147,1.6561434,0,0.82584714,0.66331077
5563,121,2834,404,1u1g_BBB_A_3300,6,smina,0.46351078,1.1729973,1.6561434,0,0,8.5548311
5564,121,17737,2533,7bqu_EF2_A_501,6,smina,0.46311288,1.172175,1.6561434,0,0,1.7760142
5565,121,11801,1685,5faj_DCS_B_401,6,smina,0.46271119,1.1718226,1.6561434,0,0,5.9920797
5566,121,13103,1871,5mdh_MAK_A_335,6,smina,0.46266311,1.1715877,1.6561434,0,0.50891523,0.68769853
5567,121,2841,405,1u1g_BBB_B_4300,6,smina,0.46236007,1.1712353,1.6561434,0,0,9.4608439
5568,121,1056,150,1h82_GZZ_C_590,6,smina,0.46217603,1.1708829,1.6561434,0,9.9680363e-09,15.472061
5569,121,11059,1579,5agn_4JK_A_800,6,smina,0.46214316,1.1707655,1.6561434,0,2.6228226e-05,2.1119963
5570,122,8260,1180,4eip_K2C_A_601,0,surfdock,0.53268703,1.1983078,1.8949494,0,5.6946077e-06,3.5493079
5571,122,15992,2284,6m92_J8V_A_601,4,gnina,0.48449494,1.1898481,1.7786856,0,0.098659851,6.2773375
5572,122,16162,2308,6nbw_LAB_A_403,6,smina,0.4789654,1.1868738,1.643466,0,0,3.4402232
5573,122,11465,1637,5dne_ASN_A_601,6,smina,0.47830529,1.1862841,1.643466,0,0.99692051,1.2770631
5574,122,11472,1638,5dne_ASN_C_601,6,smina,0.47796535,1.1861661,1.643466,0,0.99312344,1.0224762
5575,122,7713,1101,4cju_JNS_B_1214,6,smina,0.47791341,1.1860482,1.643466,0,0,2.6201188
5576,122,928,132,1h48_GPP_C_904,4,gnina,0.56492863,1.1842613,2.0973911,0,0.08741935,4.1632337
5577,122,5093,727,2qca_DGP_A_200,4,gnina,0.56203786,1.1831779,2.0947628,0,5.5223923e-09,3.478242
5578,122,1378,196,1jhv_NIO_A_991,6,smina,0.43920408,1.1746076,1.643466,0,0,0.71269103
5579,122,1630,232,1l4n_NIO_A_991,6,smina,0.43739636,1.1741358,1.643466,0,0,1.0023584
5580,122,9407,1343,4n36_2F8_B_401,6,smina,0.43373091,1.1669412,1.643466,0,0.871185,1.7133965
5581,122,8742,1248,4i6s_FUC_B_101,6,smina,0.43273835,1.1665874,1.643466,0,0.99789244,0.60128224
5582,122,13621,1945,5u5g_7VD_C_302,6,smina,0.43212507,1.1661156,1.643466,0,0.9364544,0.77821483
5583,122,4064,580,2e56_MYR_A_601,4,gnina,0.48449494,1.1623755,1.9679977,0,8.3647027e-10,4.6346502
5584,122,790,112,1h0v_UN4_A_1299,6,smina,0.47287252,1.1621024,1.7916425,0,1.0691243e-08,2.1174041
5585,122,4689,669,2j9e_AKG_C_1119,6,smina,0.42828598,1.1595107,1.643466,0,0.99432455,1.1557366
5586,122,3597,513,2a15_NCA_A_1001,6,smina,0.42817722,1.1593928,1.643466,0,0,0.79279871
5587,122,2120,302,1ovk_NYL_A_405,6,smina,0.42803653,1.1592748,1.643466,0,0.99273848,0.99935961
5588,122,10128,1446,4ud9_FQI_H_1257,6,smina,0.42716493,1.1583313,1.643466,0,0.0041502751,1.3511103
5589,122,15273,2181,6flu_DTK_A_406,6,smina,0.4271244,1.1582133,1.643466,0,0.028848672,0.71716524
5590,122,7720,1102,4cjv_IV2_A_1212,6,smina,0.4270773,1.1580954,1.643466,0,0.0012211086,0.81754316
5591,122,4493,641,2hi4_BHF_A_800,6,smina,0.42705835,1.1579774,1.643466,0,0,1.405068
5592,122,2330,332,1q20_PLO_A_401,6,smina,0.47443307,1.157882,1.8255037,0,0,1.5976871
5593,122,6523,931,3tye_XHP_B_901,6,smina,0.42694802,1.1576236,1.643466,0,0,1.0531178
5594,122,17723,2531,7bp1_CAQ_C_401,6,smina,0.42677169,1.1573877,1.643466,0,0.1892896,0.63304373
5595,122,13761,1965,5uio_LG3_C_201,6,smina,0.42670815,1.1570339,1.643466,0,0,0.83122077
5596,122,15294,2184,6flu_DTK_B_403,6,smina,0.42666648,1.156798,1.643466,0,0.96787132,0.55155939
5597,122,14165,2023,5x86_TMP_A_205,4,gnina,0.48449494,1.1565881,2.0094426,0,0,4.4380964
5598,122,12025,1717,5g44_YTZ_A_1512,6,smina,0.44898704,1.1560817,1.7844845,0,0,1.467832
5599,122,6222,888,3qk1_BEN_A_1010,6,smina,0.42650032,1.1559724,1.643466,0,0.99725208,0.66503321
5600,122,13768,1966,5uio_LG3_E_201,6,smina,0.4263976,1.1557365,1.643466,0,0,0.74848328
5601,122,3422,488,1zei_CRS_B_56,6,smina,0.42638554,1.1556185,1.643466,0,1.311009e-06,0.56940806
5602,122,4192,598,2f78_BEZ_B_1002,6,smina,0.4263199,1.1555006,1.643466,0,0.98852637,0.9257424
5603,122,8231,1175,4e7v_CRS_O_101,6,smina,0.42624857,1.1553827,1.643466,0,0.80527909,0.57448593
5604,122,2358,336,1q4g_BFL_A_701,6,smina,0.42608813,1.1550288,1.643466,0,0,1.9863121
5605,122,12144,1734,5h5k_C5P_A_206,6,smina,0.43058829,1.1549518,1.7135179,0,0,3.0881131
5606,122,188,26,1bqp_MAN_B_401,6,smina,0.42593401,1.1542032,1.643466,0,0.99227775,0.76984829
5607,122,16001,2285,6m9b_BTN_C_201,6,smina,0.42590778,1.1540853,1.643466,0,0,2.4895822
5608,122,8224,1174,4e7v_CRS_M_101,6,smina,0.42587352,1.1539673,1.643466,0,0.22714645,0.58019137
5609,122,12242,1748,5hpu_IPH_A_101,6,smina,0.42583822,1.1537314,1.643466,0,0,0.41955432
5610,122,10247,1463,4uzi_IMD_B_1456,6,smina,0.42581364,1.1534955,1.643466,0,0,0.37657917
5611,122,15301,2185,6flu_DTK_B_404,6,smina,0.42575649,1.1533776,1.643466,0,0.99685739,0.53886405
5612,122,2183,311,1pbd_PAB_A_396,6,smina,0.42572378,1.1531417,1.643466,0,0,0.85283526
5613,122,5312,758,2rbx_3AY_X_2001,6,smina,0.42563706,1.1530238,1.643466,0,0.67344959,0.70641437
5614,122,216,30,1ca7_ENO_B_601,6,smina,0.42551835,1.1527879,1.643466,0,0.98735042,1.4510354
5615,122,6033,861,2zgw_BTN_A_1401,6,smina,0.42550996,1.1526699,1.643466,0,0,3.5778538
5616,122,3436,490,1zei_CRS_E_54,6,smina,0.42549558,1.152552,1.643466,0,0.98244692,0.50794953
5617,122,6229,889,3qss_MTG_A_405,6,smina,0.42537079,1.1521982,1.643466,0,0.00092424007,0.7927917
5618,122,17296,2470,6tog_NQH_A_201,6,smina,0.42611993,1.1520983,1.6638951,0,0,1.4958205
5619,122,5326,760,2rtn_IMI_B_300,6,smina,0.4252461,1.1516084,1.643466,0,0.98855135,2.6002111
5620,123,5285,755,2r5e_QLP_A_430,0,surfdock,0.5324738,1.236748,1.5825101,0,0,4.5880256
5621,123,391,55,1dy3_87Y_A_201,6,smina,0.47623534,1.1858238,1.5825101,0,0.9870738,3.6605839
5622,123,5137,733,2qg6_NMN_A_301,6,smina,0.47561418,1.1855869,1.5825101,0,0,3.7111498
5623,123,12786,1826,5jp9_DCM_A_401,4,gnina,0.54027434,1.1825938,1.9750525,0,0.97559846,3.7852568
5624,123,641,91,1g72_PQQ_C_703,4,gnina,0.55882427,1.1816899,2.0281241,0,0.99263592,5.6577901
5625,123,10219,1459,4ur9_OAN_A_1718,6,smina,0.46043516,1.1808498,1.5825101,0,0.21932456,4.9780733
5626,123,17604,2514,6xu3_PLG_B_401,6,smina,0.4504607,1.1777707,1.5825101,0,0.96482165,4.0041657
5627,123,5543,791,2w5t_GP9_A_1644,6,smina,0.44421022,1.1762311,1.5825101,0,0.4486867,1.1456214
5628,123,11661,1665,5eo7_SFU_B_404,6,smina,0.44376289,1.1759942,1.5825101,0,0.99585731,0.89992085
5629,123,11939,1705,5fuv_THM_A_1388,4,gnina,0.48327655,1.1689882,1.8581723,0,0.99604766,3.4296314
5630,123,8021,1145,4d5e_TPP_B_1590,6,smina,0.46228189,1.1667344,1.6835659,0,0.96079979,6.5056724
5631,123,16904,2414,6rgr_RM4_A_402,6,smina,0.42729744,1.1605985,1.5825101,0,0.1183336,0.64634927
5632,123,3401,485,1zdq_MSM_B_1508,6,smina,0.42071378,1.1581115,1.5825101,0,0,0.38931277
5633,123,6047,863,2zi2_24U_H_801,6,smina,0.42012718,1.1570457,1.5825101,0,0,4.2449299
5634,123,12263,1751,5hss_64Z_D_403,6,smina,0.41953393,1.1564535,1.5825101,0,0.37296076,1.1979818
5635,123,17506,2500,6vmz_R3P_C_404,6,smina,0.41885138,1.1558614,1.5825101,0,0,2.2547817
5636,123,1525,217,1kdo_C_A_5407,6,smina,0.41881965,1.1556245,1.5825101,0,0,4.7544412
5637,123,15098,2156,6f3s_PLP_A_901,6,smina,0.41859169,1.1553877,1.5825101,0,0.021723768,1.6919562
5638,123,6215,887,3qhd_CTN_B_165,6,smina,0.41849843,1.1551508,1.5825101,0,0,2.0846214
5639,123,3408,486,1zdq_MSM_C_1509,6,smina,0.41842202,1.154914,1.5825101,0,0,0.3801145
5640,123,9680,1382,4pb4_PLP_A_401,6,smina,0.41825176,1.1542034,1.5825101,0,0,6.9745383
5641,123,12746,1820,5jg5_EVF_B_301,6,smina,0.41810588,1.1537297,1.5825101,0,0.0001483911,1.1510187
5642,123,2890,412,1uay_ADN_A_1001,6,smina,0.41807787,1.1536113,1.5825101,0,0.98503771,2.3848195
5643,123,4045,577,2e1a_MSE_D_301,6,smina,0.41795939,1.1533744,1.5825101,0,0.25578773,1.5261753
5644,123,12396,1770,5i9m_69K_A_302,6,smina,0.41772996,1.1529007,1.5825101,0,0.00071310436,1.9688509
5645,123,3394,484,1zdq_MSM_A_1507,6,smina,0.41763941,1.1526638,1.5825101,0,0,0.42021335
5646,123,6299,899,3r51_MMA_A_200,6,smina,0.41762583,1.1525454,1.5825101,0,0.99344042,0.93529013
5647,123,11066,1580,5agn_4JK_B_800,6,smina,0.41761607,1.152427,1.5825101,0,1.6326438e-08,3.2537451
5648,123,727,103,1gkc_NFH_A_1448,6,smina,0.41727969,1.1518348,1.5825101,0,0,3.8918299
5649,123,1574,224,1kuj_MMA_E_503,6,smina,0.4172638,1.1517164,1.5825101,0,0.99216742,1.0546822
5650,123,6089,869,2ztl_3HL_C_301,6,smina,0.41715017,1.1512427,1.5825101,0,0.00029793126,0.70586192
5651,123,7937,1133,4cxr_2BG_A_502,6,smina,0.41699574,1.1506505,1.5825101,0,0.98467477,1.0305407
5652,123,12788,1826,5jp9_DCM_A_401,6,smina,0.41699214,1.1505321,1.5825101,0,0,3.0527157
5653,123,1616,230,1kya_XYD_B_612,6,smina,0.41698375,1.1504137,1.5825101,0,0,0.69265223
5654,123,6397,913,3se2_3AB_C_4,6,smina,0.41689035,1.1500584,1.5825101,0,0,0.76117958
5655,123,2764,394,1toq_AMG_A_501,6,smina,0.41687129,1.14994,1.5825101,0,0.99724082,0.88260839
5656,123,1119,159,1hq2_PH2_A_181,6,smina,0.41679143,1.1497031,1.5825101,0,0,0.89347501
5657,123,2897,413,1uay_ADN_B_1002,6,smina,0.41676395,1.1494663,1.5825101,0,0.99770735,2.3885509
5658,123,9722,1388,4pik_MAN_C_503,6,smina,0.41670063,1.1489926,1.5825101,0,0.99424236,0.8916094
5659,123,139,19,1axg_ETF_B_404,6,smina,0.41665211,1.1488741,1.5825101,0,0.97820694,0.71939019
5660,123,7545,1077,4bdr_KAI_B_900,6,smina,0.41662413,1.1486373,1.5825101,0,0.98536359,2.2062522
5661,123,17231,2461,6tbx_N0Z_B_302,4,gnina,0.57340397,1.1485281,2.3533177,0,0.087669676,3.584889
5662,123,10408,1486,4x36_CHT_A_409,6,smina,0.41656782,1.1485188,1.5825101,0,0,0.58411179
5663,123,5333,761,2rtn_IMI_D_300,6,smina,0.41648664,1.1481636,1.5825101,0,0.30624612,3.5231492
5664,123,482,68,1eow_U2G_A_130,6,smina,0.4163981,1.1480451,1.5825101,0,0,2.0522595
5665,123,7235,1033,3zzm_JLN_A_1526,4,gnina,0.56525451,1.1477013,2.3079042,0,0.99370554,6.2704354
5666,123,6075,867,2ztl_3HL_A_301,6,smina,0.41629523,1.1476898,1.5825101,0,0.00033717621,0.6843413
5667,123,8245,1177,4e7v_CRS_U_101,6,smina,0.41616035,1.1472161,1.5825101,0,0.21217742,0.6157134
5668,123,2526,360,1s83_4HA_A_5,6,smina,0.41610286,1.1470977,1.5825101,0,0.0083943497,0.66431111
5669,123,2785,397,1toq_AMG_G_504,6,smina,0.41605191,1.1468608,1.5825101,0,0.99399425,1.0623412
5670,124,9398,1342,4mux_2E4_A_402,4,gnina,0.48380072,1.197953,1.6129509,0,0.69855967,2.9291195
5671,124,11941,1705,5fuv_THM_A_1388,6,smina,0.4667957,1.1831003,1.5315444,0,0,2.4007306
5672,124,4290,612,2fr6_URI_B_1002,6,smina,0.46644308,1.1828625,1.5315444,0,0,2.4299119
5673,124,6439,919,3sp6_IL2_A_901,6,smina,0.46073332,1.1813166,1.5315444,0,0.98685608,7.9047227
5674,124,3282,468,1y2x_NAG_D_3144,6,smina,0.41507124,1.1581278,1.5315444,0,0.99071689,1.230388
5675,124,1945,277,1nmm_NAG_B_403,6,smina,0.41424257,1.1575333,1.5315444,0,0.99530916,1.6386065
5676,124,11654,1664,5eo7_SFU_B_403,6,smina,0.41385488,1.1569387,1.5315444,0,0.56993597,0.83019186
5677,124,2918,416,1uqx_MMA_A_1116,6,smina,0.41364377,1.1567008,1.5315444,0,0.01502514,0.89557124
5678,124,15042,2148,6e43_BEZ_B_502,6,smina,0.41317297,1.1561063,1.5315444,0,0.067339126,0.78914416
5679,124,15049,2149,6e43_BEZ_C_502,6,smina,0.41307423,1.1557495,1.5315444,0,0.10030386,0.8491615
5680,124,1952,278,1nmm_NAG_D_527,6,smina,0.41305216,1.1556306,1.5315444,0,0.98193309,1.5614033
5681,124,1714,244,1lti_GAL_D_104,6,smina,0.4125448,1.155036,1.5315444,0,0.98758186,0.84560292
5682,124,10051,1435,4u2a_A2G_A_303,6,smina,0.41212601,1.1545603,1.5315444,0,0.98895915,1.1705846
5683,124,15504,2214,6hmw_FUL_G_202,6,smina,0.41199081,1.1540847,1.5315444,0,0.99605066,0.89304499
5684,124,1567,223,1kuj_MMA_C_502,6,smina,0.41176668,1.1538468,1.5315444,0,0.99043813,1.0329455
5685,124,4143,591,2eus_ABN_A_400,6,smina,0.41170102,1.153609,1.5315444,0,0,0.6211307
5686,124,1392,198,1jl0_PUT_B_401,6,smina,0.41129777,1.1531333,1.5315444,0,0.9840279,0.81273194
5687,124,14006,2000,5w3k_9TY_A_401,6,smina,0.4112384,1.1530144,1.5315444,0,0,0.73162983
5688,124,15791,2255,6k92_GT0_A_802,6,smina,0.41112594,1.1528955,1.5315444,0,0.97158807,1.2069136
5689,124,664,94,1g8z_GAL_F_104,6,smina,0.41112113,1.1527766,1.5315444,0,1.8600377e-06,0.91785023
5690,124,1413,201,1jtk_THU_B_1138,6,smina,0.410656,1.1523009,1.5315444,0,0.96875062,1.7456616
5691,124,10429,1489,4xf0_CYS_A_502,6,smina,0.40992198,1.1513496,1.5315444,0,0.97012731,0.77849068
5692,124,14650,2092,5zpt_HY1_A_702,6,smina,0.41139502,1.151331,1.5452646,0,0,0.98256514
5693,124,4416,630,2gnm_MAN_A_253,6,smina,0.40988494,1.1512307,1.5315444,0,0.96363483,0.83986788
5694,124,7321,1045,4a9j_TYL_B_1187,6,smina,0.40978541,1.1505172,1.5315444,0,0,0.88167926
5695,124,9743,1391,4ptx_BGC_B_501,6,smina,0.40919384,1.1492091,1.5315444,0,0.028180783,0.84323722
5696,124,3982,568,2coj_GBN_B_420,6,smina,0.40889989,1.1484956,1.5315444,0,0.0017205918,1.2543886
5697,124,16708,2386,6qhu_FAH_A_401,6,smina,0.40869739,1.1482578,1.5315444,0,0.63294804,0.50972549
5698,125,5011,715,2pt6_S4M_B_502,6,smina,0.48865248,1.2193318,1.5339262,0,0.99001806,9.0965086
5699,125,12667,1809,5j61_A3G_D_501,4,gnina,0.56804893,1.2034435,1.8104799,0,0.8917282,6.4602092
5700,125,5275,753,2r4t_250_A_503,4,gnina,0.48461505,1.1940614,1.4952641,0,1.9627898e-07,2.9956889
5701,125,12653,1807,5j61_A3G_B_501,4,gnina,0.55923418,1.1938804,1.8450747,0,0.46672228,5.4824299
5702,125,12037,1719,5g4r_LF1_C_1739,4,gnina,0.57275051,1.1868044,1.9579229,0,0.99647359,4.8568879
5703,125,2414,344,1rf2_BV4_D_104,6,smina,0.45694418,1.17952,1.4952641,0,0.77256807,3.7866031
5704,125,4738,676,2no7_LDC_A_401,6,smina,0.44495825,1.1771362,1.4952641,0,0,2.5268879
5705,125,2316,330,1pzy_NAG_B_405,6,smina,0.44474928,1.1768978,1.4952641,0,0.99629568,1.5222609
5706,125,3821,545,2bk3_FOF_B_1498,6,smina,0.44438312,1.1767786,1.4952641,0,3.0404468e-10,2.6419462
5707,125,6194,884,3qgz_ADN_A_127,6,smina,0.44406125,1.1761826,1.4952641,0,0.98556684,2.1549066
5708,125,8336,1190,4evq_PHB_A_406,6,smina,0.44587054,1.175435,1.5111951,0,0,1.0504672
5709,125,8987,1283,4jwx_1N4_A_301,6,smina,0.44351729,1.1751099,1.4952641,0,0,1.6951742
5710,125,12501,1785,5in3_G1P_A_416,6,smina,0.44349423,1.1748715,1.4952641,0,0.00095174312,1.5816407
5711,125,1021,145,1h69_ARH_B_1275,6,smina,0.46046278,1.1746724,1.5359393,0,0,2.8504157
5712,125,3695,527,2aiq_BEN_A_401,6,smina,0.44212056,1.1735604,1.4952641,0,0.00035627015,0.6691384
5713,125,9190,1312,4lo1_GAL_A_301,6,smina,0.44199788,1.1734412,1.4952641,0,0.97187122,0.78272977
5714,125,5088,726,2qb4_LEU_A_601,6,smina,0.44156078,1.1726069,1.4952641,0,0.96185469,0.90890196
5715,125,7636,1090,4c2p_X8Z_A_709,6,smina,0.44147974,1.1724877,1.4952641,0,0,1.2699075
5716,125,6082,868,2ztl_3HL_B_301,6,smina,0.44075753,1.1722493,1.4952641,0,0.0092645086,0.66544782
5717,125,270,38,1cq1_BGC_B_455,4,gnina,0.45609801,1.1697748,1.5575845,0,0.00039786642,2.3280821
5718,125,4694,670,2jav_5Z5_A_1280,4,gnina,0.44035915,1.1692695,1.4952641,0,0.99075997,3.1282958
5719,125,13740,1962,5uio_8DM_E_202,6,smina,0.4426841,1.1691876,1.5290147,0,0,3.1270396
5720,125,5555,793,2wch_B7M_A_1145,4,gnina,0.48461506,1.1650825,1.79726,0,1.7528431e-06,4.0295008
5721,125,16057,2293,6mry_FLC_C_102,6,smina,0.43892179,1.1645019,1.4952641,0,0.018377331,1.334549
5722,125,4661,665,2j1s_FUL_B_1153,6,smina,0.43737029,1.1635483,1.4952641,0,0.95402937,0.57040081
5723,125,2323,331,1pzy_NAG_D_406,6,smina,0.43711716,1.1634291,1.4952641,0,0.00043383384,1.4608949
5724,125,16008,2286,6m9b_BTN_D_201,6,smina,0.44351162,1.1627447,1.577123,0,0,2.397752
5725,125,17086,2440,6sxr_KHP_A_507,6,smina,0.43571787,1.1625948,1.4952641,0,0,2.7410449
5726,125,7902,1128,4cpp_ADM_A_422,6,smina,0.43555163,1.1623564,1.4952641,0,0,0.45441978
5727,125,8728,1246,4i4v_NGA_D_201,6,smina,0.43529249,1.162118,1.4952641,0,2.39634e-07,1.6257652
5728,125,146,20,1axg_ETF_C_404,6,smina,0.43483176,1.1619988,1.4952641,0,0.93178758,0.53518158
5729,125,16519,2359,6pk1_PLP_A_501,6,smina,0.43342802,1.1611645,1.4952641,0,0.010868952,2.0275813
5730,125,9036,1290,4k5u_GAL_A_301,6,smina,0.43332699,1.1610453,1.4952641,0,0.88534041,0.83694541
5731,125,9400,1342,4mux_2E4_A_402,6,smina,0.43303048,1.1606877,1.4952641,0,0,2.0180968
5732,125,7426,1060,4al9_GLA_D_1123,6,smina,0.43231511,1.1604493,1.4952641,0,0.99475716,0.74527131
5733,125,13873,1981,5vjg_0BP_A_403,6,smina,0.43188723,1.160211,1.4952641,0,0.00684306,0.75010783
5734,125,3429,489,1zei_CRS_C_56,6,smina,0.43147958,1.1599726,1.4952641,0,0.26359788,0.56533624
5735,125,3758,536,2b3f_GAL_F_3315,6,smina,0.43146885,1.1598534,1.4952641,0,0.99748793,1.6632268
5736,125,7405,1057,4al9_GLA_A_1123,6,smina,0.43138675,1.1594958,1.4952641,0,0.9974034,0.72815334
5737,125,12674,1810,5j61_A3G_G_501,4,gnina,0.48461506,1.1593571,1.8381209,0,0.2935875,6.1943503
5738,125,12681,1811,5j61_A3G_H_501,4,gnina,0.48461506,1.1593571,1.8381209,0,0.97075508,5.1084928
5739,125,7419,1059,4al9_GLA_C_1123,6,smina,0.43104335,1.1591382,1.4952641,0,0.021251355,0.80313093
5740,125,17429,2489,6uvj_QJ1_A_205,6,smina,0.43100007,1.1588999,1.4952641,0,0,1.4857788
5741,125,7440,1062,4al9_GLA_G_1123,6,smina,0.43009596,1.1579463,1.4952641,0,0.0049342247,0.76756317
5742,125,14664,2094,6a1f_9OF_A_807,6,smina,0.43004587,1.1578271,1.4952641,0,0,1.1771372
5743,125,14251,2035,5xoi_SIN_A_401,6,smina,0.42984258,1.157112,1.4952641,0,0,0.89852918
5744,125,15378,2196,6g5q_EMZ_B_402,6,smina,0.42971594,1.156516,1.4952641,0,8.56782e-10,1.3060261
5745,125,12660,1808,5j61_A3G_C_501,4,gnina,0.48461506,1.1547661,1.8712856,0,0.94384045,17.68329
5746,125,11822,1688,5fal_SKT_A_502,6,smina,0.44377303,1.1530489,1.6476623,0,0,3.9399134
5747,125,4612,658,2ipf_FFA_B_4,6,smina,0.43020584,1.1528791,1.5309596,0,0,0.95678881
5748,126,11549,1649,5dz2_212_B_404,6,smina,0.42763266,1.157603,1.4576629,0,0,1.8974159
5749,126,6208,886,3qhd_CTN_A_165,6,smina,0.42599924,1.1570046,1.4576629,0,0,1.9782151
5750,126,3212,458,1xdj_HCS_A_1050,6,smina,0.42365048,1.1566455,1.4576629,0,0.67014256,1.3150069
5751,126,9099,1299,4kwl_3SS_A_302,6,smina,0.42045767,1.1546108,1.4576629,0,0.62750063,0.76380438
5752,126,4185,597,2f78_BEZ_A_1003,6,smina,0.41620086,1.1512596,1.4576629,0,0.94535438,0.59274627
5753,126,12753,1821,5jg5_EVF_B_302,6,smina,0.41591133,1.1509006,1.4576629,0,0.00010441745,0.93827125
5754,126,8238,1176,4e7v_CRS_Q_101,6,smina,0.41528858,1.1507809,1.4576629,0,0.1888693,0.50334211
5755,126,11934,1704,5fqf_NGA_A_1588,6,smina,0.41227886,1.1482675,1.4576629,0,0.92670362,1.5607649
5756,126,17660,2522,6ypv_AKG_A_302,6,smina,0.41219647,1.1480281,1.4576629,0,0.029032794,1.351093
5757,126,15476,2210,6hmw_FUL_B_204,6,smina,0.41187795,1.1475494,1.4576629,0,0.95134835,0.63770099
5758,126,8357,1193,4f06_PHB_A_401,6,smina,0.41186187,1.1474297,1.4576629,0,0,1.0944909
5759,126,11647,1663,5eo7_SFU_B_402,6,smina,0.41182021,1.14731,1.4576629,0,0.9960647,0.80196091
5760,126,13964,1994,5vyr_B62_B_301,6,smina,0.41178976,1.1471903,1.4576629,0,0.0035990669,0.83981475
5761,126,3450,492,1zei_CRS_F_54,6,smina,0.41174312,1.1469509,1.4576629,0,0.27302846,0.50281451
5762,126,7433,1061,4al9_GLA_E_1123,6,smina,0.41174308,1.1468312,1.4576629,0,0.9970911,0.84309931
5763,126,12725,1817,5jep_EVF_B_302,6,smina,0.41171097,1.1467116,1.4576629,0,0.99859952,1.301643
5764,126,5704,814,2xh0_PEP_C_1440,6,smina,0.41168373,1.1465919,1.4576629,0,0.99588447,1.2554942
5765,126,5697,813,2xh0_PEP_B_1440,6,smina,0.41162676,1.1458738,1.4576629,0,0.99461301,1.6031575
5766,126,5417,773,2v32_BEZ_C_1222,6,smina,0.41158966,1.1456344,1.4576629,0,0.088719752,0.74383492
5767,126,3772,538,2bdg_PBZ_B_302,6,smina,0.41157307,1.1455147,1.4576629,0,0,0.82759347
5768,126,15497,2213,6hmw_FUL_F_202,6,smina,0.41148842,1.1452753,1.4576629,0,0.99518184,0.59617447
5769,126,12690,1812,5jdv_EVF_B_302,6,smina,0.41146342,1.1451556,1.4576629,0,0.00012658825,1.1174003
5770,126,13957,1993,5vyr_B62_A_301,6,smina,0.41145363,1.145036,1.4576629,0,0,0.84982806
5771,126,8343,1191,4evq_PHB_B_402,6,smina,0.41142957,1.1447966,1.4576629,0,0,1.9415909
5772,126,17716,2530,7bp1_CAQ_A_401,6,smina,0.41138178,1.1444375,1.4576629,0,0.99601565,0.64247058
5773,126,8014,1144,4d4u_FUC_A_950,6,smina,0.41132848,1.1441982,1.4576629,0,0.99187064,0.62575539
5774,126,16288,2326,6nni_CP6_B_203,6,smina,0.41122254,1.1433604,1.4576629,0,0,2.1164107
5775,126,8350,1192,4evs_PHB_A_408,6,smina,0.41121167,1.143121,1.4576629,0,0,1.04534
5776,126,7412,1058,4al9_GLA_B_1123,6,smina,0.41114337,1.1425226,1.4576629,0,0.99657122,0.7432405
5777,126,3898,556,2c3d_COM_B_1526,6,smina,0.41112887,1.1424029,1.4576629,0,0.9927803,0.69538215
5778,126,16281,2325,6nni_CP6_A_203,6,smina,0.41107705,1.1420438,1.4576629,0,0,1.5937594
5779,126,4465,637,2gzm_DGL_A_501,6,smina,0.41105796,1.1418044,1.4576629,0,0.99320177,1.5348839
5780,126,17065,2437,6sux_BEN_A_302,6,smina,0.41102527,1.1415651,1.4576629,0,0.99528147,0.70780964
5781,126,6411,915,3se2_LDR_A_1,6,smina,0.41098697,1.141206,1.4576629,0,0,1.0186351
5782,126,4178,596,2f78_BEZ_A_1001,6,smina,0.41092042,1.1409666,1.4576629,0,0.99368829,0.7158328
5783,126,17072,2438,6svu_BEN_A_302,6,smina,0.41090244,1.1406076,1.4576629,0,0.99496937,0.67998667
5784,126,10751,1535,4zjz_BEZ_B_601,6,smina,0.4108949,1.1404879,1.4576629,0,8.4606511e-07,0.66189356
5785,126,14846,2120,6b6r_BEN_A_302,6,smina,0.41088187,1.1402485,1.4576629,0,0.99484727,0.63332224
5786,126,13985,1997,5vys_1YJ_A_301,6,smina,0.41082668,1.1398895,1.4576629,0,0.99284637,0.75457758
5787,126,10744,1534,4zjz_BEZ_A_1001,6,smina,0.41081554,1.1396501,1.4576629,0,7.4747403e-08,0.69587525
5788,126,7566,1080,4bu7_25F_C_2165,6,smina,0.41080305,1.1395304,1.4576629,0,0,1.5496769
5789,126,5102,728,2qcx_PF1_A_300,6,smina,0.41073308,1.1394107,1.4576629,0,0,2.2601057
5790,126,7559,1079,4bu7_25F_A_2165,6,smina,0.41070006,1.1391713,1.4576629,0,0,2.0353322
5791,126,2421,345,1rf2_BV4_E_105,6,smina,0.4148028,1.1389461,1.5351503,0,0.44423549,3.6976332
5792,126,6992,998,3wlf_FEH_D_401,6,smina,0.41065138,1.138932,1.4576629,0,0.019366173,0.83106404
5793,126,1364,194,1jho_NIO_A_991,6,smina,0.41057429,1.1385729,1.4576629,0,0,0.85862586
5794,126,9736,1390,4ptx_BGC_A_501,6,smina,0.41116715,1.1380844,1.4895384,0,0.14621366,0.95536807
5795,126,14440,2062,5ybp_AKG_A_302,6,smina,0.41044088,1.1374957,1.4576629,0,5.9948306e-05,1.2366393
5796,126,12011,1715,5g44_I6G_A_1510,6,smina,0.41040127,1.137017,1.4576629,0,0.00043100361,1.0908396
5797,126,3765,537,2bdg_PBZ_A_301,6,smina,0.41030583,1.1365383,1.4576629,0,0,0.75301971
5798,127,15112,2158,6f66_CUT_B_300,6,smina,0.43834037,1.1666312,1.3654519,0,0,1.9351458
5799,127,4640,662,2iyq_SKM_A_201,6,smina,0.42605843,1.1548531,1.3654519,0,0.0097245743,0.85961833
5800,127,286,40,1d6u_HY1_A_2001,6,smina,0.42503082,1.1519687,1.3654519,0,0.0063647831,0.9322478
5801,127,10765,1537,4zo7_GLC_A_806,6,smina,0.42497769,1.1517283,1.3654519,0,0.99504636,0.93845347
5802,127,1966,280,1now_IFG_B_558,6,smina,0.42496985,1.1516081,1.3654519,0,0.98528131,1.2602346
5803,127,2099,299,1o8a_NXA_A_702,6,smina,0.42459335,1.1499255,1.3654519,0,0.99092957,0.86518835
5804,127,2736,390,1tl2_NDG_A_237,6,smina,0.42427787,1.1487237,1.3654519,0,0.91973813,1.2622809
5805,127,5641,805,2wzh_NGO_A_1589,6,smina,0.42517674,1.1481191,1.3955837,0,0.99409787,1.0414833
5806,127,6586,940,3uu7_2OH_A_1,6,smina,0.42365587,1.1465604,1.3654519,0,0,1.5443812
5807,127,1180,168,1iri_E4P_A_601,4,gnina,0.67977303,1.1465211,2.8216016,0,0.79336733,6.1277969
5808,127,11843,1691,5fe1_12Q_B_901,6,smina,0.42364805,1.1464402,1.3654519,0,0,0.54358185
5809,127,7846,1120,4clr_FDB_D_1270,6,smina,0.42352286,1.1461998,1.3654519,0,0,0.71031515
5810,127,6593,941,3uu7_2OH_B_1,6,smina,0.42330988,1.1459594,1.3654519,0,0,1.511677
5811,127,11703,1671,5eo8_TFU_A_403,6,smina,0.42302132,1.1453585,1.3654519,0,0.97957955,0.80364295
5812,127,8595,1227,4hoz_GLC_A_703,6,smina,0.42221029,1.1442769,1.3654519,0,0.16170067,0.78520421
5813,127,3877,553,2c3d_COM_A_1525,6,smina,0.42214911,1.1441567,1.3654519,0,0.95704071,0.71655274
5814,127,11633,1661,5eo7_SFU_A_405,6,smina,0.42209532,1.1440365,1.3654519,0,0.93485937,0.90480183
5815,127,293,41,1d6u_HY1_B_3001,6,smina,0.42137983,1.1433154,1.3654519,0,0.0060246585,0.7577231
5816,127,2519,359,1s6h_4BZ_A_1,6,smina,0.42110524,1.1431952,1.3654519,0,0,0.86943671
5817,127,13502,1928,5tde_2HP_B_901,6,smina,0.42089134,1.1429548,1.3654519,0,0.98793898,0.51995532
5818,127,8189,1169,4dwv_PFB_B_378,6,smina,0.42084887,1.1428346,1.3654519,0,0.97443221,1.1952748
5819,127,11675,1667,5eo7_SFU_C_403,6,smina,0.42065842,1.1423539,1.3654519,0,0.80519618,0.89212561
5820,127,9554,1364,4npm_SIN_A_301,6,smina,0.42031227,1.1415126,1.3654519,0,0,0.80338076
5821,127,4311,615,2fyd_BGC_B_403,6,smina,0.42028747,1.1413924,1.3654519,0,0.45587006,0.89969785
5822,127,13362,1908,5oo4_URI_A_201,6,smina,0.42578643,1.1405993,1.4587578,0,0,2.5144632
5823,127,8182,1168,4dwv_PFB_A_378,6,smina,0.41884824,1.1382676,1.3654519,0,0.98385887,0.95186132
5824,127,13992,1998,5vys_1YJ_B_301,6,smina,0.41845664,1.1373062,1.3654519,0,0.98250282,0.74199178
5825,127,9561,1365,4npm_SIN_B_301,6,smina,0.41826748,1.1370658,1.3654519,0,0,0.77187328
5826,127,13404,1914,5r9u_JMM_A_401,6,smina,0.4182265,1.1369456,1.3654519,0,0,1.7003031
5827,127,14657,2093,5zpt_HY1_B_703,6,smina,0.41803137,1.1367052,1.3654519,0,0,0.94965406
5828,127,12718,1816,5jeh_EVF_B_302,6,smina,0.41751794,1.1355034,1.3654519,0,0.00064346712,1.5875924
5829,127,6971,995,3wlf_FEH_A_401,6,smina,0.41951558,1.1342775,1.406819,0,0.0052109764,0.84747903
5830,127,5494,784,2vmg_MBG_A_1179,6,smina,0.4164839,1.1341814,1.3654519,0,0.93343649,0.88199648
5831,127,5858,836,2y4j_LAC_A_400,6,smina,0.41595896,1.1334603,1.3654519,0,0.00064166763,0.85423541
5832,127,14741,2105,6a3j_SOE_C_402,6,smina,0.42304606,1.133261,1.4494557,0,0.99529092,0.96491607
5833,127,8714,1244,4i4v_NGA_A_202,6,smina,0.41552884,1.1332199,1.3654519,0,0.98645358,1.6176807
5834,127,12760,1822,5jj2_MLI_A_301,6,smina,0.41546024,1.1330997,1.3654519,0,0.20184878,0.62462655
5835,127,13677,1953,5ud0_13P_B_405,6,smina,0.41490989,1.1328593,1.3654519,0,0.74208696,1.0801729
5836,127,6978,996,3wlf_FEH_B_401,6,smina,0.41900118,1.1326633,1.4097145,0,0.23356925,0.86454783
5837,127,6404,914,3se2_3AB_D_3,6,smina,0.41359901,1.1314171,1.3654519,0,0,0.86259574
5838,127,16321,2331,6nyo_U94_A_301,4,gnina,0.48465997,1.1313804,1.9095652,0,0.92698156,6.8659777
5839,127,230,32,1cdk_MYR_B_403,6,smina,0.41322707,1.1311767,1.3654519,0,0.95304053,0.55214364
5840,127,13754,1964,5uio_LG3_B_201,6,smina,0.41128438,1.1294942,1.3654519,0,0,0.64738792
5841,127,16736,2390,6qo4_97T_B_301,6,smina,0.41069915,1.1291336,1.3654519,0,0.00094564925,1.1759156
5842,127,9575,1367,4nv0_MG7_A_403,6,smina,0.40951389,1.1282923,1.3654519,0,0,2.4669661
5843,127,11248,1606,5cak_4Z9_A_802,6,smina,0.40948647,1.128052,1.3654519,0,0.81595932,1.4228338
5844,127,17779,2539,7jo3_VGS_A_302,6,smina,0.42506092,1.1270852,1.5398349,0,0.99384505,1.67786
5845,127,3198,456,1x8i_BMH_A_2,6,smina,0.40766501,1.1254079,1.3654519,0,0.96169093,3.3421174
5846,127,8931,1275,4j4b_0TF_B_301,6,smina,0.41778426,1.1251833,1.4427208,0,1.0313586e-08,5.0055022
5847,127,14027,2003,5w8q_BU4_A_400,6,smina,0.40723586,1.1251675,1.3654519,0,0.75537341,0.63231106
5848,128,5467,781,2vkg_CF4_A_1064,0,surfdock,0.52144063,1.2101606,1.3738636,0,0.00012713225,3.3453425
5849,128,12375,1767,5i8z_JA1_A_302,6,smina,0.46542663,1.1781486,1.2545353,0,0,4.6983573
5850,128,4696,670,2jav_5Z5_A_1280,6,smina,0.44973119,1.1675282,1.2545353,0,0.98722271,3.0732597
5851,128,15931,2275,6lit_2OH_A_501,6,smina,0.44700479,1.1663213,1.2545353,0,0,1.5432496
5852,128,13397,1913,5r9o_54F_A_401,6,smina,0.44084943,1.1628214,1.2545353,0,0,1.2106246
5853,128,13628,1946,5u5x_TP5_A_302,6,smina,0.44079942,1.1627007,1.2545353,0,0,1.165409
5854,128,8364,1194,4f8n_GAL_A_204,6,smina,0.43805016,1.1608904,1.2545353,0,0.80339719,0.71091127
5855,128,10989,1569,5ack_SVQ_A_600,6,smina,0.43525266,1.1589594,1.2545353,0,0,4.3936087
5856,128,15924,2274,6l8a_BAL_E_503,6,smina,0.43568959,1.1534226,1.2928188,0,6.7640213e-08,0.69668168
5857,128,13094,1870,5m8d_UGI_B_501,4,gnina,0.57245043,1.1509679,1.9554645,0,0.99549744,11.320527
5858,128,5410,772,2v32_BEZ_A_1222,6,smina,0.43246397,1.1497872,1.2545353,0,0.052244784,0.74054089
5859,128,13138,1876,5n5k_8NW_A_307,6,smina,0.43130805,1.1427873,1.2545353,0,0,2.9478792
5860,128,3870,552,2bxh_IOS_A_1001,6,smina,0.42944566,1.1402529,1.2545353,0,3.5537774e-05,1.1699101
5861,128,16442,2348,6ooi_PGA_B_301,6,smina,0.42902107,1.1398908,1.2545353,0,0.071158905,1.1045404
5862,128,15560,2222,6hqr_3DM_A_502,6,smina,0.42835491,1.1389253,1.2545353,0,0,0.88582427
5863,128,755,107,1gxu_2HP_A_1092,6,smina,0.42759688,1.1384426,1.2545353,0,0.96195406,0.42156138
5864,128,16449,2349,6ooi_PGA_D_301,6,smina,0.42747643,1.1379598,1.2545353,0,0.63102214,1.0905825
5865,128,17016,2430,6s9g_L1Q_A_305,6,smina,0.42732488,1.1374771,1.2545353,0,0.99433744,2.2672804
5866,128,14671,2095,6a1l_BEZ_A_403,6,smina,0.42726905,1.137115,1.2545353,0,1.832623e-06,0.64362578
5867,128,1147,163,1ia1_TQ3_A_194,6,smina,0.42675638,1.1366322,1.2545353,0,0.99649422,1.7860153
5868,128,12382,1768,5i93_69O_A_202,6,smina,0.4267085,1.1365116,1.2545353,0,0.50436265,0.78700101
5869,128,14972,2138,6cwr_6LA_A_201,6,smina,0.42669592,1.1363909,1.2545353,0,0.98292288,2.4983092
5870,128,15938,2276,6lit_2OH_B_501,6,smina,0.42660636,1.1361495,1.2545353,0,0,1.6943135
5871,128,5471,781,2vkg_CF4_A_1064,4,gnina,0.43518394,1.1345653,1.4191151,0,7.9436959e-05,4.2364415
5872,128,16050,2292,6mry_FLC_B_101,6,smina,0.42482317,1.1338564,1.2545353,0,0.97431607,1.3399124
5873,128,11150,1592,5bk9_SIN_A_301,6,smina,0.4232397,1.1333737,1.2545353,0,0,0.89459345
5874,128,13355,1907,5oip_9WE_A_302,6,smina,0.43702413,1.1322062,1.4469222,0,0,3.4348858
5875,128,10555,1507,4ysx_MLI_E_701,6,smina,0.43234562,1.1315603,1.3790663,0,0.10787287,0.83398846
5876,129,4759,679,2npq_BOG_A_1000,6,smina,0.48773166,1.2013816,1.3384736,0,0.9386955,4.9848866
5877,129,4372,624,2g21_L1B_B_985,4,gnina,0.57588716,1.1714774,1.7658194,0,0.99353872,5.138819
5878,129,1896,270,1n5i_TMP_A_217,6,smina,0.43799357,1.1649823,1.2088579,0,0,3.3982813
5879,129,16036,2290,6mnh_JVD_A_301,6,smina,0.43615327,1.1626482,1.2042341,0,0,1.9342338
5880,129,10646,1520,4z6p_DHY_C_403,6,smina,0.43611644,1.1625272,1.2042341,0,0.99694303,1.3635911
5881,129,1980,282,1ns4_BGC_A_1400,6,smina,0.43492211,1.159382,1.2042341,0,0.98345498,0.99738415
5882,129,4367,623,2g21_L1B_A_885,6,smina,0.43469219,1.1584142,1.2042341,0,0,5.9999745
5883,129,15229,2175,6fld_NAG_A_602,4,gnina,0.43541628,1.1572498,1.228429,0,2.2550837e-08,2.0782875
5884,129,15980,2282,6ly4_TES_A_501,6,smina,0.43390544,1.1562367,1.2042341,0,0,1.1067513
5885,129,6796,970,3vv5_SLZ_A_300,6,smina,0.43347461,1.1553899,1.2042341,0,0.992605,2.0733444
5886,129,3121,445,1wmz_NGA_D_504,6,smina,0.43188309,1.1483736,1.2042341,0,6.7848443e-06,1.262081
5887,129,5214,744,2qvr_FDP_A_333,6,smina,0.42847844,1.1448655,1.2042341,0,4.223438e-06,3.0543688
5888,129,9064,1294,4kp7_1UQ_B_502,6,smina,0.42832692,1.1447445,1.2042341,0,0,2.8396667
5889,129,9055,1293,4kp7_1UQ_A_503,4,gnina,0.4856073,1.1445373,1.6373446,0,0.94422287,5.1660023
5890,129,9925,1417,4rje_PYR_B_402,6,smina,0.42934988,1.1443139,1.2129501,0,0.96159897,0.57722806
5891,129,4654,664,2izf_BTN_D_301,6,smina,0.43498624,1.1419024,1.3260064,0,0,2.4296025
5892,129,4647,663,2izf_BTN_B_300,6,smina,0.43463994,1.1405921,1.3260064,0,0,2.279233
5893,129,3107,443,1wmz_A2G_B_502,6,smina,0.41852952,1.1395428,1.2042341,0,0.057064566,1.2120375
5894,129,16496,2356,6paf_O6A_A_509,4,gnina,0.57451613,1.1384819,2.0067127,0,0.36933115,5.2656393
5895,129,2071,295,1o2i_655_A_246,6,smina,0.41575198,1.1383331,1.2042341,0,0,4.9790762
5896,129,419,59,1e48_13P_P_302,6,smina,0.41566931,1.1380911,1.2042341,0,2.6846964e-05,0.96878192
5897,129,559,79,1fqo_F6R_B_2268,6,smina,0.41550208,1.1377282,1.2042341,0,0.034743563,2.409616
5898,129,1721,245,1luq_BTN_A_5100,6,smina,0.43782689,1.1372403,1.4002074,0,0,2.392937
5899,129,11724,1674,5eo8_TFU_A_406,6,smina,0.41295536,1.1361556,1.2042341,0,0.9789705,0.7971105
5900,129,8777,1253,4i6y_MEV_B_1001,6,smina,0.41171233,1.1353088,1.2042341,0,0.48466494,1.0876596
5901,129,11640,1662,5eo7_SFU_B_401,6,smina,0.40857446,1.134704,1.2042341,0,0.42122763,1.1626317
5902,129,580,82,1fsa_F6P_B_338,6,smina,0.43532846,1.1340731,1.3890618,0,2.1935784e-05,2.1922011
5903,129,8903,1271,4ixw_IXW_A_302,6,smina,0.40713497,1.1332523,1.2042341,0,0.0098413604,0.87650113
5904,129,13306,1900,5ocm_9RH_D_302,6,smina,0.45157574,1.1326697,1.5038992,0,0,1.0045794
5905,129,5774,824,2xul_AKG_B_201,6,smina,0.40837344,1.1326231,1.2169126,0,0.00093150627,1.2243386
5906,129,9134,1304,4l80_OXL_A_402,6,smina,0.42724066,1.1312686,1.289175,0,0.052766983,0.61265428
5907,129,12942,1848,5l9v_OGA_A_502,6,smina,0.41874361,1.1300136,1.2727622,0,0.00037146538,0.90376142
5908,129,9071,1295,4kqx_HIO_A_402,6,smina,0.40483204,1.1295022,1.2042341,0,0.005095586,0.82364087
5909,129,16358,2336,6o2z_LJV_B_500,6,smina,0.41048435,1.129469,1.2421416,0,1.0386905e-06,6.16174
5910,129,5522,788,2vzu_PNJ_B_1904,6,smina,0.40199413,1.1284135,1.2042341,0,0,3.5689465
5911,129,475,67,1ei6_PPF_D_412,6,smina,0.43138184,1.1274957,1.3445933,0,0.99170829,0.71986785
5912,129,5669,809,2x05_X05_B_1900,6,smina,0.40160172,1.1256917,1.2042341,0,0,0.97614051
5913,129,9232,1318,4lxi_22J_A_301,6,smina,0.40114921,1.122123,1.2042341,0,0.75580724,2.2258305
5914,129,11374,1624,5d9w_ASC_A_301,6,smina,0.40102399,1.1220021,1.2042341,0,0.011661129,0.9058582
5915,129,12445,1777,5igs_GMP_A_403,6,smina,0.43545292,1.1215982,1.4823071,0,0,2.307206
5916,129,5648,806,2wzv_FMN_A_801,6,smina,0.40158707,1.117301,1.2422049,0,0,11.532632
5917,129,7335,1047,4adl_LMR_D_1468,6,smina,0.40160172,1.1165368,1.2684078,0,0,1.4265195
5918,129,3730,532,2b3f_GAL_B_3311,6,smina,0.4360763,1.1151878,1.5378366,0,0.99888467,1.4530715
5919,129,6416,916,3sj1_DXC_X_75,4,gnina,0.6091074,1.1123855,2.2957535,0,0,3.408633
5920,129,2015,287,1nux_F6P_A_2339,6,smina,0.39895477,1.1122004,1.2663928,0,6.7003181e-06,1.7674498
5921,129,9169,1309,4l80_OXL_F_402,6,smina,0.39961613,1.1094881,1.289175,0,0.073805683,0.63046289
5922,129,5935,847,2z48_A2G_A_1005,6,smina,0.42340638,1.1081909,1.4402469,0,4.0244369e-07,1.5058515
5923,129,844,120,1h1i_QUE_D_1357,4,gnina,0.57717767,1.1074193,2.2971871,0,0,4.621351
5924,129,11561,1651,5e4o_L57_A_201,4,gnina,0.48549981,1.1070532,1.7828047,0,0.87180585,3.0068142
5925,129,8803,1257,4i9n_1E5_H_402,4,gnina,0.54272751,1.106779,2.1993153,0,8.9851661e-09,9.4344582
5926,130,16323,2331,6nyo_U94_A_301,6,smina,0.48921392,1.1911887,1.3604676,0,0.75828904,12.024617
5927,130,12548,1792,5ita_6DC_A_801,4,gnina,0.57226427,1.1892727,1.5704674,0,0.99488663,7.2551825
5928,130,11829,1689,5fay_CHT_A_908,6,smina,0.47042315,1.1754393,1.1631871,0,0,0.79423688
5929,130,7895,1127,4cno_9PY_D_301,6,smina,0.46238694,1.1715519,1.1631871,0,0.96551874,1.047493
5930,130,8455,1207,4ghf_4NC_A_402,6,smina,0.46727253,1.1703126,1.184466,0,0,1.2354983
5931,130,8469,1209,4ghf_4NC_D_402,6,smina,0.46575878,1.169828,1.184466,0,0,1.214496
5932,130,8532,1218,4h9x_HL4_A_404,6,smina,0.44675243,1.1603758,1.1631871,0,0,1.2534985
5933,130,8322,1188,4ekr_0R0_B_203,6,smina,0.43984702,1.1578247,1.1631871,0,0.99016093,0.9767278
5934,130,489,69,1eyw_PEL_A_404,6,smina,0.43671206,1.1568529,1.1631871,0,0,0.65063999
5935,130,11563,1651,5e4o_L57_A_201,6,smina,0.47932369,1.1515187,1.3677927,0,0,2.9509948
5936,130,3457,493,1zei_CRS_F_55,6,smina,0.4312435,1.1493211,1.1631871,0,0.059056671,0.56734599
5937,130,9449,1349,4n94_2HO_A_401,6,smina,0.42867759,1.1471345,1.1631871,0,0,1.0463051
5938,130,4731,675,2jig_PD2_A_1254,6,smina,0.42811606,1.1462841,1.1631871,0,0,1.0190994
5939,130,16750,2392,6qol_JB5_B_301,6,smina,0.42768555,1.1460412,1.1631871,0,0,0.78555618
5940,130,16946,2420,6rum_TOP_A_301,6,smina,0.46601017,1.1458664,1.3515514,0,0.0077059447,3.1120373
5941,130,7118,1016,3wxo_NIZ_A_803,6,smina,0.4274639,1.1457982,1.1631871,0,0,0.85347963
5942,130,12368,1766,5i7r_68W_A_402,6,smina,0.42732311,1.1451908,1.1631871,0,0,3.9077711
5943,130,13418,1916,5syi_NIZ_A_805,6,smina,0.4270806,1.1447049,1.1631871,0,0,0.8748719
5944,130,1112,158,1hot_16G_B_271,6,smina,0.45097463,1.1443678,1.2789226,0,4.207831e-08,2.5986399
5945,130,1665,237,1lnf_VAL_E_1321,6,smina,0.43032548,1.1439423,1.1908427,0,9.7473339e-05,3.8976928
5946,130,6166,880,3kt7_AKG_A_702,6,smina,0.42611878,1.1433686,1.1631871,0,0.00031313887,1.5520244
5947,130,2960,422,1v3v_5OP_B_2360,6,smina,0.4258415,1.1431257,1.1631871,0,0.60798342,1.0719273
5948,130,2687,383,1thc_FL9_A_131,6,smina,0.42503425,1.1422753,1.1631871,0,7.6225485e-07,0.55800475
5949,130,13537,1933,5thu_GGG_B_405,6,smina,0.42434262,1.1417894,1.1631871,0,5.424622e-08,2.0386528
5950,130,8770,1252,4i6y_MEV_A_501,6,smina,0.42357966,1.1414249,1.1631871,0,0.48337873,1.1264956
5951,130,342,48,1diw_GAL_A_1400,6,smina,0.42347383,1.141182,1.1631871,0,0.00096965744,0.8265303
5952,130,9456,1350,4n9v_AZA_A_401,6,smina,0.42277555,1.1405746,1.1631871,0,0.99818656,0.67481189
5953,130,3506,500,1zk0_SS2_A_1260,6,smina,0.42270247,1.1404531,1.1631871,0,0.00026403213,0.5974912
5954,130,7111,1015,3wxo_NIZ_A_802,6,smina,0.42248769,1.1399672,1.1631871,0,0,0.79332054
5955,130,6096,870,2ztl_3HL_D_301,6,smina,0.42248165,1.1398457,1.1631871,0,0.00067215566,0.66336302
5956,130,2610,372,1sz6_NAG_B_5002,6,smina,0.42237105,1.1396027,1.1631871,0,3.428949e-09,1.3559282
5957,130,14755,2107,6a6s_FSA_A_502,6,smina,0.42185423,1.1387524,1.1631871,0,0.00035245064,1.9303566
5958,130,5725,817,2xmi_FLC_A_1379,6,smina,0.42142983,1.1386309,1.1631871,0,0.092777569,1.602977
5959,130,14510,2072,5ysh_5AD_D_605,6,smina,0.46059454,1.1383371,1.3842142,0,0,1.0031548
5960,130,12781,1825,5joy_6LW_A_602,6,smina,0.42038405,1.1376591,1.1631871,0,7.6209818e-06,0.95096773
5961,130,14524,2074,5ysh_5AD_J_605,6,smina,0.45866909,1.1371333,1.3860769,0,0,0.88755834
5962,130,8399,1199,4fxr_BMP_A_301,6,smina,0.45370565,1.1366479,1.3385623,0,0,3.3741438
5963,130,1889,269,1n3o_GYP_B_1101,6,smina,0.41844357,1.1365657,1.1631871,0,0.96391073,0.92576179
5964,130,12214,1744,5hc0_NPO_A_407,6,smina,0.41732277,1.1355939,1.1631871,0,0,0.75597581
5965,130,7195,1027,3zv6_4HB_A_1277,6,smina,0.41691663,1.1353509,1.1631871,0,0,0.8976446
5966,130,15252,2178,6flu_DTK_A_402,6,smina,0.41650404,1.1349865,1.1631871,0,0.24354271,2.733182
5967,130,8315,1187,4ekr_0R0_A_203,6,smina,0.41611014,1.1347435,1.1631871,0,0.0088247875,0.59584109
5968,130,2603,371,1sz6_NAG_B_5001,6,smina,0.4158589,1.1343791,1.1631871,0,2.3483403e-07,1.2756838
5969,130,10597,1513,4ywd_NTM_A_704,6,smina,0.41537668,1.1337717,1.1631871,0,0,0.94929151
5970,130,12977,1853,5lqs_NTM_A_302,6,smina,0.41524172,1.1336502,1.1631871,0,0,0.97401767
5971,130,1070,152,1h8p_PC_B_1111,6,smina,0.41514589,1.1334073,1.1631871,0,0,1.3412696
5972,130,9960,1422,4rp9_ASC_A_501,6,smina,0.41416916,1.1329213,1.1631871,0,0.96157962,0.92233007
5973,130,4710,672,2jhp_GUN_A_1647,6,smina,0.42642071,1.1328171,1.2404444,0,0.20526832,0.64738315
5974,130,6649,949,3vbn_TYD_A_301,6,smina,0.41433011,1.1326157,1.1669741,0,0,6.6903077
5975,130,17030,2432,6si4_LEK_A_402,6,smina,0.41330051,1.132071,1.1631871,0,0,2.5356935
5976,131,15434,2204,6hgl_TES_A_401,6,smina,0.44771495,1.1617044,1.1192329,0,0,0.96720565
5977,131,17646,2520,6yk5_PVK_A_312,6,smina,0.44674882,1.1608685,1.1133567,0,0,3.3377949
5978,131,17653,2521,6yk6_OUB_A_311,6,smina,0.44605856,1.1595366,1.1133567,0,0,1.9116142
5979,131,15056,2150,6ezf_C6Z_A_1003,6,smina,0.43825371,1.1561323,1.0537134,0,0,1.4663643
5980,131,4157,593,2f3s_7GP_A_998,6,smina,0.43798674,1.1540193,1.0672528,0,0.65451171,3.0877655
5981,131,11122,1588,5b4o_6DQ_B_201,6,smina,0.43040364,1.1455189,1.0537134,0,0,1.5765993
5982,131,7608,1086,4bvh_OCZ_C_1394,6,smina,0.47486962,1.1448392,1.2940511,0,0,1.7788536
5983,131,10233,1461,4uy7_HIS_B_800,6,smina,0.4127683,1.1411271,1.0537134,0,0.68924053,1.1693678
5984,131,7006,1000,3wr4_GDE_B_502,6,smina,0.40433163,1.1402732,1.0537134,0,0.0047040027,0.90329416
5985,131,9421,1345,4n36_2F8_D_401,6,smina,0.395299,1.1391752,1.0537134,0,0.82354371,1.5200455
5986,131,9204,1314,4lol_1YE_A_401,6,smina,0.41771688,1.1350303,1.101843,0,0,1.7074406
5987,131,7125,1017,3wxo_NIZ_A_804,6,smina,0.39508646,1.1336855,1.0537134,0,0,1.161286
5988,131,12340,1762,5i5s_NVU_A_402,6,smina,0.38896898,1.1286188,1.0821762,0,3.8294434e-05,1.2443348
5989,131,3471,495,1zgj_P1S_A_0,6,smina,0.37912595,1.126387,1.0824827,0,0,1.8457034
5990,131,16932,2418,6rlt_MLI_B_511,6,smina,0.37678184,1.12539,1.0537134,0,0.63673615,0.6106585
5991,131,15609,2229,6i6r_H62_A_704,6,smina,0.37432976,1.1216082,1.0537134,0,0.036343028,0.96125659
5992,131,4136,590,2euq_BVC_A_401,6,smina,0.37429245,1.1214862,1.0537134,0,0,0.67615727
5993,131,12536,1790,5ip6_6C9_A_301,6,smina,0.4289904,1.1185209,1.2402591,0,0,1.1965729
5994,131,16918,2416,6rhk_K4B_A_302,6,smina,0.43069848,1.1176883,1.2515646,0,0,3.8162611
5995,131,5515,787,2vsu_V55_D_1251,6,smina,0.40004913,1.1112607,1.2577028,0,1.9703024e-07,1.38022
5996,131,5123,731,2qd4_CHD_A_803,6,smina,0.37925983,1.1107316,1.1960022,0,0,4.7707747
5997,131,1252,178,1ixo_G3P_D_1004,6,smina,0.39523611,1.1101641,1.2425528,0,0.36068918,1.1317329
5998,131,17618,2516,6xzx_O5H_A_302,6,smina,0.40301714,1.108649,1.2787727,0,0,6.1364249
5999,131,832,118,1h1i_QUE_A_1358,6,smina,0.44615654,1.1081872,1.4883635,0,0,3.7360276
6000,131,14314,2044,5y7a_KYN_A_502,6,smina,0.38340914,1.1061237,1.2385178,0,0.33603053,2.1376245
6001,131,14447,2063,5ybp_AKG_B_302,6,smina,0.36973544,1.1020892,1.0537134,0,0.31201769,1.2169334
6002,131,14468,2066,5ybq_AKG_B_302,6,smina,0.36973544,1.1020892,1.0537134,0,9.7007669e-05,1.229574
6003,131,17247,2463,6tbx_N0Z_D_302,6,smina,0.36973544,1.1020892,1.0537134,0,0,1.0590808
6004,131,4486,640,2hdk_COI_B_900,6,smina,0.38411146,1.1020852,1.2693321,0,6.9365813e-07,0.98079147
6005,131,16029,2289,6md2_GW9_B_501,6,smina,0.36973544,1.1017334,1.0562464,0,1.67707e-08,2.3805407
6006,131,7601,1085,4bvh_OCZ_A_1393,6,smina,0.39523473,1.1006748,1.2940511,0,0,2.0717592
6007,131,7825,1117,4clo_XP0_D_1270,6,smina,0.47373939,1.0989834,1.6398969,0,0,2.8376633
6008,131,8154,1164,4dtb_GMP_B_401,6,smina,0.39993242,1.0984513,1.3527114,0,0,2.0691598
6009,131,12872,1838,5kjw_53C_A_800,6,smina,0.38125531,1.0938345,1.3260491,0,0,0.83265762
6010,131,10947,1563,5a86_D7E_A_1433,6,smina,0.44568787,1.093816,1.596225,0,0,5.7610339
6011,131,1901,271,1ne4_RP1_A_401,4,gnina,0.57165176,1.0933223,2.2165391,0,0.99409321,3.4710146
6012,131,10394,1484,4x2f_3WJ_A_601,6,smina,0.44505078,1.0918455,1.6028793,0,0,2.033594
6013,131,16764,2394,6qot_6SD_A_301,6,smina,0.44626777,1.09091,1.6288345,0,0,1.8361869
6014,131,13516,1930,5tdt_MBN_A_502,6,smina,0.36973544,1.089663,1.1435046,0,0.12084137,0.7317734
6015,131,9785,1397,4q40_VAL_A_403,6,smina,0.39523611,1.0891677,1.4010161,0,1.8802408e-05,0.80496365
6016,131,9799,1399,4q40_VAL_C_404,6,smina,0.39523611,1.0891677,1.4010161,0,1.4088198e-05,0.86238402
6017,131,16078,2296,6mwl_K5G_A_301,6,smina,0.3817976,1.0883099,1.3701017,0,0,4.495011
6018,131,2085,297,1o68_KIV_D_275,6,smina,0.44775817,1.0880776,1.6713015,0,0.99047589,0.74524271
6019,131,9792,1398,4q40_VAL_B_403,6,smina,0.39522637,1.0865376,1.4010161,0,8.2591593e-07,0.8341732
6020,131,12459,1779,5ijz_AKG_A_502,6,smina,0.36973544,1.0861301,1.1695395,0,0.023286878,1.8460064
6021,131,12466,1780,5ijz_AKG_B_502,6,smina,0.36973544,1.0859947,1.1705421,0,0.012043709,2.3457317
6022,131,12473,1781,5ijz_AKG_C_502,6,smina,0.36973544,1.0859269,1.1710441,0,0,2.0400196
6023,131,12494,1784,5ijz_AKG_H_502,6,smina,0.36973544,1.0858592,1.1715455,0,0,1.283537
6024,131,7951,1135,4d06_NAR_D_302,6,smina,0.36973536,1.0856201,1.0537134,0,0,1.9194866
6025,131,11115,1587,5b4o_6DQ_A_201,6,smina,0.36973513,1.0853761,1.0537134,0,0,1.5484426
6026,132,5452,778,2vag_V25_A_1482,6,smina,0.4302841,1.1528329,1.0420737,0,0,3.2649804
6027,132,14174,2024,5x86_TMP_B_207,6,smina,0.42828039,1.1506277,1.0420737,0,0,3.2995357
6028,132,2253,321,1pr0_NOS_C_1247,6,smina,0.43010817,1.1473677,1.0786635,0,0.99591391,2.1079051
6029,132,13096,1870,5m8d_UGI_B_501,6,smina,0.43226354,1.1417635,1.1353494,0,0,6.5356727
6030,132,14244,2034,5xmq_PLG_C_501,6,smina,0.40236041,1.1404615,1.0479589,0,4.0833952e-07,4.2278205
6031,132,11836,1690,5fc5_PC_A_516,6,smina,0.39468306,1.1399692,1.0420737,0,0,1.1380179
6032,132,3135,447,1x09_IPE_A_901,6,smina,0.39096175,1.1392341,1.0420737,0,0.11013749,0.81749
6033,132,12921,1845,5kxb_NGA_D_301,6,smina,0.38996345,1.1386481,1.0435793,0,0.93289856,1.2916322
6034,132,13152,1878,5n63_8OW_A_401,6,smina,0.42875996,1.1374031,1.136212,0,0,5.0591537
6035,132,12914,1844,5kxb_NGA_C_305,6,smina,0.38073189,1.1371782,1.0435793,0,0.98135855,1.7121204
6036,132,1917,273,1nf0_13P_A_5001,6,smina,0.37836422,1.1367839,1.0420737,0,0.00049362274,1.023543
6037,132,8210,1172,4e7v_CRS_I_101,6,smina,0.37134557,1.1339661,1.0420737,0,0.010759305,0.56379253
6038,132,2876,410,1u2o_NEC_A_1001,6,smina,0.45576527,1.1325427,1.2844709,0,3.2642326e-06,2.9159055
6039,132,6278,896,3r3z_GOA_B_305,6,smina,0.36876078,1.1307808,1.0420737,0,0.96450152,0.57054572
6040,132,8175,1167,4dvw_0M4_B_512,6,smina,0.37706954,1.1303391,1.0817716,0,0.51498492,5.6222555
6041,132,8168,1166,4dvw_0M4_A_512,6,smina,0.37217838,1.1293942,1.0764366,0,0.16832069,4.1209957
6042,132,629,89,1g6t_S3P_A_601,6,smina,0.36539318,1.1278406,1.0420737,0,0.99609102,1.5352641
6043,132,9806,1400,4q40_VAL_D_403,6,smina,0.36537744,1.1277181,1.0420737,0,0.00063821345,0.98148945
6044,132,7917,1131,4cx6_Q16_A_800,0,surfdock,0.53176024,1.1273787,1.8024762,0,0,3.6778309
6045,132,17212,2458,6t5p_VD8_B_302,6,smina,0.42189691,1.1273495,1.1870798,0,0.00065221674,1.8870872
6046,132,14545,2077,5z54_0HZ_C_303,6,smina,0.36329604,1.126738,1.0420737,0,0,2.2202978
6047,132,10499,1499,4xz9_G3P_B_302,6,smina,0.36172015,1.1255128,1.0420737,0,0.0074782438,0.91559487
6048,132,17058,2436,6sjs_THH_B_901,6,smina,0.38425357,1.1250588,1.1310139,0,0,0.91424076
6049,132,2804,400,1tt6_DES_B_128,4,gnina,0.458054,1.1248056,1.3449225,0,0.10288742,2.5941737
6050,132,13509,1929,5tde_FLC_A_501,6,smina,0.3608546,1.1247778,1.0420737,0,0.036615954,1.6497067
6051,132,5662,808,2x05_X05_A_1900,6,smina,0.37235875,1.1245983,1.1119099,0,0,1.0378519
6052,132,7924,1132,4cx6_Q16_B_800,0,surfdock,0.53176024,1.1241781,1.8285768,0,1.7980389e-11,3.5666788
6053,132,3415,487,1zei_CRS_A_54,6,smina,0.36077343,1.1237977,1.0420737,0,0.2876748,0.5553404
6054,133,12823,1831,5kcj_6RM_B_302,6,smina,0.51943573,1.159822,1.4938761,0,0,6.2626357
6055,133,11290,1612,5cga_KP6_F_301,6,smina,0.48590981,1.142895,1.5579917,0,0,1.4713388
6056,133,7328,1046,4a9j_TYL_C_1184,6,smina,0.39450751,1.1417038,1.0281458,0,0,0.95992297
6057,133,11297,1613,5cga_KP6_H_301,6,smina,0.49001166,1.1402514,1.5836223,0,0,1.0189503
6058,133,11262,1608,5cga_KP6_A_301,6,smina,0.48843678,1.1401366,1.5836223,0,0,1.0808242
6059,133,11276,1610,5cga_KP6_C_301,6,smina,0.48786246,1.1400217,1.5836223,0,0,1.0793684
6060,133,16834,2404,6r6i_H50_A_201,6,smina,0.3875236,1.1397389,1.0281458,0,0,2.617773
6061,133,12935,1847,5l7u_NGA_B_601,6,smina,0.41653314,1.1391418,1.0839847,0,5.6208175e-05,1.3770132
6062,133,671,95,1g8z_GAL_G_104,6,smina,0.38087665,1.1381425,1.0281458,0,3.1325451e-07,0.90068702
6063,133,11850,1692,5fes_9SE_A_409,6,smina,0.37304037,1.1360548,1.0281458,0,1.1477818e-07,1.0814684
6064,133,2372,338,1q92_DRM_A_1001,6,smina,0.3932563,1.1306589,1.1016095,0,0,2.3170032
6065,133,3611,515,2a1m_CAM_B_2422,6,smina,0.36439438,1.1285638,1.0281458,0,0,0.54504882
6066,133,9694,1384,4pbr_2L7_A_401,6,smina,0.48360245,1.1280499,1.4068602,0,0,4.1218418
6067,133,12228,1746,5hfa_FP1_A_608,6,smina,0.3622979,1.1273358,1.0281458,0,0,1.000826
6068,133,13131,1875,5mzp_CFF_A_2401,6,smina,0.36220726,1.127213,1.0281458,0,0,0.74888658
6069,133,8602,1228,4hrq_AZG_A_201,6,smina,0.36131256,1.1263533,1.0281458,0,0.040063501,0.63738286
6070,133,2631,375,1t87_CAM_A_1422,6,smina,0.3605343,1.1254937,1.0281458,0,0,0.59119949
6071,133,12221,1745,5hfa_FP1_A_607,6,smina,0.3604827,1.1248797,1.0281458,0,0,0.88361223
6072,133,11325,1617,5clo_NS8_M_101,6,smina,0.36040307,1.1242657,1.0281458,0,0.05487094,0.8949845
6073,133,8980,1282,4jp3_CIT_A_301,6,smina,0.36032417,1.1241429,1.0281458,0,0.087993149,1.4735558
6074,133,7167,1023,3zjq_NCA_A_300,6,smina,0.35981271,1.123406,1.0281458,0,0,0.80082425
6075,133,12235,1747,5hfa_FP1_B_609,6,smina,0.35966616,1.1231604,1.0281458,0,0,1.1152803
6076,133,2638,376,1t87_CAM_B_2422,6,smina,0.35812315,1.1214412,1.0281458,0,0,0.55726958
6077,133,6698,956,3vcp_PRO_A_502,6,smina,0.36631601,1.1183241,1.1097459,0,0.96448523,0.67112298
6078,133,15882,2268,6l7v_3PO_A_302,6,smina,0.38133898,1.1136921,1.2034513,0,0.00027034254,1.5233796
6079,133,15875,2267,6l68_ALL_A_202,6,smina,0.35734724,1.1108799,1.0750751,0,0.0015928251,0.83786032
6080,133,12312,1758,5i0d_GLC_A_1124,6,smina,0.37143846,1.1095944,1.2141318,0,6.2300799e-07,0.93482656
6081,133,2001,285,1nsm_GLA_B_2400,6,smina,0.36680482,1.1091063,1.17981,0,0.052204213,0.80779477
6082,133,14125,2017,5x2m_GLN_A_951,6,smina,0.35777106,1.1052725,1.1399704,0,0,1.37244
6083,133,8952,1278,4jh6_FCN_A_202,6,smina,0.38571142,1.1034498,1.2873207,0,0,0.65006639
6084,133,3779,539,2bf7_HBI_A_1290,6,smina,0.35718289,1.1028979,1.0281458,0,0,1.9741546
6085,133,3786,540,2bf7_HBI_B_1290,6,smina,0.35718289,1.1028979,1.0281458,0,0,1.573233
6086,133,3793,541,2bf7_HBI_D_1290,6,smina,0.35718289,1.1028979,1.0281458,0,0,1.6670371
6087,133,4857,693,2o1o_RIS_A_400,6,smina,0.35718289,1.1028979,1.0281458,0,0,2.5705647
6088,133,7671,1095,4cb5_93G_A_1484,6,smina,0.35718289,1.1028979,1.0281458,0,0,4.53401
6089,133,10723,1531,4zhd_4OZ_A_202,6,smina,0.35718289,1.1028979,1.0281458,0,0,3.4153544
6090,133,13334,1904,5oew_GLU_A_301,6,smina,0.35718289,1.1028979,1.0281458,0,4.2324782e-05,1.791062
6091,133,13341,1905,5oew_GLU_B_902,6,smina,0.35718289,1.1028979,1.0281458,0,4.7408746e-05,2.1701581
6092,133,13348,1906,5oew_GLU_C_302,6,smina,0.35718289,1.1028979,1.0281458,0,7.9825128e-05,1.1305033
6093,133,16631,2375,6q4r_HJ5_A_1009,6,smina,0.35718289,1.1028504,1.0284839,0,0.099005259,14.054648
6094,133,11962,1708,5fwe_OGA_A_1358,6,smina,0.40033767,1.1020526,1.3211247,0,0.00033973026,1.2278487
6095,133,1539,219,1kfc_IPL_A_674,6,smina,0.36042293,1.1016712,1.1910768,0,0.39167382,2.0496421
6096,133,11759,1679,5ezp_IPJ_B_201,6,smina,0.35718289,1.0995244,1.0522404,0,0,1.7098772
6097,133,12165,1737,5h8q_5YE_B_302,6,smina,0.41938494,1.0981108,1.4071988,0,0,4.514269
6098,133,11766,1680,5ezp_IPJ_C_201,6,smina,0.35718289,1.0970548,1.0700071,0,0,1.8709362
6099,133,10835,1547,4zu3_4SD_E_301,6,smina,0.39229296,1.0965342,1.3496357,0,0.91181571,0.93003366
6100,133,2911,415,1um4_SH4_H_1001,6,smina,0.3595533,1.0959139,1.2230895,0,0.23787646,4.6585176
6101,133,15084,2154,6f2v_AMP_B_1001,6,smina,0.50035262,1.093513,1.9838595,0,0,4.4239541
6102,133,10842,1548,4zu3_4SD_F_301,6,smina,0.38529521,1.0913472,1.3777634,0,0.89943864,0.93573691
6103,133,2134,304,1p1w_AMQ_A_428,6,smina,0.41026103,1.0898487,1.4314119,0,0,1.3712292
6104,134,1483,211,1kae_HSO_A_1001,6,smina,0.52637396,1.2114341,1.1005213,0,0.97239001,1.4615583
6105,134,6964,994,3wk1_O7E_A_301,6,smina,0.52991836,1.1467959,1.577322,0,0,2.8789591
6106,134,5347,763,2tmk_ATM_A_217,6,smina,0.52626863,1.1458812,1.5684005,0,0,5.3804232
6107,134,10436,1490,4xh4_PPI_A_504,6,smina,0.39737086,1.1412805,0.99440116,0,0,0.50855817
6108,134,7342,1048,4adm_SRT_C_1466,6,smina,0.40789825,1.1320403,1.0836329,0,0,1.1555338
6109,134,5732,818,2xoz_AMP_B_1664,6,smina,0.35411157,1.1310443,0.99440116,0,0.0023664657,0.53896753
6110,134,12417,1773,5iav_MLI_A_302,6,smina,0.34968576,1.129811,0.99440116,0,5.400759e-05,0.90055451
6111,134,14573,2081,5z9p_AX7_A_301,6,smina,0.34915099,1.1296877,0.99440116,0,0,0.64855242
6112,134,6712,958,3vnj_PSJ_A_301,6,smina,0.40789825,1.1291575,1.1040796,0,0.065552202,1.5187467
6113,134,6726,960,3vnj_PSJ_C_301,6,smina,0.40789825,1.1291575,1.1040796,0,0.051372432,2.1131692
6114,134,17625,2517,6y4f_GLU_A_202,6,smina,0.34570341,1.1289477,0.99440116,0,0.0011851029,1.1393703
6115,134,12298,1756,5hxi_5HN_A_403,6,smina,0.34137419,1.1251245,0.99440116,0,2.2305846e-07,0.83306974
6116,134,2092,298,1o68_KIV_E_275,6,smina,0.42872004,1.1250529,1.1797014,0,0.63647904,0.69919028
6117,134,916,130,1h48_CDI_E_902,6,smina,0.44874696,1.1243076,1.3243004,0,0.98930827,1.0671479
6118,134,16925,2417,6rlt_MLI_A_508,6,smina,0.33987324,1.1221647,0.99440116,0,0.62911768,0.63262324
6119,134,6719,959,3vnj_PSJ_B_301,6,smina,0.37811318,1.1215822,1.1200215,0,0.14649393,1.6967441
6120,134,5424,774,2v32_BEZ_D_1221,6,smina,0.33924796,1.1214247,0.99440116,0,0.072497837,0.73931623
6121,134,3072,438,1w3t_3GR_D_1297,6,smina,0.36889537,1.1187869,1.1069272,0,0.023396567,0.66846585
6122,134,5389,769,2uyv_TLA_C_1275,6,smina,0.3381524,1.1179715,0.99440116,0,0.02263719,0.91128877
6123,134,2365,337,1q6r_LX1_A_7301,6,smina,0.33670323,1.1164916,0.99440116,0,0.1764175,1.6974625
6124,134,14678,2096,6a1l_BEZ_A_404,6,smina,0.33519368,1.114395,0.99440116,0,0.37966528,0.58247424
6125,134,3322,474,1yw9_A84_A_482,4,gnina,0.48679995,1.112669,1.6606443,0,0.95440083,7.0153512
6126,134,6747,963,3vnm_SDD_D_301,6,smina,0.40789825,1.1118097,1.2301673,0,0.4431793,1.5529006
6127,134,14286,2040,5xvv_AKG_B_506,6,smina,0.40789825,1.1076622,1.2611076,0,0.013092889,1.1854991
6128,134,15126,2160,6f6a_CU5_B_301,6,smina,0.45682437,1.1076585,1.4815019,0,0.99598924,2.8939501
6129,134,17051,2435,6sj8_44V_B_901,6,smina,0.33449295,1.1063786,0.99440116,0,0,1.0137145
6130,134,7090,1012,3wur_O4B_B_204,6,smina,0.37277474,1.1063469,1.2039446,0,0,0.81156706
6131,134,6824,974,3w4i_8LG_C_402,6,smina,0.33437564,1.1052687,0.99440116,0,0,0.62266533
6132,134,6740,962,3vnm_SDD_C_301,6,smina,0.38337238,1.1048595,1.2525805,0,0.31488844,1.8238423
6133,134,13313,1901,5ocm_9RH_E_302,6,smina,0.35002138,1.1042603,1.1792941,0,0,0.9989948
6134,134,6831,975,3w4i_8LG_D_402,6,smina,0.33422064,1.1041587,0.99440116,0,0,0.6859147
6135,134,3065,437,1w3t_3GR_C_1297,6,smina,0.33767894,1.1031315,1.0969611,0,0.023939091,0.63599057
6136,134,5872,838,2ye5_2A7_A_1224,6,smina,0.34366138,1.1013571,1.1892066,0,0.0071464511,0.70677945
6137,134,279,39,1d3g_ORO_A_399,6,smina,0.34038863,1.1005726,1.1583915,0,0,0.83512455
6138,134,6607,943,3uud_EST_B_600,6,smina,0.34209509,1.0989619,1.196287,0,0,1.7784511
6139,134,16148,2306,6nba_P1T_C_501,6,smina,0.44620313,1.0988596,1.5014421,0,2.3587361e-06,3.6623693
6140,134,10800,1542,4zu3_4SD_A_301,6,smina,0.3334324,1.0988556,0.99440116,0,0.91845638,1.1604228
6141,134,6600,942,3uud_EST_A_600,6,smina,0.34164021,1.0982404,1.196287,0,0,1.9198191
6142,134,10366,1480,4wxb_CIT_A_501,6,smina,0.37808326,1.0977502,1.2955258,0,0.26274747,1.9376679
6143,134,10814,1544,4zu3_4SD_B_302,6,smina,0.33318933,1.0976223,0.99440116,0,0.71791004,1.2696684
6144,134,12963,1851,5la2_ARB_B_606,6,smina,0.35337,1.0969703,1.2381901,0,7.4678572e-05,0.57306567
6145,134,9435,1347,4n4j_HG1_A_606,6,smina,0.38091863,1.0964261,1.3156166,0,5.7641084e-08,4.9796029
6146,134,5718,816,2xhk_AKG_B_519,6,smina,0.33284886,1.096389,0.99440116,0,0.00042350863,1.1945872
6147,134,10807,1543,4zu3_4SD_B_301,6,smina,0.33264994,1.0956491,0.99440116,0,0.92738975,0.99572944
6148,134,13208,1886,5nov_93B_A_201,6,smina,0.33248537,1.0951557,0.99440116,0,0,0.44560302
6149,134,9428,1346,4n4j_HG1_A_605,6,smina,0.33228357,1.0944158,0.99440116,0,8.2795518e-05,1.4711472
6150,134,6355,907,3rop_NCA_A_302,6,smina,0.33209298,1.0940458,0.99440116,0,0,0.75086406
6151,134,461,65,1ei6_PPF_A_410,6,smina,0.33189899,1.0936758,0.99440116,0,0.39004258,0.63925077
6152,134,14055,2007,5wgk_AGJ_A_816,6,smina,0.34422632,1.092928,1.2542946,0,0,5.2911477
6153,134,3849,549,2bs8_NAG_A_1177,6,smina,0.33123592,1.0924425,0.99440116,0,6.2355563e-05,1.3262374
6154,135,10798,1542,4zu3_4SD_A_301,4,gnina,0.96656119,1.1876345,2.7337072,0,0.81227243,3.0856953
6155,135,10805,1543,4zu3_4SD_B_301,4,gnina,0.96716338,1.1871256,2.7412627,0,0.91529896,3.2700668
6156,135,6535,933,3tye_YTZ_B_902,4,gnina,0.48646462,1.1775475,1.1735088,0,4.7010081e-05,2.5435031
6157,135,10812,1544,4zu3_4SD_B_302,4,gnina,0.82830618,1.1489869,2.8563097,0,0.94175236,3.2081338
6158,135,1819,259,1ml4_PAL_A_385,6,smina,0.42909235,1.1462047,1.001933,0,0.7954115,2.2569962
6159,135,3058,436,1w3t_3GR_A_1297,6,smina,0.34376713,1.1294588,0.95622051,0,0.019751942,0.62767227
6160,135,11269,1609,5cga_KP6_B_301,6,smina,0.39785862,1.1278162,1.0681736,0,0,0.98667437
6161,135,6761,965,3vq4_0NX_B_303,6,smina,0.34282302,1.1269816,0.95622051,0,2.3770666e-05,1.1774654
6162,135,3604,514,2a1m_CAM_A_1422,6,smina,0.34177847,1.1263624,0.95622051,0,0,0.55109197
6163,135,17422,2488,6urx_JMG_A_316,6,smina,0.34167106,1.1262385,0.95622051,0,0.98906749,1.203978
6164,135,14195,2027,5xh2_NPO_A_305,6,smina,0.34027723,1.1249999,0.95622051,0,0,0.68365885
6165,135,9946,1420,4rm3_FOA_A_1000,6,smina,0.34026826,1.1248761,0.95622051,0,0.98233621,0.98203377
6166,135,10485,1497,4xv4_25T_A_302,6,smina,0.34026559,1.1247522,0.95622051,0,0.42025833,0.60348342
6167,135,9953,1421,4rm3_FOA_B_1000,6,smina,0.33995888,1.1241329,0.95622051,0,0.83713343,0.75449748
6168,135,1637,233,1l5o_2MP_A_990,6,smina,0.33994099,1.1240091,0.95622051,0,0,0.5097731
6169,135,2953,421,1v3v_5OP_A_1360,6,smina,0.33988923,1.1237613,0.95622051,0,3.6442312e-05,1.4441733
6170,135,6768,966,3vq5_MMJ_A_1007,6,smina,0.38721826,1.1233928,1.0832314,0,0.00092565632,1.6636025
6171,135,3443,491,1zei_CRS_E_55,6,smina,0.33952354,1.1228943,0.95622051,0,9.805556e-06,0.51585789
6172,135,3807,543,2bjf_DXC_A_330,6,smina,0.33939683,1.1226466,0.95622051,0,0,3.073641
6173,135,13,1,19gs_BSP_B_210,6,smina,0.33923586,1.1220273,0.95622051,0,2.9078849e-06,0.67157019
6174,135,4206,600,2f78_BEZ_B_1005,6,smina,0.33920298,1.1219035,0.95622051,0,0.020369962,0.71355207
6175,135,1133,161,1hsr_BHO_A_800,6,smina,0.33914978,1.1215319,0.95622051,0,7.7953214e-10,0.96723915
6176,135,16617,2373,6q4b_HHN_A_301,6,smina,0.33901497,1.1209126,0.95622051,0,0.0034727076,0.42090857
6177,135,6,0,19gs_BSP_A_210,6,smina,0.33889495,1.1202933,0.95622051,0,3.9076459e-06,0.7027723
6178,135,8854,1264,4ioq_BAQ_A_201,6,smina,0.33882873,1.1199217,0.95622051,0,0.050988144,0.44208609
6179,135,8196,1170,4e7v_CRS_A_101,6,smina,0.34585336,1.1197536,1.0296844,0,0.044329111,0.67628533
6180,135,11283,1611,5cga_KP6_E_301,6,smina,0.36033309,1.1196339,1.0681736,0,0,1.0267956
6181,135,14559,2079,5z9b_HX3_A_303,6,smina,0.33879058,1.1195502,0.95622051,0,0,0.83825742
6182,135,734,104,1gkc_NFH_B_1449,6,smina,0.48839131,1.118809,1.617709,0,0,3.9503863
6183,135,4003,571,2d0e_NQ_A_410,6,smina,0.3385502,1.1186832,0.95622051,0,6.1722315e-06,0.8559856
6184,135,16974,2424,6s37_SAL_A_601,6,smina,0.33867584,1.1183363,0.96213245,0,0.32047915,0.77792346
6185,135,258,36,1ck6_SHA_A_900,6,smina,0.3384607,1.1183116,0.95622051,0,1.881675e-09,0.79640531
6186,135,8308,1186,4ekr_0R0_A_202,6,smina,0.3451955,1.1174505,1.043498,0,0.98582054,1.0475558
6187,135,14566,2080,5z9b_HX3_B_303,6,smina,0.33801577,1.117073,0.95622051,0,0,0.8061522
6188,135,17310,2472,6tor_PMP_A_504,6,smina,0.33785894,1.1169492,0.95622051,0,7.0428982e-08,2.7465861
6189,135,3191,455,1x82_PA5_A_301,6,smina,0.33775253,1.1165776,0.95622051,0,0.015243954,1.9915739
6190,135,2281,325,1pt8_OXL_B_801,6,smina,0.33772981,1.1163299,0.95622051,0,0.00010061526,0.67353349
6191,135,1084,154,1hkn_N2M_C_4138,6,smina,0.33764282,1.116206,0.95622051,0,0,1.0757368
6192,135,7104,1014,3wwc_BUA_A_403,6,smina,0.33760897,1.1159583,0.95622051,0,2.6542606e-05,0.63547102
6193,135,4619,659,2isf_PAC_A_317,6,smina,0.33716571,1.1148436,0.95622051,0,0.0012103723,0.78140332
6194,135,16960,2422,6s23_KSW_A_403,6,smina,0.33688232,1.1139766,0.95622051,0,0,0.45115883
6195,135,1791,255,1m7p_G3H_A_5401,6,smina,0.33673169,1.1134811,0.95622051,0,0,1.0160114
6196,135,14636,2090,5zi4_OAA_A_401,6,smina,0.33641036,1.112738,0.95622051,0,1.5186214e-05,0.88053217
6197,135,12207,1743,5hc0_NPO_A_402,6,smina,0.33626874,1.1122426,0.95622051,0,0,0.61542171
6198,135,9568,1366,4nr9_ALY_A_2005,6,smina,0.33620267,1.111871,0.95622051,0,1.0496015e-08,2.5061594
6199,135,16624,2374,6q4k_HHW_A_301,6,smina,0.33753773,1.1111421,0.98853254,0,0,2.8758188
6200,135,4017,573,2d20_NPO_B_953,6,smina,0.33917031,1.1108912,1.0334021,0,0,0.6844058
6201,135,2981,425,1vje_MSE_A_301,6,smina,0.33572254,1.1108801,0.95622051,0,1.0317359e-06,1.1312315
6202,135,1798,256,1m7p_G3H_B_6401,6,smina,0.33522783,1.1097654,0.95622051,0,0,1.0401925
6203,135,9624,1374,4ovl_1TD_B_308,6,smina,0.33506744,1.10927,0.95622051,0,0,1.8313659
6204,136,3378,482,1z8p_DEB_A_420,4,gnina,0.47816607,1.1537941,1.0618995,0,0.98814578,2.5867801
6205,136,17562,2508,6x9d_HYP_A_2002,6,smina,0.4540697,1.1491844,1.0225456,0,0.0087431302,1.0133204
6206,136,9057,1293,4kp7_1UQ_A_503,6,smina,0.57333212,1.1429899,1.5927082,0,0,2.751529
6207,136,6019,859,2zce_PYL_A_601,6,smina,0.3374452,1.1381841,0.9143762,0,0,3.469617
6208,136,1924,274,1nf0_13P_B_1150,6,smina,0.32815636,1.1213291,0.9143762,0,0.013422669,1.168884
6209,136,3835,547,2bs3_CIT_A_1657,6,smina,0.32815636,1.1087292,1.00403,0,4.603761e-06,2.0908128
6210,136,5984,854,2z48_NGA_B_2003,6,smina,0.32843073,1.0993808,1.1742153,0,0.90068636,1.4762016
6211,136,7517,1073,4b98_PXG_B_470,6,smina,0.3750542,1.0968386,1.2731849,0,0,5.8318526
6212,136,7510,1072,4b98_PXG_A_470,6,smina,0.36997266,1.0946635,1.273435,0,0,6.2561827
6213,136,5970,852,2z48_NGA_A_1006,6,smina,0.32815636,1.0923679,1.124637,0,0.81667902,1.2813632
6214,136,10681,1525,4zbc_FRU_B_408,6,smina,0.32736042,1.0912343,0.97314221,0,0.001646051,1.1925785
6215,136,17324,2474,6tot_NRK_A_401,6,smina,0.37367023,1.0885841,1.3301466,0,0.90011638,6.2760039
6216,136,440,62,1e7h_PLM_A_1001,6,smina,0.3204056,1.0869142,0.94965231,0,2.4858789e-06,2.3063361
6217,136,10170,1452,4uoc_NCN_A_400,6,smina,0.48859609,1.0858257,1.8951548,0,0,4.1096193
6218,136,1784,254,1m3u_KPL_J_265,6,smina,0.4472003,1.0855097,1.4182243,0,0.25874524,1.0062959
6219,136,1756,250,1m3u_KPL_E_265,6,smina,0.44715214,1.0853927,1.4182243,0,0.98668302,1.0558685
6220,136,5942,848,2z48_A2G_B_2005,6,smina,0.32815636,1.0843012,1.1859233,0,3.5234666e-07,1.4316511
6221,136,5956,850,2z48_NGA_A_1003,6,smina,0.32815636,1.0841737,1.1869018,0,0.88621048,1.3535767
6222,136,5949,849,2z48_NGA_A_1002,6,smina,0.32815636,1.0832809,1.1937633,0,5.0627104e-06,1.3968012
6223,136,5963,851,2z48_NGA_A_1004,6,smina,0.32815636,1.0830257,1.1957278,0,6.7392776e-06,1.775109
6224,136,5991,855,2z48_NGA_B_2004,6,smina,0.32815636,1.0830257,1.1957278,0,7.4545354e-06,1.4548143
6225,136,12774,1824,5jj2_MLI_A_303,6,smina,0.31764809,1.0804664,0.9143762,0,0.80087995,0.56946669
6226,136,1287,183,1j0y_BGC_D_4601,6,smina,0.44932761,1.0803029,1.4726743,0,0.99561829,0.93180391
6227,136,1280,182,1j0y_BGC_C_3601,6,smina,0.44872452,1.0798376,1.4726743,0,0.25181758,0.99905697
6228,136,14622,2088,5zgr_ZZ7_A_303,6,smina,0.53648654,1.0797464,2.0752015,0,0.033785488,4.9443504
6229,136,9617,1373,4ofu_DHT_A_1001,6,smina,0.44713299,1.0785172,1.4730077,0,0,1.4385062
6230,136,1266,180,1j0y_BGC_A_1601,6,smina,0.44662671,1.078209,1.4726743,0,0.22234628,1.1645375
6231,136,8056,1150,4dch_4DC_A_502,6,smina,0.3381636,1.0748564,1.3888326,0,0,4.8196541
6232,137,5968,852,2z48_NGA_A_1006,4,gnina,0.92252393,1.2205848,2.4346387,0,0.019991864,2.9161111
6233,137,5954,850,2z48_NGA_A_1003,4,gnina,0.98712182,1.2042989,2.579567,0,0.8858936,2.8103148
6234,137,6425,917,3sjh_LAR_A_503,6,smina,0.59979554,1.1357364,1.7553982,0,0,3.3289194
6235,137,5844,834,2y00_Y00_A_601,6,smina,0.48301663,1.1329733,1.2008746,0,0,5.8160363
6236,137,7993,1141,4d2c_ALA_A_508,6,smina,0.43075379,1.129478,1.0692742,0,0.92742494,2.2936559
6237,137,2699,385,1tiw_TFB_A_2002,4,gnina,0.45821648,1.1216413,1.2350572,0,0.46832062,1.7718881
6238,137,5767,823,2xul_AKG_A_201,6,smina,0.32566132,1.1102372,0.96591735,0,1.456169e-06,1.3962471
6239,137,7188,1026,3zr0_8OG_B_1157,6,smina,0.40721497,1.1068551,1.2235601,0,6.869501e-09,5.9330029
6240,137,4815,687,2nu7_COA_B_1025,6,smina,0.32566132,1.1047976,1.0050609,0,1.6292504e-09,4.6545819
6241,137,3723,531,2b3f_GAL_A_3310,6,smina,0.32566132,1.1023408,1.0229104,0,0.99726733,1.3528613
6242,137,11430,1632,5di7_5CQ_B_601,6,smina,0.37706633,1.0997932,1.2563648,0,0,1.5473431
6243,137,14384,2054,5yb7_ORN_B_602,6,smina,0.32566132,1.099628,1.0427463,0,0.00089183754,1.2564889
6244,137,5788,826,2xul_AKG_D_201,6,smina,0.32566132,1.099494,1.0437288,0,1.6697606e-07,1.651289
6245,137,3737,533,2b3f_GAL_C_3312,6,smina,0.32566132,1.0994043,1.0443873,0,0.99557411,1.3174211
6246,137,3744,534,2b3f_GAL_D_3313,6,smina,0.32566132,1.0994043,1.0443873,0,0.99762187,1.2768968
6247,137,3751,535,2b3f_GAL_E_3314,6,smina,0.32566132,1.0994043,1.0443873,0,0.99703009,1.3319096
6248,137,16106,2300,6n0z_DP6_F_401,6,smina,0.32566132,1.0990187,1.0472195,0,0.37845675,4.414478
6249,137,14391,2055,5yb7_ORN_B_603,6,smina,0.32566132,1.0967996,1.0635679,0,0.96210958,1.7048697
6250,137,16099,2299,6n0z_DP6_C_401,6,smina,0.32566132,1.0952267,1.0752097,0,0.89377971,3.4949788
6251,137,14405,2057,5yb7_ORN_C_603,6,smina,0.32566132,1.0947371,1.0788438,0,0.99178823,1.2315516
6252,137,16085,2297,6n0z_DP6_A_401,6,smina,0.32566132,1.0929032,1.0924911,0,0.90964942,3.4040782
6253,137,17007,2429,6s7u_KZK_C_501,4,gnina,0.48490405,1.0886609,1.7178123,0,0.80972588,8.7634589
6254,137,14818,2116,6ayv_F6P_B_401,6,smina,0.40663274,1.0882218,1.365073,0,0.83195777,2.4106326
6255,137,17000,2428,6s7u_KZK_A_501,4,gnina,0.48490405,1.0879263,1.7240511,0,3.3737824e-11,9.1745021
6256,137,16015,2287,6mae_JBA_A_301,6,smina,0.44334724,1.0873172,1.4013172,0,0,11.995787
6257,137,13614,1944,5u5g_7VD_B_302,6,smina,0.33051702,1.0806815,1.3348547,0,0.85159144,0.8436617
6258,137,17191,2455,6t10_M6Z_A_601,6,smina,0.43539731,1.0764854,1.4813777,0,0,0.97398819
6259,137,14370,2052,5yb7_ORN_A_602,6,smina,0.31893567,1.076094,0.99436343,0,0.0019406813,1.3009473
6260,137,9974,1424,4rql_SNE_B_502,6,smina,0.31579079,1.0759737,0.91491783,0,0,0.6109382
6261,137,14398,2056,5yb7_ORN_C_602,6,smina,0.31898939,1.0753489,1.0017318,0,0.0020743766,1.3051357
6262,137,11157,1593,5bkd_AKG_A_502,6,smina,0.32137635,1.0738785,1.0605934,0,3.7492852e-06,1.1304436
6263,137,16470,2352,6ooi_PGA_G_301,6,smina,0.32566132,1.0720945,1.2518091,0,0.051679523,1.1186382
6264,137,2624,374,1t5z_DHT_A_931,6,smina,0.45286231,1.0709325,1.6132662,0,0,1.5350987
6265,137,1903,271,1ne4_RP1_A_401,6,smina,0.45467477,1.0703922,1.6314424,0,0,3.2267827
6266,137,7356,1050,4ajj_88R_C_1335,6,smina,0.44983282,1.0669568,1.5827582,0,1.0073222e-05,2.5322674
6267,137,16526,2360,6pk1_PLP_B_501,6,smina,0.42538539,1.0667307,1.5516684,0,0.010367014,2.0009784
6268,137,7349,1049,4ajj_88R_B_1333,6,smina,0.44915447,1.0666113,1.5827582,0,0.98836276,2.6071791
6269,137,454,64,1e8g_FCR_B_601,6,smina,0.31079536,1.0663723,0.91491783,0,0,1.4793713
6270,137,11164,1594,5bkd_AKG_B_502,6,smina,0.31887076,1.0662875,1.0605934,0,1.4474867e-06,1.2192784
6271,137,3639,519,2a9z_26A_A_1002,6,smina,0.44433923,1.066037,1.5769122,0,0,2.8883687
6272,137,6292,898,3r3z_GOA_D_305,6,smina,0.31064754,1.0659983,0.91491783,0,0.93644861,0.63647184
6273,137,14377,2053,5yb7_ORN_A_603,6,smina,0.31868234,1.0651618,1.0635679,0,0.0024499293,1.2299309
6274,137,11346,1620,5cpp_ADO_A_422,6,smina,0.30926376,1.0636291,0.91491783,0,0,0.54984823
6275,137,17450,2492,6v1e_5SW_A_301,6,smina,0.43293232,1.0635553,1.5871778,0,0,3.8882291
6276,137,17009,2429,6s7u_KZK_C_501,6,smina,0.32566132,1.0635052,1.3200547,0,0,9.8925008
6277,137,17002,2428,6s7u_KZK_A_501,6,smina,0.32566132,1.0634981,1.3201114,0,0,8.461925
6278,137,16092,2298,6n0z_DP6_B_401,6,smina,0.31892404,1.0628412,1.0924911,0,0.88943597,3.3568692
6279,137,16939,2419,6rlt_MLI_B_512,6,smina,0.30839686,1.061634,0.91491783,0,0.9857655,0.61622298
6280,137,12879,1839,5kjw_53C_B_800,6,smina,0.30823102,1.0610106,0.91491783,0,0,0.82836471
6281,137,1273,181,1j0y_BGC_B_2601,6,smina,0.31728412,1.0605069,1.0523827,0,0.99200104,0.98735226
6282,138,1271,181,1j0y_BGC_B_2601,4,gnina,1.0146228,1.1550589,3.0351236,0,0.91602912,6.8330639
6283,138,14403,2057,5yb7_ORN_C_603,4,gnina,0.99481411,1.1365487,3.2196577,0,8.4247704e-09,16.662712
6284,138,14389,2055,5yb7_ORN_B_603,4,gnina,0.98356018,1.1344341,3.240958,0,1.8982984e-08,8.24479
6285,138,5270,752,2r4j_13P_B_816,6,smina,0.35611531,1.1283762,1.0053285,0,0.32287587,1.5770123
6286,138,9267,1323,4m2c_DAR_D_402,6,smina,0.33531812,1.122284,0.90585822,0,0.87531709,2.6011313
6287,138,10254,1464,4v2z_Y70_B_151,6,smina,0.44218681,1.1188145,1.1741092,0,0,1.876244
6288,138,3324,474,1yw9_A84_A_482,6,smina,0.58457106,1.1114829,1.8585062,0,0,8.2798553
6289,138,3569,509,1zuw_DGL_C_3301,6,smina,0.33531812,1.1090451,0.99980426,0,0.99425373,1.517351
6290,138,7279,1039,4a7x_UDP_B_1241,6,smina,0.44840093,1.108393,1.2624069,0,0,4.8293425
6291,138,3742,534,2b3f_GAL_D_3313,4,gnina,0.99705241,1.1019977,3.6048133,0,0.99755872,7.0222101
6292,138,3749,535,2b3f_GAL_E_3314,4,gnina,0.99682497,1.1018063,3.6048133,0,0.99699715,6.8812584
6293,138,3735,533,2b3f_GAL_C_3312,4,gnina,0.99626574,1.1017106,3.6048133,0,0.99623799,7.0612758
6294,138,3721,531,2b3f_GAL_A_3310,4,gnina,0.99691614,1.1015934,3.6083739,0,0.99721077,12.332759
6295,138,12326,1760,5i0m_UMP_A_201,6,smina,0.3269058,1.0949204,0.90585822,0,0,3.7751577
6296,138,10205,1457,4ur9_BK9_A_1717,6,smina,0.32232341,1.0939185,0.90585822,0,5.7791018e-06,1.0810713
6297,138,10212,1458,4ur9_BK9_B_1717,6,smina,0.32201287,1.093668,0.90585822,0,1.7833965e-06,0.98320832
6298,138,3856,550,2bsc_NAG_A_1176,6,smina,0.32173028,1.0931671,0.90585822,0,7.4872225e-05,1.1859627
6299,138,17569,2509,6x9d_HYP_B_2002,6,smina,0.42116717,1.0888158,1.3588854,0,0.99915038,1.0290334
6300,138,3555,507,1zuw_DGL_A_1301,6,smina,0.33497283,1.0887696,1.0173916,0,0.9926218,1.3854461
6301,138,3562,508,1zuw_DGL_B_2301,6,smina,0.33515623,1.08786,1.028664,0,0.95160411,1.6602299
6302,138,14363,2051,5yaq_ISE_D_402,6,smina,0.33531812,1.087212,1.1615324,0,0.08979739,1.0030998
6303,138,17322,2474,6tot_NRK_A_401,4,gnina,0.93270489,1.0862176,3.7080765,0,0.80648131,6.4207163
6304,138,9659,1379,4p7q_NAG_A_703,6,smina,0.32237307,1.0830958,0.98535788,0,0.9125523,1.4551269
6305,138,17387,2483,6uo7_QCP_A_504,6,smina,0.38540027,1.079275,1.403901,0,0,3.3768897
6306,138,17100,2442,6syz_M1E_A_601,6,smina,0.31648132,1.0745072,0.90585822,0,0.9974067,0.82997299
6307,138,5431,775,2v60_C17_A_1503,6,smina,0.53158719,1.0744241,2.0828505,0,0,3.524999
6308,138,9820,1402,4qbz_D80_B_901,6,smina,0.43893316,1.0743468,1.5110222,0,0.21661766,1.828915
6309,138,8420,1202,4g1x_TQU_A_409,6,smina,0.33531812,1.073045,1.2712772,0,0,1.3400404
6310,138,951,135,1h5r_G1P_B_1294,6,smina,0.43219264,1.0697795,1.5334802,0,0.00032358229,1.7583504
6311,138,5438,776,2v60_C17_B_1498,6,smina,0.53075165,1.0687094,2.0951779,0,0,3.7058181
6312,138,3030,432,1vzu_UDP_A_1371,6,smina,0.49979601,1.0686963,2.008311,0,0,6.5050975
6313,138,12095,1727,5gto_MYR_A_502,6,smina,0.4109124,1.0670958,1.5199935,0,8.8720452e-07,3.6846628
6314,138,10443,1491,4xp2_TT4_A_401,6,smina,0.31878969,1.0670194,1.0472817,0,7.968525e-05,1.0136026
6315,138,1497,213,1kar_HSM_B_503,6,smina,0.31633751,1.0668972,0.95081103,0,0.00032031736,0.72811958
6316,138,4409,629,2gn2_C5P_A_400,6,smina,0.31512181,1.0637371,0.90585822,0,0,3.2787041
6317,138,2715,387,1tkh_DPN_A_911,6,smina,0.31499062,1.063111,0.90585822,0,0.0024791323,1.1144689
6318,138,7314,1044,4a9j_TYL_A_1188,6,smina,0.31549183,1.062603,0.93550742,0,0,0.80510596
6319,138,16743,2391,6qol_JB5_A_301,6,smina,0.31557184,1.0601454,0.9584561,0,0,0.76447415
6320,138,3380,482,1z8p_DEB_A_420,6,smina,0.50626488,1.0600608,2.1023676,0,0.98747832,1.6341046
6321,138,1385,197,1jhv_PCR_A_990,6,smina,0.31620792,1.059842,0.99894422,0,0,0.5165349
6322,138,5046,720,2q28_TPP_B_5001,6,smina,0.43090722,1.05944,1.6178718,0,0.93246613,8.488011
6323,138,5809,829,2xum_OGA_A_601,6,smina,0.31441066,1.0593539,0.90585822,0,0.00079700692,0.98481695
6324,138,7452,1064,4aw0_MJF_A_600,4,gnina,0.51305886,1.0590788,2.1454637,0,1.715285e-10,6.3581428
6325,138,10772,1538,4zqp_IMP_A_601,6,smina,0.40339964,1.0589617,1.5806439,0,0,3.287703
6326,138,3331,475,1z11_8MO_A_501,6,smina,0.33556857,1.0588942,1.4824157,0,0,0.95607333
6327,138,14503,2071,5ylf_BGC_A_401,6,smina,0.31431503,1.0586025,0.90585822,0,0.014519174,0.83515575
6328,138,3352,478,1z11_8MO_D_501,6,smina,0.33686044,1.0585274,1.4893746,0,0,0.99423707
6329,138,3345,477,1z11_8MO_C_501,6,smina,0.33606667,1.0582939,1.4893746,0,0,0.98485322
6330,138,3317,473,1yqc_GLV_A_1001,6,smina,0.31423987,1.0573502,0.90585822,0,6.8626509e-08,0.48147487
6331,138,9862,1408,4r08_URI_A_901,6,smina,0.33531812,1.0571154,1.3994911,0,0,2.8472742
6332,139,11948,1706,5fuv_THM_B_1385,6,smina,0.6332105,1.2523901,0.90199059,0,0,2.4283086
6333,139,9657,1379,4p7q_NAG_A_703,4,gnina,0.9987152,1.1755663,2.8223116,0,0.0017362879,2.6947899
6334,139,3567,509,1zuw_DGL_C_3301,4,gnina,1.0143203,1.1633754,2.9435422,0,0.98220046,2.5073306
6335,139,3553,507,1zuw_DGL_A_1301,4,gnina,1.0142187,1.1594173,2.9817095,0,0.99264585,2.4690437
6336,139,3560,508,1zuw_DGL_B_2301,4,gnina,1.0144092,1.1571648,3.0061884,0,0.98191536,2.4024351
6337,139,4878,696,2o7b_HC4_D_701,6,smina,0.40710388,1.1445968,0.90199059,0,0,1.8434703
6338,139,11738,1676,5eso_ISC_B_602,6,smina,0.47455804,1.1422296,1.1365077,0,0.96180469,1.7386814
6339,139,4164,594,2f64_12Q_A_472,6,smina,0.3762993,1.1409491,0.90199059,0,0,0.66955546
6340,139,11318,1616,5cjn_52F_A_809,6,smina,0.37538438,1.1406976,0.90199059,0,0,1.6819028
6341,139,13703,1957,5uda_CAE_A_502,4,gnina,0.45408166,1.140127,1.0703415,0,0.15880663,2.0911693
6342,139,3646,520,2agw_TSS_D_3001,6,smina,0.36770603,1.1400687,0.90199059,0,0.00057872677,0.97711872
6343,139,3653,521,2agw_TSS_H_2001,6,smina,0.36226143,1.1395656,0.90199059,0,0.00060152545,1.0592789
6344,139,13710,1958,5uda_CAE_B_502,4,gnina,0.45347023,1.1393881,1.0703415,0,0.051776905,1.9225434
6345,139,2722,388,1tkh_DPN_A_913,6,smina,0.35965512,1.139314,0.90199059,0,0.0077869709,1.9334245
6346,139,9498,1356,4ni1_2JX_A_204,6,smina,0.35713493,1.1391882,0.90199059,0,5.4002187e-05,1.1282322
6347,139,12564,1794,5iuy_BOG_B_503,6,smina,0.61066594,1.1388938,1.6956402,0,3.6326165e-12,4.6428859
6348,139,13061,1865,5m62_BGC_A_409,6,smina,0.35158617,1.1373015,0.90199059,0,0.01039744,0.76543478
6349,139,7097,1013,3wwc_BUA_A_402,6,smina,0.35038285,1.1346602,0.90199059,0,0.077460388,0.57567001
6350,139,7454,1064,4aw0_MJF_A_600,6,smina,0.35038284,1.1342828,0.90199059,0,0,8.7946503
6351,139,17184,2454,6t0m_GOZ_A_305,6,smina,0.37351221,1.1337974,0.94885147,0,0,7.4769464
6352,139,3625,517,2a5t_GLY_A_1001,6,smina,0.35038284,1.1333395,0.90199059,0,0,0.53479806
6353,139,4500,642,2hjp_PPR_A_291,6,smina,0.35038284,1.1333395,0.90199059,0,0,0.9635085
6354,139,16638,2376,6q4r_MLT_A_1041,6,smina,0.35038284,1.1333395,0.90199059,0,0.0055882558,0.93453971
6355,139,13635,1947,5u5z_7VP_A_302,6,smina,0.35037485,1.1321446,0.90199059,0,0.00014689545,1.1283798
6356,139,10464,1494,4xpq_FUL_A_1004,6,smina,0.35026012,1.131893,0.90199059,0,0.0037429782,0.63755258
6357,139,4171,595,2f64_12Q_B_471,6,smina,0.35016883,1.1313899,0.90199059,0,0,0.84615216
6358,139,12179,1739,5h8q_GLY_B_301,6,smina,0.35038284,1.1301882,0.9238342,0,0,0.57528092
6359,139,1847,263,1moo_4MZ_A_264,6,smina,0.34833144,1.1293774,0.90199059,0,0.0035009869,0.39876271
6360,139,1805,257,1m9j_CLW_B_907,6,smina,0.33845184,1.1266102,0.90199059,0,0,0.66135007
6361,139,7916,1130,4cw2_XDS_A_1303,6,smina,0.35038284,1.1259571,0.95342356,0,0,1.1377234
6362,139,125,17,1aua_BOG_A_2,6,smina,0.34520416,1.1244911,0.93166137,0,5.2274098e-05,4.3618998
6363,139,1175,167,1iki_DAL_A_500,6,smina,0.33501991,1.1243462,0.90199059,0,3.4741622e-06,0.63388101
6364,139,3303,471,1yik_MM1_A_500,6,smina,0.33189428,1.1232142,0.90199059,0,0,0.7297307
6365,139,10548,1506,4ynu_LGC_A_603,6,smina,0.34992662,1.1214664,0.9688099,0,1.6143967e-06,0.78943356
6366,139,9491,1355,4ni1_2JX_A_203,6,smina,0.35038485,1.1209845,1.0014216,0,0.00014336016,1.0371535
6367,139,8609,1229,4hrq_AZG_B_201,6,smina,0.35038284,1.1207765,0.99006283,0,0,0.9080903
6368,139,5186,740,2qse_1HP_A_1,6,smina,0.45793513,1.1160219,1.256925,0,0,2.3894522
6369,139,10982,1568,5abz_Z47_A_201,6,smina,0.59654601,1.1139284,1.8920083,0,0,3.752921
6370,139,17555,2507,6w0x_S6J_B_301,6,smina,0.43661138,1.1118739,1.2108538,0,6.2312273e-09,3.846314
6371,139,1840,262,1mmy_G6D_B_348,6,smina,0.35112143,1.1087397,1.1027104,0,0.0034278876,0.68694007
6372,139,3590,512,2a0x_DIH_A_300,6,smina,0.36201074,1.1079334,1.1267667,0,0,2.381047
6373,139,6999,999,3wqs_KBK_B_503,6,smina,0.42577832,1.1077184,1.2330838,0,0,3.6798104
6374,139,6306,900,3rgz_BLD_A_800,6,smina,0.76210229,1.1074278,2.9892352,0,0.98551077,4.8833064
6375,139,10541,1505,4ynu_LGC_A_602,6,smina,0.35168024,1.1071115,1.118354,0,0.015088213,0.80496164
6376,139,1994,284,1nsm_GAL_A_1400,6,smina,0.35289834,1.105244,1.1394821,0,0.0082771604,0.79821843
6377,139,16645,2377,6q4y_MAN_A_402,6,smina,0.37626292,1.1016138,1.1840291,0,0.97919966,1.1562367
6378,139,1833,261,1mmy_G6D_A_348,6,smina,0.34867582,1.1014816,1.104686,0,0.0026153768,0.59315169
6379,139,5459,779,2vjb_CCD_A_1539,6,smina,0.34108776,1.1005381,1.0971251,0,0,1.4510066
6380,139,3688,526,2ai1_P1G_A_293,6,smina,0.64091747,1.0990609,2.071135,0,0,5.9537438
6381,139,16652,2378,6q4y_MAN_B_402,6,smina,0.35691471,1.0973521,1.2034359,0,0.97069181,0.87590167
6382,140,9265,1323,4m2c_DAR_D_402,4,gnina,0.91671689,1.1703836,2.7857933,0,0,5.2266432
6383,140,6068,866,2zm9_ACA_A_501,6,smina,0.33720259,1.1310375,0.88582426,0,0,5.5096223
6384,140,377,53,1dpm_EBP_B_903,6,smina,0.33462139,1.1299006,0.88582426,0,0.00027348366,2.0822606
6385,140,9302,1328,4mgj_CPZ_A_502,6,smina,0.33528714,1.1268522,0.90965521,0,0,0.95013283
6386,140,3632,518,2a9z_26A_A_1001,6,smina,0.43716885,1.1172735,1.1517125,0,0,3.1667546
6387,140,12438,1776,5icf_SAU_A_402,6,smina,0.39604588,1.1130556,1.1321874,0,0,1.4883876
6388,140,15133,2161,6f76_CVK_A_203,6,smina,0.45341757,1.1112338,1.2720222,0,0,5.4757962
6389,140,16400,2342,6ofr_BOG_A_803,6,smina,0.33443976,1.1102412,0.93725723,0,1.8185546e-10,4.4694535
6390,140,16393,2341,6ofr_BOG_A_802,6,smina,0.33443976,1.1087066,0.94821638,0,0.013690281,4.4092144
6391,140,8119,1159,4dt8_ADN_A_401,6,smina,0.33443976,1.1072514,0.95864707,0,0.0002270098,2.225743
6392,140,6579,939,3u3o_3QV_A_297,6,smina,0.33807616,1.1051483,1.0743165,0,0,1.0096654
6393,140,363,51,1dpm_EBP_A_901,6,smina,0.33420047,1.1002129,0.88582426,0,4.2039891e-07,2.1918186
6394,140,16414,2344,6ofr_BOG_A_805,6,smina,0.33443975,1.0990326,0.92398465,0,8.0192568e-09,5.110455
6395,140,7998,1142,4d3s_BOG_F_1000,4,gnina,0.58750046,1.0982465,1.9205048,0,0.91158733,7.9378122
6396,140,16386,2340,6ofr_BOG_A_801,6,smina,0.33443975,1.0976287,0.93589193,0,0.0020081832,4.4134743
6397,140,14944,2134,6cgn_DA_A_801,6,smina,0.33443976,1.0974429,1.0299292,0,0.00014145737,5.358857
6398,140,2141,305,1p1w_AMQ_B_427,6,smina,0.39151831,1.0967671,1.2525243,0,0,1.4749585
6399,140,16421,2345,6ofr_BOG_A_806,6,smina,0.33443976,1.096695,0.94444221,0,7.0532008e-10,4.3273584
6400,140,10821,1545,4zu3_4SD_C_301,6,smina,0.32953815,1.0955386,0.88582426,0,0.91737285,1.0318125
6401,140,10065,1437,4u7g_K17_B_303,6,smina,0.32950406,1.0954123,0.88582426,0,1.6533587e-05,0.63992256
6402,140,8005,1143,4d3s_BOG_H_1000,4,gnina,0.58109932,1.0946297,1.9217376,0,2.0973815e-07,8.8262574
6403,140,16953,2421,6s23_KSW_A_402,6,smina,0.32205731,1.0931384,0.88582426,0,0,0.51062333
6404,140,15140,2162,6f76_CVK_B_203,6,smina,0.38906629,1.0928863,1.2797738,0,0,5.3863675
6405,140,1826,260,1mmx_FUC_A_348,6,smina,0.32112114,1.0927594,0.88582426,0,0.99569496,0.88147922
6406,140,34,4,1a59_CIT_A_379,6,smina,0.32070636,1.0923804,0.88582426,0,0.0063502094,1.4689222
6407,140,1973,281,1nrg_PLP_A_320,6,smina,0.32065801,1.0922541,0.88582426,0,0.00028209236,1.8620645
6408,140,11577,1653,5e4r_40E_A_504,6,smina,0.32024258,1.0920014,0.88582426,0,0.044764487,0.82152507
6409,140,9897,1413,4r3n_3GQ_B_404,6,smina,0.31912655,1.0916224,0.88582426,0,0,1.4696475
6410,141,7909,1129,4crg_J4X_A_1493,6,smina,0.50116287,1.1143276,1.5847285,0,0,6.6212312
6411,141,12543,1791,5irw_D9P_A_202,6,smina,0.32959566,1.1049311,1.0744563,0,0.93168131,4.2286458
6412,141,2531,361,1sep_BIO_A_801,4,gnina,0.51826339,1.0918018,1.8088906,0,0.82863904,2.036483
6413,141,14181,2025,5xdt_MB3_A_404,6,smina,0.31076984,1.0916331,0.89451468,0,0,0.48555769
6414,141,13292,1898,5ocm_9RH_B_302,6,smina,0.32819439,1.0888865,0.98206162,0,0,1.0716212
6415,141,16043,2291,6mpa_NAG_B_502,6,smina,0.32841574,1.0868388,1.0026617,0,0.0051221782,1.3829122
6416,141,6621,945,3v1s_0LH_B_401,6,smina,0.30622636,1.0765757,0.88261431,0,0,0.97815093
6417,141,12816,1830,5kas_PC_A_517,6,smina,0.30469236,1.0748027,0.88261431,0,0,1.1392521
6418,141,13376,1910,5r0i_SYV_A_2501,6,smina,0.30458062,1.0742962,0.88261431,0,0,0.69163333
6419,141,14293,2041,5xvv_AKG_C_504,6,smina,0.32998663,1.073807,1.3151011,0,0.067669,1.1397344
6420,141,12403,1771,5i9m_69K_B_302,6,smina,0.34593927,1.0718339,1.4061023,0,0.00077597292,1.9763592
6421,141,3975,567,2coj_GBN_A_420,6,smina,0.33068957,1.0715167,1.3343866,0,0.0027682582,1.0931357
6422,141,2652,378,1t93_FLV_A_432,6,smina,0.30353798,1.0708769,0.88261431,0,0.0027046301,1.1910457
6423,141,12249,1749,5hpu_IPH_C_101,6,smina,0.30295208,1.0693572,0.88261431,0,0,0.40604514
6424,141,2645,377,1t93_FLV_A_431,6,smina,0.30225383,1.0673309,0.88261431,0,3.6435712e-05,0.88366405
6425,141,4437,633,2gyv_HBP_A_1409,6,smina,0.32846353,1.0661926,1.2798184,0,0,11.106429
6426,141,9365,1337,4mop_2H5_A_802,6,smina,0.32667591,1.0657392,1.1446464,0,0.0024081128,1.0220344
6427,141,11927,1703,5fp9_4SV_A_1342,6,smina,0.30079722,1.0639116,0.88261431,0,0,0.8458416
6428,141,10819,1545,4zu3_4SD_C_301,4,gnina,0.94234297,1.06312,3.9717348,0,0.93362789,3.3884787
6429,141,11087,1583,5aov_GLV_A_1356,6,smina,0.30042195,1.0627718,0.88261431,0,1.717509e-06,0.45310773
6430,141,8966,1280,4jm8_26D_A_302,6,smina,0.30031783,1.0625186,0.88261431,0,0,0.56535316
6431,141,3338,476,1z11_8MO_B_501,6,smina,0.33268116,1.0622322,1.4117429,0,0,1.0046579
6432,141,14349,2049,5yaq_ISE_B_402,6,smina,0.30001755,1.0615054,0.88261431,0,0.054592476,0.86954072
6433,141,2274,324,1pt8_OXL_A_802,6,smina,0.29995894,1.0612521,0.88261431,0,2.0752616e-08,0.54958669
6434,141,4220,602,2fcu_AKG_A_897,6,smina,0.30252562,1.0612019,0.93258995,0,0.00022507216,1.3051607
6435,141,13836,1976,5urz_BOG_B_201,4,gnina,0.48464866,1.0599961,2.0095296,0,0.14810985,4.7393899
6436,141,12319,1759,5i0d_GLC_B_1122,6,smina,0.30415596,1.0598857,0.98196512,0,1.5495395e-06,0.96262694
6437,141,2883,411,1u6r_IOM_B_1601,6,smina,0.30147783,1.0594079,0.92249972,0,0,1.0428401
6438,141,14643,2091,5zi4_OAA_B_401,6,smina,0.29946564,1.0589726,0.88261431,0,3.5866236e-06,0.86556493
6439,141,11192,1598,5bwr_4VT_B_402,6,smina,0.32845968,1.0589177,1.2279196,0,4.9928011e-06,2.7151852
6440,141,9344,1334,4mol_2FG_A_802,6,smina,0.32846353,1.0587863,1.3394634,0,0.17548204,1.0042456
6441,141,1812,258,1mex_RAC_H_601,6,smina,0.38749241,1.0587511,1.5619321,0,0,4.8187123
6442,141,2113,301,1opr_ORO_A_220,6,smina,0.29884778,1.0578328,0.88261431,0,0,0.83656344
6443,141,14356,2050,5yaq_ISE_C_402,6,smina,0.29836645,1.057073,0.88261431,0,0.87499586,0.79839677
6444,141,2309,329,1pym_OXL_B_1002,6,smina,0.2982112,1.0560599,0.88261431,0,0.0029616839,0.56258077
6445,141,13600,1942,5tzr_MLI_A_2403,6,smina,0.29808447,1.0554267,0.88261431,0,4.9461216e-06,0.63128084
6446,141,11108,1586,5awd_IDQ_A_901,6,smina,0.3284627,1.0542577,1.2710088,0,0,7.5731481
6447,141,6565,937,3u1t_MLI_B_350,6,smina,0.29959089,1.0531039,0.93008751,0,0.00018737299,0.64567667
6448,141,7391,1055,4ajj_MLI_A_1333,6,smina,0.30912102,1.0530564,1.1152788,0,0.95322187,0.68619756
6449,141,5053,721,2q6m_P34_A_1001,6,smina,0.29707186,1.0523873,0.88261431,0,0,2.5161271
6450,141,6558,936,3u1t_MLI_A_351,6,smina,0.29908924,1.0523329,0.92642349,0,3.2828902e-06,0.67679603
6451,141,5032,718,2q1a_2KT_X_295,6,smina,0.29677985,1.0517541,0.88261431,0,0.86930508,0.59924946
6452,141,3219,459,1xid_ASC_A_389,6,smina,0.29618513,1.0506143,0.88261431,0,0.0027791524,0.95651449
6453,141,496,70,1eyw_TEN_A_403,6,smina,0.3010694,1.0498992,0.99135202,0,0.53925373,1.1978176
6454,141,10289,1469,4wbd_CIT_A_602,6,smina,0.32129467,1.0487347,1.2580541,0,0.97958002,1.7966679
6455,141,4542,648,2i6p_4NP_A_401,6,smina,0.2954381,1.0484614,0.88261431,0,0,1.5637746
6456,141,13474,1924,5tch_MLI_E_301,6,smina,0.3108149,1.0480929,1.2271315,0,0.82725085,0.73114181
6457,141,2197,313,1pke_2FD_A_446,6,smina,0.32846353,1.0480594,1.4278977,0,0.99626836,2.6827104
6458,141,2204,314,1pke_2FD_B_447,6,smina,0.32846353,1.0480594,1.4278977,0,0.1553345,2.7592175
6459,141,2302,328,1pym_OXL_A_1001,6,smina,0.2949317,1.0473216,0.88261431,0,0.010642768,0.60933813
6460,142,14354,2050,5yaq_ISE_C_402,4,gnina,1.007624,1.2156654,2.4204524,0,0.81138986,3.511549
6461,142,2195,313,1pke_2FD_A_446,4,gnina,1.0125186,1.1140454,3.4218576,0,0.049715168,3.0784113
6462,142,8511,1215,4gy9_ZIP_A_201,6,smina,0.31669909,1.0998928,0.86512429,0,0.0031092819,1.1414113
6463,142,4360,622,2fzb_TOL_A_900,6,smina,0.41587201,1.0947756,1.2828704,0,0,4.7061132
6464,142,10401,1485,4x36_CHT_A_408,6,smina,0.29573938,1.0771241,0.86512429,0,0,0.56951573
6465,142,6250,892,3qwi_CUE_A_272,6,smina,0.29394635,1.0730537,0.86512429,0,0,1.0509475
6466,142,6257,893,3qwi_CUE_B_272,6,smina,0.2927883,1.0712729,0.86512429,0,0,1.1022448
6467,142,11584,1654,5e9m_BAE_A_2001,6,smina,0.2927452,1.0710185,0.86512429,0,0.0020392714,0.72566078
6468,142,15966,2280,6lx5_C5F_A_503,6,smina,0.32378669,1.0673722,1.1614132,0,0,2.5083076
6469,142,300,42,1d6u_PEA_A_2003,6,smina,0.29108122,1.0654218,0.86512429,0,8.737185e-07,0.83749005
6470,142,3709,529,2ajx_TGN_L_501,6,smina,0.32011689,1.0632821,1.1483153,0,0,5.3812253
6471,142,9078,1296,4kqx_HIO_B_401,6,smina,0.28992004,1.0612242,0.86512429,0,0.045117141,1.0237191
6472,142,9603,1371,4o95_245_A_602,6,smina,0.28971244,1.0605882,0.86512429,0,4.3826212e-08,1.6228558
6473,142,15182,2168,6f7r_CIT_A_1002,6,smina,0.29027783,1.059929,0.88503134,0,0.00012091377,1.3887782
6474,142,10415,1487,4x36_CHT_A_410,6,smina,0.28952267,1.0596978,0.86512429,0,0,0.52389303
6475,142,4885,697,2o7b_HC4_E_701,6,smina,0.33179435,1.059253,1.4842316,0,0,2.402591
6476,142,6745,963,3vnm_SDD_D_301,4,gnina,0.71046123,1.0585596,3.1441214,0,0.31267822,3.8203411
6477,142,8413,1201,4g1q_T27_A_601,6,smina,0.32378677,1.0579687,1.335211,0,0,8.0404188
6478,142,14482,2068,5yfj_RUB_C_401,6,smina,0.41604676,1.057412,1.5905265,0,0.84191633,4.2919238
6479,142,14475,2067,5yfj_RUB_B_401,6,smina,0.41367302,1.0569451,1.5905265,0,0.80597813,2.8589537
6480,142,4892,698,2o7b_HC4_G_701,6,smina,0.33225099,1.0566129,1.5104456,0,0,1.3016339
6481,142,4871,695,2o7b_HC4_A_701,6,smina,0.33195119,1.0562596,1.5104456,0,0,1.986692
6482,142,9967,1423,4rql_SNE_A_505,6,smina,0.28852366,1.0557546,0.86512429,0,0,0.84840787
6483,142,678,96,1g8z_GAL_H_104,6,smina,0.2894967,1.0553647,0.89445841,0,2.2046911e-05,0.77850897
6484,142,17233,2461,6tbx_N0Z_B_302,6,smina,0.28811349,1.0551186,0.86512429,0,0,0.9229916
6485,142,4920,702,2oci_TYC_A_401,6,smina,0.29009957,1.0541215,0.92366004,0,2.3054853e-05,1.5300719
6486,142,1861,265,1mrj_ADN_A_300,6,smina,0.29178961,1.05404,0.96992344,0,0,0.93660907
6487,142,10828,1546,4zu3_4SD_D_301,6,smina,0.30767929,1.0536295,1.1983851,0,0.92144207,0.94440911
6488,142,5865,837,2y4j_LAC_B_400,6,smina,0.28785879,1.053465,0.86512429,0,5.3116648e-05,0.59849242
6489,142,14965,2137,6cut_FEJ_D_401,6,smina,0.62623487,1.0534323,2.4785731,0,0.97094206,7.5873123
6490,142,5081,725,2qb4_DSM_A_802,6,smina,0.29134871,1.0509163,0.97937584,0,0,1.9679111
6491,142,531,75,1foi_14W_A_810,6,smina,0.29175067,1.0508137,0.99356103,0,1.1915409e-07,1.0185815
6492,142,10422,1488,4x36_CHT_A_411,6,smina,0.28762164,1.0496829,0.88764948,0,0,0.55468747
6493,142,5165,737,2qim_ZEA_A_160,6,smina,0.32378677,1.049479,1.4052285,0,1.6855805e-06,1.8369448
6494,142,13495,1927,5tde_2HP_A_502,6,smina,0.29376874,1.0494441,1.0386752,0,0.19945812,0.40910028
6495,142,4682,668,2j5z_GAL_A_1278,6,smina,0.28677301,1.0492674,0.86512429,0,0.0012813208,0.79559974
6496,142,538,76,1foi_14W_B_810,6,smina,0.29117382,1.0486861,0.99356103,0,5.5407762e-08,1.024485
6497,142,13670,1952,5uap_82S_B_505,6,smina,0.28655101,1.0485042,0.86512429,0,0,0.58220535
6498,142,6173,881,3mk1_NPO_A_911,6,smina,0.2863649,1.0477411,0.86512429,0,0,0.74160383
6499,142,15469,2209,6hmw_FUL_A_203,6,smina,0.28713692,1.0474246,0.89222509,0,0.99782233,0.67990168
6500,142,6880,982,3wat_BGC_A_403,6,smina,0.28926422,1.046908,0.95057476,0,8.4966266e-05,1.1088193
6501,142,8973,1281,4jmz_1M2_A_302,6,smina,0.286036,1.0464691,0.86512429,0,0.89138669,0.70702566
6502,142,6887,983,3wat_BGC_B_403,6,smina,0.28881122,1.0456497,0.95057476,0,6.5421146e-05,1.1658338
6503,142,12858,1836,5kcp_PFB_B_379,6,smina,0.28591166,1.0454515,0.86512429,0,0.86263017,0.81476481
6504,142,15490,2212,6hmw_FUL_E_204,6,smina,0.28584579,1.0445535,0.86613381,0,0.99505195,0.58651381
6505,142,13978,1996,5vyr_GMP_B_303,6,smina,0.28577397,1.0443067,0.86512429,0,0.00043544301,0.61173574
6506,142,9316,1330,4mig_G3F_B_802,6,smina,0.30641918,1.0442646,1.2206937,0,0.00060204633,0.88501016
6507,142,9708,1386,4pik_MAN_A_502,6,smina,0.28573057,1.0437979,0.86512429,0,0.012946514,0.76840243
6508,142,2463,351,1ruk_BEZ_H_601,6,smina,0.29099422,1.0431688,1.0303662,0,0.0090286193,0.81580443
6509,142,13325,1903,5oew_9TE_C_301,4,gnina,0.50713934,1.0426006,2.2028818,0,3.1051339e-09,4.1144386
6510,143,2533,361,1sep_BIO_A_801,6,smina,0.47283884,1.1714551,0.84844929,0,1.534551e-08,1.600964
6511,143,5044,720,2q28_TPP_B_5001,4,gnina,1.0040968,1.1481738,3.0374389,0,0.79933846,8.0374359
6512,143,5179,739,2qs2_UBF_A_603,6,smina,0.38351391,1.1466268,0.88628489,0,0,4.3194925
6513,143,4514,644,2ht8_G39_A_800,6,smina,0.4695057,1.1427615,1.031486,0,0.0002985737,3.5182311
6514,143,2475,353,1rvz_NAG_A_3321,4,gnina,0.50809168,1.1414434,1.3358374,0,0,9.3131823
6515,143,10826,1546,4zu3_4SD_D_301,4,gnina,1.0088375,1.1321925,3.2050927,0,0.89565204,3.15768
6516,143,90,12,1ajs_PLA_A_415,6,smina,0.51386904,1.1253508,1.5006465,0,0.59314122,5.9977851
6517,143,17436,2490,6uxr_K6G_B_202,6,smina,0.36652376,1.1138507,1.1014943,0,0.00094209117,6.4541643
6518,143,11736,1676,5eso_ISC_B_602,4,gnina,1.0207872,1.1074183,3.4838881,0,0.96883954,8.1148637
6519,143,9321,1331,4mig_G3F_C_802,4,gnina,0.58700874,1.0852307,1.9851418,0,0.0082861636,7.5365245
6520,143,9314,1330,4mig_G3F_B_802,4,gnina,0.5521547,1.0841859,1.9196694,0,0.47691941,7.5263404
6521,143,9363,1337,4mop_2H5_A_802,4,gnina,0.32396712,1.0810781,1.296646,0,2.4594775e-06,7.3053959
6522,143,6040,862,2zgw_BTN_B_1402,6,smina,0.51524851,1.0739341,1.9397991,0,0,3.085548
6523,143,4451,635,2gyw_OBI_A_952,6,smina,0.3844161,1.0736067,1.4366353,0,0,4.1677058
6524,143,10098,1442,4uc9_ASP_C_1300,4,gnina,0.49038269,1.0718391,1.8863055,0,2.171486e-05,4.2822951
6525,143,3583,511,227l_BNZ_A_169,6,smina,0.28477042,1.068734,0.84844929,0,0,0.32164495
6526,143,8866,1266,4iph_1FJ_A_202,4,gnina,0.47856886,1.0667028,1.6786307,0,0.0052194573,2.9709883
6527,143,9589,1369,4o7g_ASC_B_303,6,smina,0.28423899,1.066051,0.84844929,0,3.6517667e-07,0.86067752
6528,143,8630,1232,4hzf_CMP_A_302,6,smina,0.4946643,1.0638186,1.9632295,0,0,3.1332111
6529,143,9372,1338,4mop_2H5_C_703,6,smina,0.30066358,1.0630574,1.0681618,0,0.00051532968,0.95678934
6530,143,12732,1818,5jep_EVF_B_303,6,smina,0.28320636,1.0614515,0.84844929,0,0.51538962,0.9476024
6531,143,8567,1223,4hgg_SYN_A_502,6,smina,0.28288802,1.0595351,0.84844929,0,3.0795128e-07,0.61991787
6532,143,9356,1336,4mol_2FG_D_802,4,gnina,0.47832785,1.0589619,1.7454828,0,0.23393983,6.8153479
6533,143,9349,1335,4mol_2FG_B_802,4,gnina,0.47825816,1.0586167,1.7454828,0,0,6.9747582
6534,143,8868,1266,4iph_1FJ_A_202,6,smina,0.32073229,1.0575521,1.226579,0,0,3.4208707
6535,143,2078,296,1o68_KIV_A_275,6,smina,0.28872717,1.0558792,0.98426437,0,0.66696914,0.67809967
6536,143,410,58,1e2j_THM_B_500,4,gnina,0.58214107,1.0536441,2.2654402,0,0.068098697,3.6967717
6537,143,16862,2408,6rbx_JYT_A_301,6,smina,0.30056983,1.0532553,1.1398374,0,0,1.5535053
6538,143,5151,735,2qhv_OC9_A_1001,6,smina,0.28427044,1.0518534,0.9555015,0,0.80130958,1.3481386
6539,143,13472,1924,5tch_MLI_E_301,4,gnina,1.0206969,1.0514708,4.1679173,0,0.22376891,7.3338954
6540,143,12949,1849,5l9v_OGA_B_502,6,smina,0.28072513,1.0512305,0.84844929,0,0.00057084481,1.0359458
6541,143,8427,1203,4g1x_TQU_A_410,6,smina,0.28567971,1.0510244,0.99837703,0,0,1.3254339
6542,143,14461,2065,5ybq_AKG_A_302,6,smina,0.28066605,1.0505917,0.84844929,0,0.00027452361,1.2336808
6543,143,10198,1456,4uqs_INE_A_904,6,smina,0.2806371,1.0500806,0.84844929,0,3.0684545e-05,0.88182425
6544,143,403,57,1e2j_THM_A_500,4,gnina,0.5821676,1.0481987,2.3201816,0,0.0002166641,4.3968381
6545,143,12998,1856,5lwy_OLB_A_403,6,smina,0.3211338,1.0481832,1.4301898,0,2.6875576e-13,13.427201
6546,143,6180,882,3mk1_NPO_A_913,6,smina,0.28058856,1.0475254,0.84844929,0,0,0.686727
6547,143,9358,1336,4mol_2FG_D_802,6,smina,0.31993972,1.0456979,1.320998,0,0.17331627,0.96995375
6548,143,9351,1335,4mol_2FG_B_802,6,smina,0.31971057,1.0453361,1.320998,0,0.1548681,0.94315187
6549,143,13593,1941,5tvr_AKG_B_402,6,smina,0.28072696,1.044245,0.90186697,0,0.83775767,1.1458006
6550,143,11136,1590,5b4o_6DQ_C_201,6,smina,0.31881098,1.0437135,1.3304321,0,0,1.6689201
6551,143,524,74,1fk1_DAO_A_201,6,smina,0.28199334,1.0436714,0.94671923,0,0,2.3138762
6552,143,8131,1161,4dta_ADN_A_401,4,gnina,0.602986,1.0420625,2.4789448,0,0.061687314,3.5148293
6553,143,5305,757,2rbu_273_X_4001,6,smina,0.28046618,1.0411735,0.87027788,0,9.3409725e-06,0.70263734
6554,143,17674,2524,6zi7_QR8_A_502,6,smina,0.3211338,1.0409783,1.4914147,0,0.00012799026,1.3301994
6555,143,17688,2526,6zi7_QR8_F_503,6,smina,0.3211338,1.0407118,1.4937015,0,0.00024415529,1.2915387
6556,143,8938,1276,4j7u_YTZ_C_802,6,smina,0.28207177,1.0406865,0.97063112,0,0,2.1538834
6557,143,3350,478,1z11_8MO_D_501,4,gnina,0.57658513,1.0397871,2.3806105,0,0.81301338,6.0104284
6558,143,3343,477,1z11_8MO_C_501,4,gnina,0.57451209,1.0394632,2.3806105,0,0.00024697782,4.9202029
6559,143,13320,1902,5ocm_9RH_F_302,6,smina,0.28519229,1.038785,1.0870763,0,0,1.035186
6560,144,15700,2242,6jme_BVU_A_409,6,smina,0.4771706,1.1584667,0.95895416,0,0,4.4811726
6561,144,895,127,1h48_C5P_E_901,6,smina,0.45100244,1.139519,0.97119015,0,0,3.5193425
6562,144,874,124,1h48_C5P_B_901,6,smina,0.315445,1.1134946,0.93442237,0,0,3.1070158
6563,144,17329,2475,6tt4_BMA_C_3,4,gnina,0.47928818,1.0931861,1.6980201,0,3.533859e-08,3.0361031
6564,144,888,126,1h48_C5P_D_204,6,smina,0.29855758,1.0926419,0.87802356,0,0,3.334058
6565,144,881,125,1h48_C5P_C_901,6,smina,0.29767892,1.08983,0.87802356,0,0,4.9015354
6566,144,17198,2456,6t10_M6Z_B_601,6,smina,0.315445,1.0889019,1.1155696,0,0,1.5073282
6567,144,3079,439,1w55_C_A_1373,6,smina,0.45615474,1.0858197,1.4367994,0,0,3.212182
6568,144,958,136,1h5r_G1P_C_1294,6,smina,0.315445,1.0830847,1.1600572,0,2.1540432e-06,1.6598593
6569,144,13971,1995,5vyr_GMP_B_302,6,smina,0.315445,1.0806925,1.1785398,0,0,3.0984113
6570,144,1357,193,1jf0_CZH_A_197,6,smina,0.69197306,1.0797929,2.8973882,0,0,14.028161
6571,144,15595,2227,6i4b_ORO_A_602,6,smina,0.2818443,1.0769522,0.84612113,0,0,0.86675946
6572,144,1077,153,1hdi_3PG_A_419,6,smina,0.28137039,1.0759256,0.84612113,0,0.044621543,1.217632
6573,144,1588,226,1kwc_BPY_B_401,6,smina,0.28101497,1.0746423,0.84612113,0,8.2689359e-05,1.2696285
6574,144,993,141,1h5r_THM_C_1293,6,smina,0.315445,1.0742571,1.2288208,0,0,2.4292798
6575,144,965,137,1h5r_G1P_D_1294,6,smina,0.315445,1.0732948,1.2364103,0,0,1.6148066
6576,144,13782,1968,5unr_8EV_A_803,6,smina,0.315445,1.0727754,1.2405144,0,0,4.2227903
6577,144,2925,417,1uux_PPI_A_1165,6,smina,0.27990424,1.0692524,0.84612113,0,0.00012097063,0.41508421
6578,144,5851,835,2y2f_YI1_A_1469,6,smina,0.28934446,1.0665747,0.97448009,0,0,3.0567917
6579,144,1250,178,1ixo_G3P_D_1004,4,gnina,0.54147048,1.0662199,2.0796525,0,0.015634324,2.3641862
6580,144,16512,2358,6pk1_3PY_A_502,6,smina,0.27916116,1.0661724,0.84612113,0,8.2027209e-07,0.62670502
6581,144,3863,551,2bx7_34D_B_1313,6,smina,0.27847493,1.0641191,0.84612113,0,0.013457812,1.0365207
6582,144,14552,2078,5z9b_AX7_A_304,6,smina,0.27841551,1.0637341,0.84612113,0,0,0.74024289
6583,144,5592,798,2wdq_TEO_I_1589,6,smina,0.315445,1.0631266,1.3177528,0,0.97456397,1.1120132
6584,144,13607,1943,5u5g_7VD_A_302,6,smina,0.28755412,1.0603259,1.0113246,0,0.88740571,0.93316682
6585,144,15441,2205,6hl7_CP_A_401,6,smina,0.28044857,1.0600094,0.93153739,0,0.015824515,0.77371535
6586,144,979,139,1h5r_THM_B_1293,6,smina,0.29856779,1.0599652,1.1239697,0,0,2.8999384
6587,144,15525,2217,6hmw_FUL_J_201,6,smina,0.2774396,1.0597559,0.84612113,0,0.92560413,0.59560494
6588,145,6334,904,3roe_THM_D_265,6,smina,0.76962695,1.21672,1.9330239,0,0,3.1995304
6589,145,16064,2294,6mry_FLC_I_102,6,smina,0.36275152,1.1464112,0.84336454,0,0.75280187,1.3354323
6590,145,9631,1375,4ox5_DAL_A_307,6,smina,0.32677787,1.1401073,0.84336454,0,0.59426775,0.58673516
6591,145,15756,2250,6jyg_FLC_E_401,6,smina,0.30551173,1.111391,0.87654883,0,0.0040056042,1.4503076
6592,145,9288,1326,4m72_M72_B_402,6,smina,0.4193748,1.1037275,1.2493125,0,0.94051593,1.6687304
6593,145,9281,1325,4m72_M72_A_402,6,smina,0.4193748,1.1006746,1.2728896,0,0.94711027,1.7452278
6594,145,15763,2251,6jyg_FLC_E_402,6,smina,0.30526679,1.0959077,0.87688124,0,4.4857468e-05,1.4861184
6595,145,2351,335,1q3a_NGH_C_481,6,smina,0.36806297,1.0922622,1.2404438,0,0,3.9536975
6596,145,1623,231,1l4f_NCN_A_991,6,smina,0.49316209,1.0910395,1.7570108,0,0,4.2252167
6597,145,1644,234,1l5o_NCN_A_991,6,smina,0.4908515,1.0903458,1.7570108,0,0,4.2716739
6598,145,15728,2246,6jyg_FLC_A_401,6,smina,0.29664111,1.0880115,0.87654883,0,0.02219523,1.6013919
6599,145,17583,2511,6xim_XLS_B_397,6,smina,0.30551173,1.0863477,1.0590575,0,0.4160084,1.0767957
6600,145,12109,1729,5gwt_SIN_C_301,6,smina,0.37495992,1.0794468,1.3726132,0,0,0.81414823
6601,145,15735,2247,6jyg_FLC_B_401,6,smina,0.29346527,1.0782754,0.87654883,0,0.01516299,1.5445573
6602,145,7174,1024,3zog_A2Q_A_200,6,smina,0.28361431,1.0728227,0.84336454,0,5.2171254e-06,0.47850642
6603,145,15749,2249,6jyg_FLC_D_401,6,smina,0.28808978,1.0726854,0.87714517,0,0.00042984273,1.580367
6604,145,9148,1306,4l80_OXL_C_402,6,smina,0.28308297,1.0724368,0.84336454,0,0.07067587,0.83350301
6605,145,10037,1433,4tsk_TLA_A_404,6,smina,0.28233643,1.0715362,0.84336454,0,0.0070485528,1.0627821
6606,145,16176,2310,6ncx_ADA_B_601,6,smina,0.4193748,1.0674426,1.5415795,0,0.00084903012,1.9562881
6607,145,16183,2311,6ncx_ADA_D_601,6,smina,0.4193748,1.0674426,1.5415795,0,0.0019318826,1.165438
6608,145,6362,908,3rop_NCA_B_302,6,smina,0.28123132,1.0669048,0.84336454,0,0,0.92300058
6609,145,16169,2309,6ncx_ADA_A_601,6,smina,0.4193748,1.0668587,1.5465071,0,0.0013417143,1.1658535
6610,145,12900,1842,5kts_CIZ_A_402,6,smina,0.277951,1.0639458,0.84336454,0,0.085405541,0.78810561
6611,145,9092,1298,4kwk_CSS_A_302,6,smina,0.28198369,1.0638247,0.8806181,0,2.370583e-06,0.99591396
6612,145,720,102,1giu_ADE_A_300,6,smina,0.27632669,1.0585424,0.84336454,0,0.0500229,0.67378554
6613,145,1728,246,1lzz_IHG_A_830,6,smina,0.27618135,1.0580278,0.84336454,0,1.4909617e-08,0.67386059
6614,145,11500,1642,5dr9_SKE_A_401,6,smina,0.4193748,1.0541627,1.6555079,0,0,4.1634064
6615,145,3233,461,1xin_XYL_B_397,6,smina,0.28512828,1.0532453,0.99985623,0,0.0042073303,1.0778243
6616,145,4080,582,2eb5_OXL_A_2001,6,smina,0.27475391,1.0530104,0.84336454,0,0.084324625,0.59314971
6617,145,2596,370,1sz6_NAG_A_5003,6,smina,0.28218521,1.052948,0.97993326,0,2.6643445e-07,1.0680097
6618,145,15462,2208,6hl9_SIN_B_402,6,smina,0.27434273,1.0506668,0.85216755,0,0,0.79032603
6619,145,17597,2513,6xim_XLS_D_397,6,smina,0.28691107,1.0502743,1.0333678,0,0.26875162,1.1537936
6620,145,3478,496,1zha_PEP_A_1268,6,smina,0.27366863,1.0487649,0.84336454,0,0.0036218456,1.0019213
6621,145,2155,307,1p7c_THM_B_501,6,smina,0.48454252,1.0483794,2.1138492,0,0,2.7296292
6622,145,2617,373,1sz6_NAG_B_5004,6,smina,0.281982,1.048291,0.99139589,0,8.9375181e-12,1.3572346
6623,145,2344,334,1q3a_NGH_B_479,6,smina,0.305008,1.0480289,1.2365108,0,0,4.3100371
6624,145,4087,583,2eb5_OXL_B_2002,6,smina,0.27317188,1.0470925,0.84336454,0,0.070084887,0.52881262
6625,145,3387,483,1zb6_DIN_A_401,6,smina,0.27305036,1.0465779,0.84336454,0,0,0.62635218
6626,145,9841,1405,4qxc_OGA_A_600,6,smina,0.27302386,1.0464492,0.84336454,0,0.00046379457,0.98822936
6627,145,15742,2248,6jyg_FLC_C_401,6,smina,0.27399902,1.0462822,0.87437409,0,0.011043333,1.5749633
6628,145,6285,897,3r3z_GOA_C_305,6,smina,0.27296872,1.045806,0.84336454,0,0.93120844,0.55135687
6629,145,10674,1524,4zbc_FRU_A_409,6,smina,0.27296535,1.0456773,0.84336454,0,6.6816229e-06,1.3250788
6630,145,8896,1270,4itu_1HS_D_302,6,smina,0.305511,1.0456267,1.2828699,0,1.8979311e-06,1.7480627
6631,145,8889,1269,4itu_1HS_C_302,6,smina,0.30551071,1.045261,1.2828699,0,3.3644676e-06,1.7297193
6632,145,8882,1268,4itu_1HS_B_302,6,smina,0.30551068,1.0451391,1.2828699,0,1.5778906e-06,1.5848136
6633,145,17219,2459,6t5p_VD8_D_302,6,smina,0.30777204,1.044981,1.4833636,0,0.98988526,1.9271888
6634,145,3226,460,1xin_XYL_A_397,6,smina,0.27974771,1.0447941,0.99985623,0,0.010465592,1.1567792
6635,145,2295,327,1pwz_RSO_B_256,6,smina,0.27293275,1.0438762,0.84336454,0,0.89229285,0.59136332
6636,145,13453,1921,5tch_MLI_A_301,6,smina,0.29708594,1.0437934,1.2360678,0,0.65645534,0.80704947
6637,145,4374,624,2g21_L1B_B_985,6,smina,0.48869374,1.043036,2.1781783,0,0,4.1082704
6638,146,9279,1325,4m72_M72_A_402,4,gnina,1.0165287,1.1121818,3.3999765,0,0.30300305,3.8251696
6639,146,9286,1326,4m72_M72_B_402,4,gnina,1.0131751,1.1086964,3.4378922,0,0.24263483,2.9344769
6640,146,16062,2294,6mry_FLC_I_102,4,gnina,0.94814204,1.1014247,3.4437387,0,0.47518284,2.2704
6641,146,13187,1883,5nh9_XLS_D_504,6,smina,0.3162747,1.0880388,1.177874,0,0.20587611,1.1709977
6642,146,13173,1881,5nh9_XLS_A_503,6,smina,0.31505858,1.0875434,1.177874,0,0.06352995,1.2577136
6643,146,15308,2186,6flu_DTK_B_405,6,smina,0.31499469,1.0830488,1.1299213,0,0.53588805,3.1922617
6644,146,12907,1843,5kxb_NGA_A_307,6,smina,0.29442234,1.0815935,0.9812333,0,0.98667984,1.8723691
6645,146,10520,1502,4y14_C0A_A_407,6,smina,0.46744716,1.0812299,1.5251929,0,0.97576256,6.2261701
6646,146,15917,2273,6l8a_BAL_D_507,6,smina,0.29354999,1.0788946,0.99755865,0,0.0019563319,0.68547792
6647,146,11031,1575,5afy_WCE_H_1248,6,smina,0.27451819,1.0751722,0.83493429,0,0,0.8216839
6648,146,8875,1267,4itu_1HS_A_302,6,smina,0.31240334,1.0735394,1.0770071,0,1.7810799e-06,1.8328295
6649,146,15280,2182,6flu_DTK_B_401,6,smina,0.31499469,1.0708042,1.2250662,0,0.14078958,2.715437
6650,146,13390,1912,5r28_RDJ_A_401,6,smina,0.27333389,1.0702616,0.83493429,0,0.00024046419,2.5094897
6651,146,13047,1863,5m0t_AKG_B_302,6,smina,0.27233845,1.0684524,0.83493429,0,1.0037154e-05,1.2533546
6652,146,606,86,1g4s_TPS_A_2001,4,gnina,0.60120557,1.0673674,2.1591203,0,0.99070117,4.5405057
6653,146,118,16,1aog_MAE_A_501,6,smina,0.27189678,1.0663848,0.83493429,0,0,0.82887598
6654,146,15315,2187,6flu_DTK_B_406,6,smina,0.29564223,1.0649415,1.1113868,0,0.54816003,3.5196528
6655,146,11332,1618,5cpn_531_A_401,6,smina,0.27127991,1.0644463,0.83493429,0,0,1.6638516
6656,146,15287,2183,6flu_DTK_B_402,6,smina,0.30155941,1.0599712,1.1599169,0,0.27144741,2.9463915
6657,146,937,133,1h48_GPP_E_904,6,smina,0.31499469,1.0599211,1.3121572,0,0,5.7384162
6658,146,10527,1503,4y14_C0A_B_404,6,smina,0.44508459,1.0589915,1.5938404,0,0.83172858,6.9628152
6659,146,1679,239,1lqp_FCN_A_4002,6,smina,0.26882584,1.0575973,0.83493429,0,0,0.89598288
6660,146,10450,1492,4xpq_FUL_A_1002,6,smina,0.26881335,1.0569512,0.83493429,0,4.0538942e-06,0.73375836
6661,146,5634,804,2wu4_HBP_A_1544,6,smina,0.29453656,1.0568717,1.1716462,0,0,7.8420792
6662,146,2967,423,1v5y_4HC_A_1455,6,smina,0.2687737,1.0557881,0.83493429,0,7.7755802e-06,0.66149747
6663,146,13040,1862,5m0t_AKG_A_302,6,smina,0.26877155,1.0556589,0.83493429,0,4.8489843e-06,1.2304615
6664,146,6985,997,3wlf_FEH_C_401,6,smina,0.26876161,1.0546251,0.83493429,0,0.02112609,0.79566612
6665,146,7258,1036,4a3u_NCA_A_1359,6,smina,0.26873175,1.0539789,0.83493429,0,0,0.75329909
6666,146,608,86,1g4s_TPS_A_2001,6,smina,0.2926163,1.0538807,1.1590042,0,0.0011261879,4.7250988
6667,146,11010,1572,5aew_BNL_C_462,6,smina,0.31499469,1.0531831,1.3673137,0,0.00049513032,1.4803055
6668,146,14426,2060,5ybl_AKG_C_302,6,smina,0.26878543,1.0520746,0.86531448,0,0.67335344,1.2268027
6669,146,3184,454,1x7j_GEN_B_202,6,smina,0.31499469,1.0509178,1.3860748,0,0,2.7023345
6670,146,7657,1093,4can_M7K_A_800,6,smina,0.31499469,1.0498257,1.3951595,0,0,3.6434503
6671,146,7664,1094,4can_M7K_B_800,6,smina,0.31499469,1.0489521,1.4024457,0,0,4.1645538
6672,146,15483,2211,6hmw_FUL_D_204,6,smina,0.26829976,1.0478762,0.84283119,0,0.99435363,0.60879187
6673,146,9757,1393,4q3a_2YC_A_904,6,smina,0.53727769,1.0478672,2.2044499,0,0,3.6884986
6674,146,14727,2103,6a3j_SOE_A_402,6,smina,0.31349514,1.0456645,1.3065895,0,0.98080315,0.98981478
6675,146,4388,626,2g9z_VNP_A_602,6,smina,0.61840008,1.045622,2.4884799,0,7.5291343e-08,10.3572
6676,146,6159,879,2zyv_NPO_X_1602,6,smina,0.26895351,1.0450946,0.93716824,0,0,0.66284313
6677,146,1476,210,1k8z_IAG_A_501,6,smina,0.27357876,1.0444523,1.0367557,0,0,2.100078
6678,146,7088,1012,3wur_O4B_B_204,4,gnina,0.4851088,1.0444479,2.0999236,0,0.9262004,1.5026222
6679,146,10590,1512,4ywb_OXD_C_704,6,smina,0.26889383,1.0436087,0.94655597,0,9.1255734e-06,0.56323742
6680,146,5590,798,2wdq_TEO_I_1589,4,gnina,1.0123961,1.0434987,4.2381878,0,0.98552239,14.012835
6681,146,5536,790,2w1a_TSA_D_1091,6,smina,0.26743431,1.0418315,0.83493429,0,0.092464829,1.1904165
6682,146,14480,2068,5yfj_RUB_C_401,4,gnina,0.92657327,1.0417284,4.1640601,0,0.81605438,5.6760314
6683,146,384,54,1dxy_COI_A_404,6,smina,0.26737777,1.0415731,0.83493429,0,2.5624335e-06,0.83420636
6684,146,7679,1097,4cdt_M48_B_801,0,surfdock,0.53110004,1.0410415,2.2436285,0,0,3.1273897
6685,146,7552,1078,4bq5_GAL_C_1,6,smina,0.31499469,1.0408982,1.4704044,0,0.99557529,2.5096101
6686,146,15245,2177,6flu_DTK_A_401,6,smina,0.28935737,1.0408267,1.1980054,0,0.81034132,2.7124008
6687,146,14473,2067,5yfj_RUB_B_401,4,gnina,0.91347424,1.0403183,4.1640601,0,0.86307711,4.0290474
6688,147,9645,1377,4oxy_1TN_B_302,6,smina,0.47023157,1.1384545,1.0768355,0,0,3.4725328
6689,147,15243,2177,6flu_DTK_A_401,4,gnina,0.98176119,1.1189953,3.313513,0,3.7168075e-07,8.088573
6690,147,7550,1078,4bq5_GAL_C_1,4,gnina,1.0120971,1.1185579,3.3216085,0,0.99531233,5.3109267
6691,147,17217,2459,6t5p_VD8_D_302,4,gnina,1.0302418,1.1167514,3.3469825,0,0.99169574,3.4117349
6692,147,7529,1075,4bbx_LKF_A_1760,4,gnina,0.60832212,1.1116036,1.7999561,0,6.3422381e-09,4.7393323
6693,147,14725,2103,6a3j_SOE_A_402,4,gnina,1.0117812,1.1034354,3.4894671,0,0.98129301,4.9807999
6694,147,4675,667,2j5b_TYE_B_1338,6,smina,0.27985044,1.0794646,0.87657028,0,0,1.5111492
6695,147,7069,1009,3wur_O4B_A_202,6,smina,0.28526719,1.0756005,0.93038023,0,0,0.87504114
6696,147,16757,2393,6qor_JBK_A_301,6,smina,0.27240547,1.0724797,0.85119265,0,0,0.88081274
6697,147,2337,333,1q22_AND_A_401,6,smina,0.27162554,1.0723603,0.83132464,0,0,1.0796335
6698,147,7083,1011,3wur_O4B_B_202,6,smina,0.27927064,1.0715233,0.93019992,0,0,0.79318039
6699,147,10611,1515,4z2w_AKG_A_401,6,smina,0.27050349,1.0689755,0.83045352,0,0.82176603,1.0481821
6700,147,11451,1635,5die_5CJ_B_601,6,smina,0.31446643,1.0686662,1.2563637,0,0,2.6361769
6701,147,11437,1633,5did_5CK_B_601,6,smina,0.31446643,1.0658144,1.2791526,0,0,1.7179807
6702,147,9225,1317,4lvb_20N_A_601,6,smina,0.27237602,1.0593896,0.94623935,0,0,2.0352925
6703,147,6271,895,3r3z_GOA_A_305,6,smina,0.26767095,1.058461,0.83045352,0,0.95373911,0.58799401
6704,147,4094,584,2eb5_OXL_D_2004,6,smina,0.26763223,1.0582014,0.83045352,0,0.018165699,0.62805309
6705,147,4101,585,2eb5_OXL_E_2005,6,smina,0.26761216,1.0579417,0.83045352,0,0.033610164,0.55209421
6706,147,7076,1010,3wur_O4B_B_201,6,smina,0.27111876,1.0578169,0.93110341,0,0,0.80772248
6707,147,15777,2253,6jz4_EVA_B_701,6,smina,0.26742953,1.0558648,0.83045352,0,0.16075643,0.94720034
6708,147,15770,2252,6jz4_EVA_A_701,6,smina,0.26736771,1.0553456,0.83045352,0,0.0057564934,0.95592754
6709,147,11871,1695,5fiu_Y3J_C_1299,6,smina,0.46842247,1.0523698,1.7592223,0,0.98388759,3.4122242
6710,147,11444,1634,5die_5CJ_A_601,6,smina,0.29281256,1.0508048,1.2165245,0,0,2.6942456
6711,147,11750,1678,5ezp_IPJ_A_201,4,gnina,0.60283044,1.0499841,2.3200347,0,6.617497e-08,3.4339524
6712,147,17730,2532,7bp1_CAQ_D_401,6,smina,0.26720129,1.0499412,0.86188465,0,0.99569098,0.63468186
6713,147,11045,1577,5agl_CCW_A_800,6,smina,0.28283116,1.0478376,1.1300931,0,2.0071799e-05,3.0621873
6714,147,3359,479,1z3n_3NA_A_320,6,smina,0.31446643,1.0477963,1.4270732,0,0.98143503,5.1733426
6715,147,636,90,1g72_PQQ_A_701,6,smina,0.31446643,1.0457722,1.4441284,0,0.99066592,4.1229504
6716,147,15511,2215,6hmw_FUL_H_201,6,smina,0.26551618,1.0456099,0.83045352,0,0.98921896,0.66222533
6717,147,9337,1333,4mog_G3F_A_802,6,smina,0.26491258,1.0440522,0.83045352,0,0.0012544621,1.1654251
6718,147,13551,1935,5tix_OQR_B_302,6,smina,0.31446643,1.0424905,1.4719729,0,0,2.6827052
6719,147,7531,1075,4bbx_LKF_A_1760,6,smina,0.2758749,1.0421792,1.1263604,0,0,3.2417964
6720,147,15313,2187,6flu_DTK_B_406,4,gnina,0.71505061,1.0421108,3.2805083,0,3.4084104e-07,4.300279
6721,147,3966,566,2cjz_PTR_A_1537,4,gnina,0.51976883,1.0419229,2.1686356,0,0.82590744,2.8310627
6722,147,2750,392,1tl2_NDG_A_240,6,smina,0.26277968,1.0409368,0.83045352,0,0.97585545,1.1357488
6723,147,3968,566,2cjz_PTR_A_1537,6,smina,0.27410712,1.0409069,1.1135919,0,0.83796774,2.0026888
6724,147,9155,1307,4l80_OXL_D_402,6,smina,0.26773203,1.0398332,0.97855216,0,0.27765711,0.83216594
6725,147,16071,2295,6mry_FLC_K_101,6,smina,0.26132253,1.0393791,0.83045352,0,0.018606391,1.7527462
6726,147,17177,2453,6t0a_M58_B_601,6,smina,0.26112518,1.0391195,0.83045352,0,0,0.67647056
6727,147,15903,2271,6l86_LMR_D_302,6,smina,0.270582,1.039069,1.0605744,0,0.0046149491,0.90781528
6728,147,10030,1432,4trj_665_A_501,6,smina,0.26079867,1.0389897,0.83045352,0,0,3.5136675
6729,147,13544,1934,5tix_OQR_A_302,6,smina,0.31446643,1.0388638,1.5030265,0,0,2.5901011
6730,147,15306,2186,6flu_DTK_B_405,4,gnina,0.69244429,1.0379013,3.2943437,0,0.23906928,4.5176855
6731,147,9162,1308,4l80_OXL_E_402,6,smina,0.26755602,1.0377949,0.97855216,0,0.26180432,0.63265468
6732,147,15784,2254,6jzh_ZMA_A_2002,6,smina,0.26985511,1.0376147,1.0601091,0,0,3.8979428
6733,147,3800,542,2bgc_DTU_A_1238,6,smina,0.25939591,1.0373021,0.83045352,0,0.1518423,0.86635649
6734,147,17765,2537,7cwd_GAL_A_902,6,smina,0.25921909,1.0371723,0.83045352,0,0.00064360178,0.78814403
6735,147,5802,828,2xul_AKG_F_201,6,smina,0.26774048,1.0364207,1.0099752,0,1.1211021e-06,1.547764
6736,147,13950,1992,5vv5_9OJ_B_803,6,smina,0.31446643,1.0357263,1.5301327,0,2.9998577e-10,4.9829051
6737,147,5711,815,2xhk_AKG_A_519,6,smina,0.26626909,1.0356813,0.92296118,0,0.00030277252,1.0404794
6738,148,12039,1719,5g4r_LF1_C_1739,6,smina,0.47858894,1.1895281,0.91946864,0,0,4.2995657
6739,148,10133,1447,4udc_DEX_A_1778,4,gnina,0.63894602,1.1214713,1.8250991,0,0.99512038,3.8317328
6740,148,12032,1718,5g4r_LF1_B_1739,6,smina,0.31762889,1.1120174,0.91946864,0,0,4.5539514
6741,148,3357,479,1z3n_3NA_A_320,4,gnina,1.0120898,1.1037488,3.4840724,0,0.98201005,5.1745279
6742,148,8406,1200,4fxr_BMP_B_301,6,smina,0.31432077,1.082733,1.0187638,0,0,2.9453205
6743,148,16097,2299,6n0z_DP6_C_401,4,gnina,0.99651231,1.0794748,3.7659414,0,0.42066499,6.6036019
6744,148,16090,2298,6n0z_DP6_B_401,4,gnina,1.022937,1.0773565,3.7976792,0,0.96379025,6.3939571
6745,148,16083,2297,6n0z_DP6_A_401,4,gnina,1.0036267,1.076967,3.7976792,0,0.97007,7.4840672
6746,148,10135,1447,4udc_DEX_A_1778,6,smina,0.32010854,1.0757694,1.2752538,0,0,3.3007592
6747,148,4227,603,2fhk_MFN_B_602,6,smina,0.33244141,1.0752176,1.3613139,0,0,15.490016
6748,148,10303,1471,4wdd_CIT_A_401,6,smina,0.27235431,1.0736001,0.85268652,0,0.0021672794,1.3897693
6749,148,10660,1522,4zb2_GLC_A_403,6,smina,0.28578207,1.0732277,0.94951612,0,0.035948937,0.86420052
6750,148,15684,2240,6jmd_BVO_A_408,4,gnina,0.60663112,1.0720894,2.1223853,0,0.99707209,7.8086095
6751,148,11570,1652,5e4o_L57_B_201,6,smina,0.31208309,1.071406,1.0940508,0,0,2.8739955
6752,148,8924,1274,4j4b_0TF_A_904,6,smina,0.39439448,1.0712706,1.4471649,0,8.7735336e-09,5.3198732
6753,148,16463,2351,6ooi_PGA_F_301,6,smina,0.29564391,1.0711883,1.0724964,0,0.58604062,1.142049
6754,148,3527,503,1zng_HE4_A_202,6,smina,0.27122029,1.0698227,0.85749841,0,0,1.2191688
6755,148,4934,704,2ot7_OGA_A_500,6,smina,0.27049301,1.068935,0.85448891,0,0.64262793,1.1268018
6756,148,8798,1256,4i9n_1E5_G_402,6,smina,0.28215112,1.0686819,0.96333927,0,0,3.0040697
6757,148,10933,1561,5a66_3PO_A_1000,6,smina,0.26816682,1.0676778,0.82662046,0,0.99064232,1.2252499
6758,148,10695,1527,4zbc_GLC_A_407,6,smina,0.2814634,1.0662899,0.97745609,0,0.0010367392,0.86591948
6759,148,4255,607,2fkm_G16_X_464,6,smina,0.31762803,1.0643012,1.1922927,0,9.8347923e-06,2.558767
6760,148,13566,1938,5tm5_7EV_A_601,0,surfdock,0.53090269,1.0634941,1.9873838,0,0,4.2991157
6761,148,13573,1939,5tm5_7EV_B_601,0,surfdock,0.53090269,1.0634912,1.9874113,0,0,4.2876879
6762,148,7237,1033,3zzm_JLN_A_1526,6,smina,0.47996426,1.0624867,1.9126916,0,1.4604829e-07,6.8669305
6763,148,8784,1254,4i9n_1E5_A_402,6,smina,0.28399207,1.0624681,1.0209183,0,0,3.1013874
6764,148,16456,2350,6ooi_PGA_E_301,6,smina,0.29269759,1.0615418,1.1020902,0,0.12410474,1.3217641
6765,148,8763,1251,4i6w_1CO_B_1001,6,smina,0.26682556,1.0606364,0.82662046,0,0.53250516,1.0257928
6766,149,3989,569,2cxp_A5P_A_1601,6,smina,0.29290362,1.0922242,0.91173977,0,0.98424829,2.572278
6767,149,7013,1001,3wsg_CIT_A_302,6,smina,0.36291533,1.0639323,1.5035102,0,0.011178379,1.6051467
6768,149,12116,1730,5gwt_SIN_D_301,6,smina,0.26716276,1.0607739,0.90614694,0,0,0.83810742
6769,149,16722,2388,6qnj_GLC_A_402,6,smina,0.26473573,1.0599285,0.82686037,0,0.019139398,0.88968192
6770,149,3891,555,2c3d_COM_B_1525,6,smina,0.264699,1.0595364,0.82686037,0,7.3106425e-06,0.76287002
6771,149,11017,1573,5aew_BNL_I_462,6,smina,0.29330965,1.0584982,1.1745731,0,0.9823986,1.9077222
6772,149,12284,1754,5hss_650_C_401,6,smina,0.29479921,1.0581743,1.1820813,0,3.1785392e-05,0.88991594
6773,149,9141,1305,4l80_OXL_B_402,6,smina,0.26435092,1.055876,0.82686037,0,0.066336833,0.61229659
6774,149,10667,1523,4zb5_GLC_A_403,6,smina,0.26434507,1.0556146,0.82686037,0,0.070965102,0.85123438
6775,149,3884,554,2c3d_COM_A_1526,6,smina,0.264172,1.0545688,0.82686037,0,2.3624236e-05,0.86319958
6776,149,1938,276,1njr_XYL_A_285,6,smina,0.26399663,1.053523,0.82686037,0,2.1740645e-06,1.1517725
6777,149,3996,570,2cxp_A5P_B_2601,6,smina,0.26520241,1.0531171,0.90630919,0,0.25964518,2.1032852
6778,149,7853,1121,4cme_KTZ_A_1270,6,smina,0.4757107,1.0482483,1.8295451,0,0,3.142832
6779,149,2995,427,1vkf_CIT_C_502,6,smina,0.26225764,1.048126,0.83779836,0,0.0008018413,1.5934978
6780,149,5207,743,2qvr_CIT_A_335,6,smina,0.25964828,1.0459408,0.82686037,0,0.0093200346,1.5956204
6781,149,7867,1123,4cme_KTZ_D_1270,6,smina,0.46057457,1.0457368,1.7984681,0,0,3.0287606
6782,149,3009,429,1vl1_CIT_A_300,6,smina,0.25922207,1.0455487,0.82686037,0,0.00040064112,1.4982997
6783,149,7503,1071,4b5v_E8U_B_1254,6,smina,0.25863184,1.044895,0.82686037,0,0.001669429,1.7639721
6784,149,12767,1823,5jj2_MLI_A_302,6,smina,0.25822633,1.0442414,0.82686037,0,2.1948505e-05,0.62494686
6785,149,8497,1213,4gps_CIT_A_501,6,smina,0.28131742,1.0439262,1.168941,0,0.025188863,1.6237641
6786,149,14223,2031,5xin_XLS_D_397,6,smina,0.26828396,1.0438133,1.0491637,0,0.14407991,1.433371
6787,149,17464,2494,6v9f_QTS_B_2001,6,smina,0.29874846,1.0435444,1.306177,0,0,1.837734
6788,149,13467,1923,5tch_MLI_C_301,6,smina,0.28945402,1.043268,1.2164367,0,0.94418383,0.74870639
6789,149,10338,1476,4wqq_MAN_D_204,6,smina,0.25720302,1.0428034,0.82686037,0,0.021299423,0.75350462
6790,149,3002,428,1vkf_CIT_D_503,6,smina,0.25732813,1.0424593,0.83234847,0,0.0005962425,1.4937243
6791,149,14216,2030,5xin_XLS_C_397,6,smina,0.26709735,1.0413637,1.0524157,0,0.10989176,1.062696
6792,149,10387,1483,4wxb_CIT_D_501,6,smina,0.31667096,1.0408654,1.4801289,0,0.00048475968,1.6480309
6793,149,2757,393,1tl2_NDG_A_241,6,smina,0.26458727,1.0402474,0.96292973,0,0.9122928,1.2248132
6794,149,3240,462,1xin_XYL_D_397,6,smina,0.26529323,1.0401726,1.0249354,0,0.0038490129,1.1568895
6795,149,1490,212,1kar_HSM_A_502,6,smina,0.26014614,1.0398938,0.87702489,0,0.0042349464,0.79073427
6796,149,14209,2029,5xin_XLS_B_397,6,smina,0.2655918,1.038137,1.0498136,0,0.11210808,1.0789195
6797,149,14020,2002,5w7b_MYR_B_208,6,smina,0.2644664,1.037861,0.97439605,0,5.9725503e-14,5.1598806
6798,149,7041,1005,3wsg_CIT_E_302,6,smina,0.31667096,1.0371476,1.5120486,0,0.12936088,1.8205666
6799,149,7034,1004,3wsg_CIT_D_302,6,smina,0.31667096,1.0370236,1.5131179,0,0.21308463,1.5847257
6800,149,17576,2510,6xim_XLS_A_397,6,smina,0.26534446,1.036351,1.0598625,0,0.18266953,1.131789
6801,149,517,73,1fhv_OSB_A_789,6,smina,0.26914762,1.0357624,1.1267456,0,0.85686902,1.873266
6802,149,4717,673,2jhp_GUN_A_1648,6,smina,0.2576483,1.0356201,0.886783,0,5.9324427e-06,0.5977636
6803,149,14202,2028,5xin_XLS_A_397,6,smina,0.26516412,1.0339423,1.0498136,0,0.17956137,1.1796688
6804,149,13425,1917,5syi_NIZ_B_805,6,smina,0.26566549,1.0327322,1.094547,0,0,1.0086402
6805,149,12102,1728,5gwt_SIN_B_302,6,smina,0.25725694,1.0325625,0.90614694,0,0,0.86673084
6806,149,13481,1925,5tch_MLI_F_501,6,smina,0.273721,1.0325335,1.2155845,0,0.55652378,0.78059395
6807,149,13523,1931,5tdt_MBN_A_504,6,smina,0.26546049,1.0323957,1.094207,0,6.9929805e-07,0.59487043
6808,149,2701,385,1tiw_TFB_A_2002,6,smina,0.26067089,1.0323956,0.93718415,0,0.97557413,0.6407121
6809,149,12270,1752,5hss_64Z_E_402,6,smina,0.29605283,1.0312324,1.4071072,0,0.80329013,1.3128332
6810,149,1854,264,1moo_4MZ_A_265,6,smina,0.25246536,1.0311688,0.82686037,0,0.0010843713,0.4552041
6811,149,15448,2206,6hl7_CP_C_401,6,smina,0.26459984,1.0311365,1.035834,0,0.03636165,0.79929888
6812,149,14412,2058,5yb7_ORN_D_602,6,smina,0.26621876,1.0305826,1.1198001,0,0.00063249683,1.2580633
6813,149,12277,1753,5hss_650_B_402,6,smina,0.26975587,1.0305357,1.1759248,0,1.2159889e-05,0.87128772
6814,149,12200,1742,5ha7_WY1_B_402,6,smina,0.31667096,1.0300194,1.5741382,0,0,3.2009946
6815,149,587,83,1fuq_CIT_B_1002,6,smina,0.25106408,1.0297308,0.82686037,0,6.8308857e-06,1.6727918
6816,150,12268,1752,5hss_64Z_E_402,4,gnina,0.99699563,1.1408954,3.0682979,0,0.35492486,4.77528
6817,150,6810,972,3w4i_8LG_A_402,6,smina,0.26943778,1.0740967,0.82253462,0,0,0.59571317
6818,150,9113,1301,4l1x_STR_B_402,6,smina,0.3167471,1.0657067,1.244765,0,0,1.356542
6819,150,510,72,1fds_EST_A_350,6,smina,0.26529093,1.0649779,0.83546507,0,0,1.7808962
6820,150,8371,1195,4f8n_PC_A_202,6,smina,0.26633073,1.0628304,0.86471111,0,0,1.0794709
6821,150,15712,2244,6jws_PT1_A_801,4,gnina,0.67554171,1.0612407,2.7319193,0,0.98923041,9.0083319
6822,150,2386,340,1qmh_CIT_B_401,6,smina,0.26718437,1.0607379,0.89374322,0,4.9616493e-08,1.5703664
6823,150,3205,457,1x8x_TYR_A_952,6,smina,0.26216449,1.0593684,0.81698436,0,2.1509289e-06,1.4547262
6824,150,5198,742,2qui_LTN_B_478,4,gnina,0.54659934,1.058414,2.0630078,0,0.074536037,2.9417284
6825,150,12256,1750,5hss_64Z_A_402,6,smina,0.29758459,1.0564909,1.1837702,0,0.24374141,1.2979486
6826,150,15119,2159,6f6a_CU5_A_301,6,smina,0.31409306,1.0562213,1.2058747,0,0.98892323,3.1443304
6827,150,4052,578,2e40_LGC_A_1001,6,smina,0.26149115,1.0542468,0.81698436,0,0.037046778,0.89598068
6828,150,5191,741,2qui_LTN_A_501,4,gnina,0.54659934,1.0536952,2.1076117,0,0.0093701276,3.0026054
6829,150,15371,2195,6g5q_EMZ_A_401,6,smina,0.26117602,1.0525397,0.81698436,0,1.4880124e-06,1.1049418
6830,150,6376,910,3rsc_TYD_B_397,6,smina,0.4620719,1.0522669,1.7293451,0,0,5.5875747
6831,150,13852,1978,5v7y_AKG_B_302,6,smina,0.25749042,1.0451857,0.81698436,0,0.825736,1.3061745
6832,150,6516,930,3tky_N7I_D_369,6,smina,0.25717192,1.044923,0.81698436,0,0,1.356352
6833,150,10604,1514,4z1d_PEP_B_300,6,smina,0.25707776,1.0447917,0.81698436,0,0.91020797,1.076547
6834,150,5795,827,2xul_AKG_E_201,6,smina,0.26225835,1.0436535,0.93748635,0,0.015398723,1.5020595
6835,150,15593,2227,6i4b_ORO_A_602,4,gnina,0.35139773,1.0425553,1.6600543,0,5.8732403e-05,2.2050879
6836,150,8910,1272,4ixw_IXW_B_302,6,smina,0.25243532,1.042034,0.81698436,0,0.00044829318,0.86268123
6837,150,11015,1573,5aew_BNL_I_462,4,gnina,1.0277935,1.0407699,4.2555108,0,0.99104103,202.31083
6838,150,4974,710,2pir_DHT_A_931,4,gnina,0.60910279,1.040338,2.4126699,0,0.99559318,2.1155757
6839,150,4976,710,2pir_DHT_A_931,6,smina,0.29253929,1.036921,1.3329564,0,0,1.6167161
6840,150,2498,356,1s2c_FLF_A_2002,6,smina,0.27988865,1.0368432,1.1965441,0,0,2.3341091
6841,150,13124,1874,5mot_HBD_A_402,6,smina,0.25892077,1.0349185,0.90918016,0,0,0.68978519
6842,150,9939,1419,4rkz_3S4_A_402,6,smina,0.31333413,1.0347459,1.3780302,0,0.017688802,2.2035817
6843,150,15819,2259,6krs_CIT_G_301,6,smina,0.3167471,1.0347247,1.5020099,0,0.78996466,1.608023
6844,150,5578,796,2wdq_TEO_A_1589,6,smina,0.26151513,1.0342186,0.96937704,0,0.0013792425,1.4334238
6845,150,5781,825,2xul_AKG_C_201,6,smina,0.25835626,1.0335748,0.9135102,0,1.8312659e-06,1.263373
6846,150,15812,2258,6krs_CIT_F_301,6,smina,0.3167471,1.0323964,1.5222002,0,0.01043843,1.6779914
6847,150,15805,2257,6krs_CIT_D_301,6,smina,0.3167471,1.0317304,1.5279993,0,0.7971693,1.5055798
6848,150,9876,1410,4r2n_PHE_D_402,6,smina,0.24698098,1.0300837,0.81698436,0,1.5079407e-08,1.4748095
6849,150,15945,2277,6lj7_EFR_A_301,6,smina,0.26002823,1.0298354,0.97141409,0,9.6629975e-07,1.8373464
6850,150,552,78,1fqo_F6R_A_1268,6,smina,0.27028619,1.0294053,1.176448,0,0.034036905,2.4400941
6851,150,11696,1670,5eo8_TFU_A_402,6,smina,0.25406169,1.0293166,0.92233455,0,0.97902047,0.84152608
6852,150,16715,2387,6qli_4LR_A_301,6,smina,0.25677126,1.0290983,0.93302774,0,6.0391719e-05,1.3015615
6853,150,16120,2302,6n9r_OHN_P_308,6,smina,0.3167471,1.0289254,1.5525362,0,0,5.0036572
6854,150,15952,2278,6lql_F0C_A_702,6,smina,0.26151851,1.0285717,1.0145267,0,0,2.5194343
6855,150,13451,1921,5tch_MLI_A_301,4,gnina,0.9468798,1.0276457,4.3381395,0,0.88528734,7.5036774
6856,150,634,90,1g72_PQQ_A_701,4,gnina,0.99627943,1.0270287,4.439692,0,0.99211557,6.0391741
6857,150,8462,1208,4ghf_4NC_C_402,6,smina,0.27469063,1.0269662,1.2529681,0,0,1.2487784
6858,150,2393,341,1qxa_GLY_B_245,6,smina,0.24544072,1.0261441,0.81698436,0,0,1.4399889
6859,150,16113,2301,6n9r_OHN_A_303,6,smina,0.3167471,1.0259723,1.5785698,0,0,6.4554413
6860,150,4262,608,2fpu_HSO_B_509,6,smina,0.24123587,1.024043,0.81698436,0,0.00013822346,0.94822237
6861,150,2708,386,1tke_SER_A_500,6,smina,0.23597359,1.0235177,0.81698436,0,0.053712693,0.71554377
6862,150,11493,1641,5dnx_5LD_B_205,6,smina,0.26894159,1.0233468,1.2096503,0,0,1.606975
6863,150,13460,1922,5tch_MLI_B_501,6,smina,0.26466065,1.0231603,1.1525282,0,0.51514403,0.77306751
6864,150,3275,467,1y2x_NAG_C_2144,6,smina,0.26421214,1.023146,1.1495655,0,0.99447237,1.8361141
6865,150,6390,912,3ryd_SRT_C_268,6,smina,0.23415928,1.0228611,0.81698436,0,0.073074456,0.97104903
6866,151,12018,1716,5g44_SWX_A_1511,6,smina,0.34610017,1.134658,0.81497276,0,1.261645e-06,1.1796136
6867,151,5263,751,2r4j_13P_A_1968,6,smina,0.34467908,1.1256864,0.86967844,0,0.00021538478,1.246474
6868,151,1140,162,1i8a_BGC_A_189,6,smina,0.31501118,1.1205497,0.86803615,0,0.046825916,0.78134617
6869,151,3987,569,2cxp_A5P_A_1601,4,gnina,0.95725069,1.1192656,3.2241812,0,0.56572498,3.4200594
6870,151,3660,522,2ahc_VNL_A_166,6,smina,0.34967197,1.1094712,1.002849,0,0,0.99663051
6871,151,15427,2203,6h8p_OGA_A_504,6,smina,0.32777542,1.1032607,1.0002154,0,0.93765158,0.95566607
6872,151,15859,2265,6l17_E2X_A_401,4,gnina,0.70298389,1.0979222,2.5527239,0,0.6151808,3.4615554
6873,151,10583,1511,4yu7_DHC_B_204,6,smina,0.30148657,1.0951715,0.86023021,0,0,1.2290314
6874,151,16309,2329,6nsu_DYA_A_402,6,smina,0.31949265,1.0908496,1.0876557,0,0.010686055,0.84947911
6875,151,1063,151,1h8p_PC_A_1111,6,smina,0.31437584,1.0896571,1.0918467,0,0,1.028639
6876,151,15707,2243,6jme_ORO_A_402,6,smina,0.29610054,1.0785307,0.97409505,0,0,0.76177657
6877,151,3674,524,2ahc_VNL_C_366,6,smina,0.29395017,1.0736486,1.0000037,0,0,1.3211499
6878,151,15117,2159,6f6a_CU5_A_301,4,gnina,0.8747586,1.0678262,3.5848665,0,5.0960845e-06,4.0754591
6879,151,17289,2469,6tof_NQE_A_201,6,smina,0.29544171,1.0657298,1.0680181,0,0,2.0506361
6880,151,3051,435,1w1a_NDG_2_1261,6,smina,0.28479566,1.065679,0.93169785,0,5.8839044e-06,1.3787921
6881,151,10569,1509,4yu7_DHC_A_204,6,smina,0.272305,1.0640215,0.87908304,0,0,1.418276
6882,151,650,92,1g79_PLP_A_260,6,smina,0.32002482,1.0625642,1.309718,0,0.00021267812,1.7451962
6883,151,16820,2402,6r5o_BGC_B_801,6,smina,0.26488961,1.0616138,0.83881068,0,0.86344889,0.87449563
6884,151,4752,678,2nos_AGU_A_903,6,smina,0.31099816,1.061398,1.128237,0,7.2369047e-07,0.52248096
6885,151,2582,368,1sjc_SMG_D_1300,6,smina,0.46928736,1.0606474,1.6734878,0,0.63719531,2.5827368
6886,151,1672,238,1lo3_AN1_Y_500,6,smina,0.29119734,1.0564359,1.0637794,0,0,2.0540651
6887,151,3667,523,2ahc_VNL_B_266,6,smina,0.28720004,1.0562606,1.0157022,0,0,1.0053793
6888,151,11080,1582,5aov_GLV_A_1336,6,smina,0.32988207,1.0533584,1.3933693,0,0,0.43864989
6889,151,11129,1589,5b4o_6DQ_B_202,6,smina,0.27635845,1.0486787,1.0106808,0,0,1.1723494
6890,151,8917,1273,4j0k_EGR_B_501,6,smina,0.2590379,1.0481174,0.81497276,0,2.0937666e-10,2.2300168
6891,151,6635,947,3v7u_MTA_A_301,6,smina,0.25834805,1.0474578,0.81497276,0,2.899878e-05,2.6002111
6892,151,818,116,1h18_DTL_B_9010,6,smina,0.26542541,1.0473363,0.95158929,0,0.15699072,0.79721759
6893,151,12347,1763,5i5s_NVU_B_402,6,smina,0.26310253,1.0469923,0.92949402,0,0.00024191423,1.0809861
6894,151,797,113,1h18_DTL_A_9009,6,smina,0.26574885,1.0467017,0.95841664,0,4.641402e-08,0.87338772
6895,151,447,63,1e7h_PLM_A_1007,6,smina,0.2886892,1.0466574,1.1033151,0,0,1.1673215
6896,151,804,114,1h18_DTL_A_9010,6,smina,0.26406911,1.0454832,0.95386267,0,0.013464461,0.95240295
6897,151,17758,2536,7cne_SIN_A_402,6,smina,0.25257872,1.0440278,0.81497276,0,0,0.81405118
6898,151,13271,1895,5o4j_PJL_A_304,6,smina,0.3141443,1.043012,1.4649405,0,7.8432664e-05,1.1885327
6899,151,13586,1940,5tvr_AKG_A_402,6,smina,0.26284216,1.0423916,0.93980354,0,0.87495559,1.2691196
6900,151,10240,1462,4uzi_IMD_B_1455,6,smina,0.2506234,1.0417852,0.81497276,0,0,0.38204619
6901,151,2162,308,1p7l_MET_A_485,6,smina,0.26244041,1.0403421,0.92864913,0,1.8441435e-06,1.1407258
6902,151,10142,1448,4ug6_H4B_A_902,6,smina,0.31574657,1.0368938,1.5205967,0,3.3907886e-10,1.6586105
6903,151,13936,1990,5vv0_9OM_A_803,6,smina,0.36152982,1.0367064,1.6128507,0,0,4.461879
6904,151,811,115,1h18_DTL_B_9009,6,smina,0.26250058,1.035862,0.96810746,0,5.4925283e-07,0.89311613
6905,151,7055,1007,3wug_XYP_B_1,6,smina,0.24684714,1.0345295,0.81497276,0,3.8928045e-10,0.65984444
6906,151,5368,766,2uyv_TLA_A_1275,6,smina,0.24681567,1.0343976,0.81497276,0,0.16785782,1.1374636
6907,151,6026,860,2zgw_ADN_B_1302,6,smina,0.26108787,1.0318463,0.96211159,0,0.65383734,1.9992382
6908,151,14517,2073,5ysh_5AD_G_605,6,smina,0.29232098,1.0317726,1.2848476,0,0,0.90672299
6909,151,4521,645,2huu_ALA_A_701,6,smina,0.24472726,1.0314953,0.81497276,0,0.85444858,0.64026249
6910,151,5466,780,2vjb_CCD_A_1540,6,smina,0.35412136,1.0299321,1.6581385,0,0,1.250913
6911,151,11780,1682,5f35_FLC_A_302,6,smina,0.27317957,1.029438,1.1516819,0,0.019750358,1.5035638
6912,151,1658,236,1lfw_AEP_A_683,6,smina,0.35235689,1.0286771,1.6629658,0,0,2.8566047
6913,151,16197,2313,6nga_KL7_B_804,6,smina,0.31207409,1.0282848,1.511089,0,0,4.9201524
6914,151,10905,1557,5a02_GOL_C_1341,6,smina,0.26311902,1.0280901,1.0797526,0,3.7947752e-05,0.74496187
6915,151,15803,2257,6krs_CIT_D_301,4,gnina,0.82674075,1.0274425,3.9458573,0,0.27715179,7.604546
6916,152,6024,860,2zgw_ADN_B_1302,4,gnina,0.75576446,1.2335816,1.6185507,0,0.4786991,4.0218412
6917,152,8959,1279,4jhh_H35_A_201,6,smina,0.50370526,1.2010973,0.81125289,0,0.98798569,1.5245426
6918,152,8546,1220,4hey_4MZ_A_308,6,smina,0.4981735,1.1988443,0.81125289,0,5.9772251e-08,0.36657153
6919,152,972,138,1h5r_THM_A_1293,6,smina,0.68854172,1.198468,1.5751262,0,0,2.1476799
6920,152,6817,973,3w4i_8LG_B_402,6,smina,0.48522376,1.1718087,0.81125289,0,0,0.61591707
6921,152,9988,1426,4s38_CDI_A_900,6,smina,0.47360782,1.1671702,0.81125289,0,9.0243764e-05,1.0472519
6922,152,17331,2475,6tt4_BMA_C_3,6,smina,0.47203471,1.1646522,0.81125289,0,1.5582774e-08,0.84606079
6923,152,11990,1712,5g09_6DF_C_1475,6,smina,0.80910062,1.1592071,2.4539731,0,0.98763188,5.9464501
6924,152,11997,1713,5g09_6DF_D_1476,6,smina,0.78014922,1.1525768,2.405988,0,0.98832998,4.6817617
6925,152,1686,240,1lqp_FCN_A_4004,6,smina,0.47218019,1.1516261,0.90907526,0,0,0.675432
6926,152,9582,1368,4o7g_ASC_A_303,6,smina,0.47950099,1.1406307,1.0112014,0,0.33136759,0.93126969
6927,152,9596,1370,4o7g_ASC_B_304,6,smina,0.47603029,1.140467,1.0041211,0,0.0018785348,0.90914043
6928,152,11969,1709,5fwe_OGA_B_1359,6,smina,0.4720347,1.1380376,0.9883371,0,0.00051081234,0.9390962
6929,152,10268,1466,4v36_LYN_A_1851,6,smina,0.4720347,1.1369452,0.99974108,0,1.9726198e-09,1.9193881
6930,152,3681,525,2ahc_VNL_D_466,6,smina,0.50453337,1.13219,1.3011699,0,0,1.1553193
6931,152,4927,703,2okk_ABU_A_585,6,smina,0.39106309,1.1293999,0.81125289,0,0,0.81103139
6932,152,10226,1460,4uy7_HIS_A_800,6,smina,0.4720347,1.1226413,1.0992122,0,0.51130064,1.2308151
6933,152,12522,1788,5ioq_DUR_C_302,6,smina,0.49571913,1.1205807,1.359656,0,0,1.8465995
6934,152,8385,1197,4fh7_TBP_A_202,6,smina,0.46124829,1.1092317,1.1485733,0,9.9408767e-06,0.66088771
6935,152,9869,1409,4r08_URI_B_901,6,smina,0.64379679,1.1053596,2.0161622,0,0,2.3014244
6936,152,13684,1954,5ud0_G3H_B_406,6,smina,0.47203511,1.1037255,1.2489502,0,1.1701284e-06,1.403926
6937,152,4211,601,2f7x_4EA_E_351,4,gnina,0.59938593,1.1029045,1.7613657,0,0.72414433,5.9912518
6938,152,5018,716,2ptm_CMP_A_401,6,smina,0.4720347,1.1005379,1.2658118,0,0,3.8035431
6939,152,12984,1854,5lu8_5KN_A_306,6,smina,0.47204468,1.0964334,1.3085098,0,0,2.0244849
6940,152,986,140,1h5r_THM_C_1292,6,smina,0.52763511,1.096043,1.6238436,0,0,1.7061618
6941,152,13180,1882,5nh9_XLS_B_503,6,smina,0.55734433,1.0897731,1.7570256,0,0.19190741,1.1922265
6942,152,17317,2473,6tor_PMP_B_504,6,smina,0.53944147,1.0885375,1.7370147,0,1.423287e-07,3.1437736
6943,152,7251,1035,4a01_2PN_B_1773,6,smina,0.5043039,1.0883114,1.6463718,0,0,1.1939853
6944,153,15238,2176,6fld_NAG_A_603,6,smina,0.34534354,1.1348368,0.80789113,0,2.1078032e-06,1.5345229
6945,153,14916,2130,6c6w_TFX_A_502,6,smina,0.33641172,1.1262444,0.83409786,0,0,1.6858235
6946,153,10347,1478,4ws2_6UA_A_303,1,unimol,0.67358177,1.1112163,2.2053518,0,0.9576682,13.4
6947,153,14258,2036,5xrv_F6R_A_702,6,smina,0.29260591,1.09192,0.80789113,0,0.00012062773,3.4801582
6948,153,17415,2487,6ur0_ETM_B_401,6,smina,0.25881735,1.0602971,0.80789113,0,0,0.74131366
6949,153,7986,1140,4d0z_BBK_E_1584,6,smina,0.25477554,1.0517935,0.80789113,0,0.00012755483,1.6206571
6950,153,10898,1556,5a02_GOL_B_1342,6,smina,0.25943909,1.0514282,0.90982687,0,0.00024366674,1.0324717
6951,153,10919,1559,5a02_GOL_F_1342,6,smina,0.25940305,1.0508798,0.90704405,0,1.0092719e-05,0.66363761
6952,153,10912,1558,5a02_GOL_D_1341,6,smina,0.25936922,1.0501167,0.90982687,0,1.1294917e-05,0.6601311
6953,153,8147,1163,4dtb_GMP_A_401,6,smina,0.30666385,1.0499789,1.321965,0,0,2.6751523
6954,153,14666,2095,6a1l_BEZ_A_403,1,unimol,0.86403027,1.0488612,3.8538773,0,0.9676315,14.19
6955,153,11731,1675,5eso_ISC_A_602,6,smina,0.46086267,1.0488511,1.7326349,0,0.65527448,2.2731514
6956,153,11311,1615,5ci9_549_A_402,6,smina,0.29237884,1.0481724,1.1346287,0,0,1.1552565
6957,153,9393,1341,4mr8_2BW_A_507,6,smina,0.3505761,1.0471437,1.4804335,0,0.00053486694,2.1813901
6958,153,7965,1137,4d06_NAR_F_302,6,smina,0.24502938,1.0468773,0.80789113,0,1.6169152e-08,0.67914358
6959,153,17408,2486,6ur0_ETM_A_401,6,smina,0.24479106,1.046213,0.80789113,0,0,0.84595481
6960,153,17800,2542,8icd_ICT_A_418,6,smina,0.28688768,1.0417061,1.1282213,0,0.0012382394,1.4760562
6961,153,7979,1139,4d06_X8W_D_303,6,smina,0.25920812,1.0396607,0.9816485,0,3.7738387e-08,1.336615
6962,153,4318,616,2fyd_BGC_D_530,6,smina,0.241038,1.0394367,0.80789113,0,0.38487729,0.85892049
6963,153,272,38,1cq1_BGC_B_455,6,smina,0.24073814,1.0390381,0.80789113,0,6.5070003e-05,0.81773079
6964,153,6509,929,3tky_N7I_C_369,6,smina,0.25857092,1.0369058,0.97379082,0,0,2.3385831
6965,153,16372,2338,6ock_9KL_A_601,6,smina,0.25111384,1.0367885,0.90244782,0,0,2.9453813
6966,153,6738,962,3vnm_SDD_C_301,4,gnina,0.68682445,1.0359302,3.1783071,0,0.025921881,4.2678929
6967,153,6264,894,3qxx_8AC_A_221,6,smina,0.28932105,1.0355275,1.1952254,0,6.1878833e-07,1.941338
6968,153,16841,2405,6r6i_H50_B_201,6,smina,0.33125498,1.0350121,1.53429,0,0,2.5090913
6969,153,14673,2096,6a1l_BEZ_A_404,1,unimol,0.84554814,1.0341776,3.8943968,0,0.99620122,20.66
6970,153,15231,2175,6fld_NAG_A_602,6,smina,0.23792503,1.0335904,0.80789113,0,4.359441e-07,1.4975065
6971,153,16911,2415,6rgr_RM4_A_403,6,smina,0.236052,1.0331918,0.80789113,0,0.89728833,0.58758163
6972,153,585,83,1fuq_CIT_B_1002,4,gnina,0.4131257,1.0330462,1.7516264,0,2.677879e-06,3.234314
6973,153,15798,2256,6krs_CIT_C_301,6,smina,0.33752846,1.0315942,1.5747705,0,0.014850249,1.6816791
6974,153,10352,1478,4ws2_6UA_A_303,6,smina,0.23078366,1.030933,0.80789113,0,0,0.66824839
6975,153,5571,795,2wdq_CBE_K_1130,6,smina,0.29394452,1.0304128,1.2993549,0,0,1.7426339
6976,153,7062,1008,3wug_XYP_C_2,6,smina,0.22828538,1.0297372,0.80789113,0,2.3293574e-05,0.67801249
6977,153,17114,2444,6sz3_M1H_B_601,6,smina,0.22820581,1.0296043,0.80789113,0,0,0.72457672
6978,153,10926,1560,5a2r_MLT_A_1615,6,smina,0.22812479,1.0293386,0.80789113,0,2.549425e-06,0.92328728
6979,153,12389,1769,5i95_AKG_A_508,6,smina,0.24773945,1.0292566,0.95028532,0,0.0002370638,1.1547862
6980,153,16967,2423,6s23_KSW_B_402,6,smina,0.22809286,1.02894,0.80789113,0,0,0.44735647
6981,153,17156,2450,6t02_M5E_B_601,6,smina,0.2305426,1.0283764,0.8261472,0,9.0031431e-05,1.445591
6982,153,4836,690,2nu7_COA_E_1325,6,smina,0.2278336,1.027877,0.80789113,0,0.00032591424,1.2895869
6983,153,4059,579,2e40_LGC_B_2001,6,smina,0.22759884,1.0273456,0.80789113,0,0.029858488,1.008914
6984,153,5564,794,2wdq_CBE_G_1130,6,smina,0.29213619,1.0272854,1.2993549,0,0,2.7315004
6985,153,265,37,1cq1_BGC_A_455,6,smina,0.2275557,1.0272127,0.80789113,0,6.5584112e-05,0.81624536
6986,153,11416,1630,5del_ORO_A_602,6,smina,0.22709555,1.0269469,0.80789113,0,0,0.82884681
6987,153,10709,1529,4zbc_GLC_B_407,6,smina,0.22691318,1.0261497,0.80789113,0,1.1673423e-06,0.88796876
6988,153,8560,1222,4hez_1MZ_A_307,6,smina,0.22685108,1.0260169,0.80789113,0,0,0.3942376
6989,153,4948,706,2p1e_LAC_A_303,6,smina,0.22676853,1.025884,0.80789113,0,0,0.51042195
6990,153,8539,1219,4hey_4MZ_A_307,6,smina,0.22675674,1.0257511,0.80789113,0,0.0044113436,0.42562252
6991,153,16827,2403,6r5o_BGC_B_802,6,smina,0.22667787,1.0254854,0.80789113,0,1.446089e-06,0.9768059
6992,153,9729,1389,4pik_MAN_D_503,6,smina,0.22641699,1.0249539,0.80789113,0,0.07149762,0.7929748
6993,153,2946,420,1uxq_G1P_A_1503,6,smina,0.25713866,1.0248078,1.0401686,0,0.00079274531,1.5508836
6994,154,13012,1858,5lwy_OLB_A_406,6,smina,0.52763598,1.1560841,1.1602652,0,4.3040388e-10,14.659834
6995,154,48,6,1aer_TIA_B_700,6,smina,0.50848883,1.1487416,1.182537,0,0,2.023159
6996,154,6894,984,3wat_BMA_A_404,6,smina,0.48518404,1.137655,1.0585557,0,0.016810906,0.83440258
6997,154,6901,985,3wat_BMA_B_404,6,smina,0.48415891,1.1368794,1.0585557,0,0.013965045,0.8050132
6998,154,2729,389,1tkj_MED_A_913,6,smina,0.47216662,1.1186799,1.139775,0,0,1.1191352
6999,154,14139,2019,5x2m_GLN_D_951,6,smina,0.52763598,1.1178716,1.4488693,0,1.7817596e-08,2.292989
7000,154,16799,2399,6r4j_GLU_A_704,6,smina,0.4397012,1.1082536,1.1244018,0,0,1.7194451
7001,154,5599,799,2whq_HI6_A_1543,6,smina,0.43991015,1.1082234,1.1375641,0,0,1.3114414
7002,154,5606,800,2whq_HI6_B_1545,6,smina,0.44038157,1.1059965,1.1552496,0,0,1.1868359
7003,154,5200,742,2qui_LTN_B_478,6,smina,0.4650982,1.0899411,1.3300434,0,0.99003313,1.8544842
7004,154,657,93,1g79_PLP_A_270,6,smina,0.43829669,1.0896281,1.2180469,0,0.00058290428,2.4941618
7005,154,11304,1614,5ci9_549_A_401,6,smina,0.43944246,1.0857789,1.2915567,0,0,1.5641601
7006,154,5193,741,2qui_LTN_A_501,6,smina,0.44281617,1.0793677,1.3716421,0,0.98901349,1.8502442
7007,154,7216,1030,3zwt_ORO_A_1398,6,smina,0.44596386,1.0777073,1.3921143,0,0,0.80371694
7008,154,9001,1285,4jzx_476_A_402,6,smina,0.44810315,1.075807,1.4126201,0,0,3.5847822
7009,154,12088,1726,5goo_FRU_C_501,6,smina,0.47959889,1.0601911,1.6415914,0,0.96130441,1.3411879
7010,154,1245,177,1ixo_G3P_A_1001,6,smina,0.48267713,1.0596327,1.6652945,0,0.21934923,1.0950547
7011,154,4325,617,2fyd_NGA_B_404,6,smina,0.25865245,1.0571933,0.80338067,0,1.8509693e-05,1.3145725
7012,154,4332,618,2fyd_NGA_D_529,6,smina,0.2570999,1.0539896,0.80338067,0,0.034002733,1.64256
7013,154,9106,1300,4l1x_STR_A_402,6,smina,0.30088204,1.0531553,1.2941227,0,0,1.5070432
7014,154,1259,179,1j0n_CEG_A_780,6,smina,0.4397039,1.0525909,1.5763193,0,0.00040304714,1.2520293
7015,154,3576,510,1zwp_NIM_A_401,6,smina,0.25689046,1.0506972,0.82369071,0,0,3.1925383
7016,154,14776,2110,6acn_TRC_A_899,6,smina,0.36909225,1.0462611,1.4212883,0,1.9524921e-05,1.3677118
7017,154,16995,2427,6s51_KVQ_A_901,6,smina,0.29186526,1.0453096,1.2595828,0,3.1062005e-08,2.7631201
7018,154,10758,1536,4zo7_BGC_A_805,6,smina,0.24242078,1.043044,0.80338067,0,4.6578789e-06,0.88112148
7019,154,3492,498,1zha_R5P_A_1269,6,smina,0.45817231,1.0418906,1.7189566,0,3.3635884e-08,1.8365382
7020,154,15364,2194,6fw0_E92_B_602,6,smina,0.30059034,1.0389146,1.4069591,0,0,2.7632967
7021,154,15091,2155,6f3s_CKW_A_902,6,smina,0.55404406,1.0388639,2.241761,0,0,3.9142038
7022,154,16785,2397,6qqs_JCZ_B_301,6,smina,0.47636597,1.0375104,1.8308944,0,0,1.3495928
7023,154,17163,2451,6t07_M45_B_601,6,smina,0.43976702,1.0353966,1.7321066,0,0.00067186538,0.76125415
7024,154,13712,1958,5uda_CAE_B_502,6,smina,0.23082319,1.034501,0.80338067,0,0,0.49312815
7025,154,6418,916,3sj1_DXC_X_75,6,smina,0.25626595,1.0344196,0.93440723,0,0,3.6743886
7026,154,13705,1957,5uda_CAE_A_502,6,smina,0.23028032,1.0343675,0.80338067,0,0,0.48520498
7027,154,15105,2157,6f48_XQB_A_302,6,smina,0.4397012,1.0341774,1.7328496,0,0,1.9423473
7028,154,2456,350,1rqh_PYR_A_602,6,smina,0.22519053,1.0338336,0.80338067,0,1.1997045e-06,0.51906417
7029,154,13110,1872,5mdh_MAK_B_335,6,smina,0.22445931,1.0337001,0.80338067,0,1.1796391e-06,0.66512162
7030,154,15406,2200,6gl4_GLU_A_301,6,smina,0.43899208,1.0335518,1.691534,0,2.0639974e-09,1.7694274
7031,154,10562,1508,4yu7_DHC_A_203,6,smina,0.22186776,1.0331151,0.80576009,0,0,1.3449761
7032,154,8301,1185,4ek1_CAM_B_502,6,smina,0.20579981,1.0320983,0.80338067,0,0,0.6672469
7033,154,8294,1184,4ek1_CAM_A_502,6,smina,0.20562309,1.0319648,0.80338067,0,0,0.78740985
7034,154,12067,1723,5gnx_BGC_A_502,6,smina,0.20517697,1.0318313,0.80338067,0,0.00068479845,0.87669171
7035,154,13663,1951,5uap_82S_A_505,6,smina,0.20453065,1.0310304,0.80338067,0,0,0.57040711
7036,154,17485,2497,6vmz_NAG_A_402,6,smina,0.20415326,1.0308969,0.80338067,0,1.1336423e-11,1.514293
7037,154,9120,1302,4l4d_CAM_A_503,6,smina,0.20313734,1.0302295,0.80338067,0,0,0.56537121
7038,154,6145,877,2zwt_CAM_A_422,6,smina,0.20310678,1.030096,0.80338067,0,0,0.54247913
7039,154,6313,901,3ro7_TDR_A_300,6,smina,0.2029841,1.0299625,0.80338067,0,0,0.59031464
7040,154,10345,1477,4ws1_URF_A_301,6,smina,0.20271571,1.0291616,0.80338067,0,2.7236541e-05,0.6585103
7041,154,10457,1493,4xpq_FUL_A_1003,6,smina,0.2019882,1.0283607,0.80338067,0,0.97555087,0.90356767
7042,154,4850,692,2nz5_226_B_432,6,smina,0.26023237,1.026437,1.1011913,0,1.7530974e-09,1.0036583
7043,154,16267,2323,6nig_NAG_B_803,6,smina,0.28552935,1.0258964,1.3223995,0,3.1926119e-07,1.3313141
7044,155,17476,2496,6vlu_CIT_A_701,4,gnina,0.46008085,1.137483,1.0022377,0,0.00025217842,2.4076298
7045,155,9834,1404,4qpe_37E_A_901,6,smina,0.30805274,1.1088565,0.92454773,0,9.8130057e-07,2.2369668
7046,155,7074,1010,3wur_O4B_B_201,4,gnina,0.62962645,1.0970857,1.9663762,0,0.88813638,1.6296105
7047,155,6117,873,2zuw_NDG_B_4002,6,smina,0.30419163,1.0860785,1.0206058,0,0.85860414,1.6809277
7048,155,17345,2477,6u30_PQM_A_501,6,smina,0.27001434,1.0788698,0.79731768,0,0,1.1771573
7049,155,6103,871,2zut_A2G_A_4001,6,smina,0.30385504,1.0701436,1.0391124,0,0.97666967,1.4785086
7050,155,7067,1009,3wur_O4B_A_202,4,gnina,0.58711627,1.0681277,1.9803252,0,0.78454159,1.7274669
7051,155,13236,1890,5o3d_9J5_A_501,6,smina,0.44253643,1.0655773,1.5220479,0,0,5.7413901
7052,155,3100,442,1wc7_PP3_A_1214,6,smina,0.31432522,1.0586124,1.3119694,0,1.1723819e-05,6.6478204
7053,155,7958,1136,4d06_NAR_F_301,6,smina,0.29076381,1.0569518,1.0696158,0,0,2.0189813
7054,155,1301,185,1j3i_WRA_A_609,6,smina,0.48034836,1.0559086,1.9071456,0,7.4726446e-06,6.7027073
7055,155,3142,448,1x09_IPE_A_902,6,smina,0.24195465,1.0515125,0.79731768,0,4.7284273e-06,1.6311204
7056,155,545,77,1fp2_HMO_A_2000,6,smina,0.31412722,1.0499466,1.3822035,0,0,2.6379271
7057,155,7123,1017,3wxo_NIZ_A_804,4,gnina,0.52982551,1.0456369,2.0408852,0,2.4608157e-06,1.8848306
7058,155,76,10,1aiq_UMP_B_266,6,smina,0.2893403,1.0455115,1.1514069,0,0,2.9352447
7059,155,17478,2496,6vlu_CIT_A_701,6,smina,0.23243646,1.0422593,0.79731768,0,1.2714963e-05,1.7438252
7060,155,2008,286,1nuw_F6P_A_2336,6,smina,0.23032357,1.0415888,0.79731768,0,0.93309476,2.0274933
7061,155,12191,1741,5ha7_WY1_A_402,4,gnina,0.44208861,1.0414089,1.7278882,0,0.00050580634,4.9550675
7062,155,12081,1725,5goo_FRU_A_501,6,smina,0.24722524,1.0403332,0.92589396,0,3.892378e-06,1.2530614
7063,155,4703,671,2jfv_FLC_A_1271,6,smina,0.2508684,1.0362079,1.0318518,0,0.019819547,1.3959691
7064,155,825,117,1h18_PYR_B_1001,6,smina,0.21874418,1.0351518,0.79731768,0,0.044328048,0.64310784
7065,155,3114,444,1wmz_NGA_A_501,6,smina,0.24746791,1.0349869,0.97107291,0,3.7168088e-05,1.2452272
7066,155,10331,1475,4wqq_MAN_B_204,6,smina,0.21610002,1.0346154,0.79731768,0,0.0073612754,0.77380397
7067,155,17793,2541,8cpp_TCM_A_422,6,smina,0.21541702,1.034079,0.79731768,0,0,0.57924401
7068,155,5382,768,2uyv_TLA_B_1275,6,smina,0.21511142,1.0338107,0.79731768,0,0.15769175,1.0469099
7069,155,1350,192,1ja9_PYQ_A_406,6,smina,0.21428076,1.0330061,0.79731768,0,0,0.62096191
7070,155,9463,1351,4n9v_AZA_A_402,6,smina,0.2149629,1.032978,0.80154049,0,2.7624551e-06,0.59432914
7071,155,4108,586,2ef9_A5P_A_1269,6,smina,0.30419163,1.0323349,1.4505534,0,0.48700468,1.8225344
7072,155,6717,959,3vnj_PSJ_B_301,4,gnina,0.69307606,1.0321908,3.1920509,0,0.0038409607,3.9473556
7073,155,713,101,1gim_IMP_A_440,6,smina,0.30419163,1.0316894,1.4560922,0,0,3.3443828
7074,155,5375,767,2uyv_TLA_A_1277,6,smina,0.21365439,1.031531,0.79731768,0,1.4692507e-05,0.94638599
7075,155,17170,2452,6t0a_M58_A_601,6,smina,0.21364762,1.0313969,0.79731768,0,0,0.64204297
7076,155,17142,2448,6t02_M5E_A_601,6,smina,0.2135375,1.0311287,0.79731768,0,0.070080203,1.4255699
7077,155,1693,241,1lqp_FCN_B_4003,6,smina,0.21353684,1.0309946,0.79731768,0,0,0.62454159
7078,155,5396,770,2uyv_TLA_D_1275,6,smina,0.2135162,1.0304581,0.79731768,0,0.79043126,0.97719177
7079,155,2799,399,1tsd_UMP_B_265,6,smina,0.29070943,1.0300822,1.2842231,0,0,2.708193
7080,155,9981,1425,4rvg_TYD_A_502,6,smina,0.44243897,1.029385,1.8407744,0,0,5.7185724
7081,155,2792,398,1tsd_UMP_A_267,6,smina,0.28897485,1.0287067,1.284106,0,0,3.1843451
7082,155,3373,481,1z6k_OAA_A_274,6,smina,0.21345454,1.0285807,0.79731768,0,0.00022556493,0.86701069
7083,155,4983,711,2pir_NK_A_933,6,smina,0.21353133,1.0285531,0.81365401,0,0.53546217,0.60850799
7084,155,10653,1521,4zb2_FRU_A_404,6,smina,0.213448,1.0279102,0.79731768,0,3.7184125e-08,0.86850281
7085,155,9442,1348,4n4j_HG1_A_607,6,smina,0.21344703,1.0276419,0.79731768,0,2.4527108e-10,2.7028708
7086,155,12193,1741,5ha7_WY1_A_402,6,smina,0.23864144,1.0276348,0.96907341,0,0,3.3832282
7087,155,251,35,1cib_IMP_A_440,6,smina,0.30419163,1.0271577,1.4952494,0,0,3.5082554
7088,155,12354,1764,5i5t_67X_A_402,6,smina,0.26576446,1.0265369,1.1815164,0,0.92630777,1.8123267
7089,155,6110,872,2zut_A2G_C_4003,6,smina,0.24536866,1.0263948,1.0095823,0,5.8330036e-05,1.5010544
7090,155,13201,1885,5nnw_GCS_D_302,6,smina,0.21344557,1.0263009,0.79731768,0,6.3879794e-07,1.1432888
7091,155,6124,874,2zuw_NDG_D_4004,6,smina,0.24843318,1.0262664,1.0766351,0,5.9823439e-06,1.6019189
7092,155,12198,1742,5ha7_WY1_B_402,4,gnina,0.38012886,1.0242094,1.7110111,0,0.00021459129,4.2579838
7093,155,6383,911,3ryd_SRT_A_271,6,smina,0.21344513,1.0234847,0.79731768,0,7.8617525e-08,1.0627979
7094,156,9043,1291,4kcf_FMN_A_502,6,smina,0.30237256,1.0935704,0.9645279,0,0,4.2906498
7095,156,12795,1827,5jp9_DCM_B_401,6,smina,0.45724786,1.0934646,1.3179978,0,0,2.858663
7096,156,16272,2324,6nig_NAG_D_602,4,gnina,0.47592305,1.0558446,1.7227924,0,1.6289119e-05,26.412912
7097,156,16258,2322,6nig_NAG_A_605,4,gnina,0.46877619,1.0517309,1.7110696,0,1.3892135e-08,8.5387275
7098,156,10380,1482,4wxb_CIT_C_501,6,smina,0.25761904,1.0495508,0.97393173,0,2.1206378e-07,2.4366952
7099,156,9041,1291,4kcf_FMN_A_502,4,gnina,0.47592548,1.0434507,1.9266021,0,1.5124636e-05,5.7890952
7100,156,16274,2324,6nig_NAG_D_602,6,smina,0.30236792,1.0424941,1.275599,0,3.5406834e-06,1.3474375
7101,156,13075,1867,5m66_ADN_B_502,6,smina,0.46329293,1.0404753,1.7925812,0,0.97330705,2.9464805
7102,156,10373,1481,4wxb_CIT_B_501,6,smina,0.2403484,1.0400472,0.89710277,0,0.7553303,1.8245141
7103,156,2813,401,1tuu_PIS_B_2854,6,smina,0.30952911,1.0394081,1.4675249,0,0,0.76527297
7104,156,15959,2279,6lx5_C5F_A_502,6,smina,0.30237256,1.0365128,1.4142193,0,0,2.2033652
7105,156,13068,1866,5m66_ADN_A_502,6,smina,0.45941991,1.0360665,1.8153293,0,0.97255891,2.4375647
7106,156,10702,1528,4zbc_GLC_B_406,6,smina,0.2110014,1.0352698,0.79505461,0,0.003019102,0.90461762
7107,156,15889,2269,6l86_LMR_B_302,6,smina,0.21082285,1.0344614,0.79505461,0,0.8606717,1.2852904
7108,156,13082,1868,5m66_ADN_C_502,6,smina,0.43956731,1.0330315,1.8047506,0,0.93957345,3.4149577
7109,156,3842,548,2bs3_CIT_D_1657,6,smina,0.24757578,1.0314058,1.0735571,0,6.8432718e-06,1.9097154
7110,156,9666,1380,4p7q_NAG_A_704,6,smina,0.21065945,1.0309584,0.79505461,0,2.9299448e-08,1.4584618
7111,156,15973,2281,6lx5_C5F_B_502,6,smina,0.30778075,1.0304295,1.5440873,0,0,2.9553847
7112,156,16260,2322,6nig_NAG_A_605,6,smina,0.28576034,1.0287415,1.2727435,0,1.0173681e-08,1.4260809
7113,156,16265,2323,6nig_NAG_B_803,4,gnina,0.38370539,1.0279049,1.7110696,0,2.7718025e-08,6.1739542
7114,156,7081,1011,3wur_O4B_B_202,4,gnina,0.44836417,1.0278128,1.8662717,0,0.66718391,1.5647469
7115,156,8553,1221,4hez_1MZ_A_302,6,smina,0.21065856,1.0277249,0.79505461,0,0,0.41428609
7116,156,15910,2272,6l86_MLT_A_303,6,smina,0.21099243,1.0258957,0.86482358,0,0.0038394938,1.3714992
7117,156,5928,846,2z26_DOR_A_1410,6,smina,0.21065856,1.023885,0.79505461,0,0,1.4364813
7118,156,11143,1591,5b4u_MLA_A_302,6,smina,0.21065856,1.023885,0.79505461,0,0.0010097194,0.84327419
7119,156,14048,2006,5wcz_NOJ_A_601,6,smina,0.21065856,1.023885,0.79505461,0,0.0041996553,0.84140988
7120,156,14825,2117,6ayv_MLI_A_409,6,smina,0.21065856,1.023885,0.79505461,0,0.87773787,0.61732073
7121,156,2974,424,1v5y_4HC_B_1201,6,smina,0.2106478,1.0204494,0.79505461,0,1.169379e-05,0.65897733
7122,157,10261,1465,4v2z_Y70_C_151,6,smina,0.26399625,1.0775635,0.79332054,0,0,1.7684869
7123,157,16659,2379,6qa7_PLP_A_902,6,smina,0.28217593,1.0755999,0.87168336,0,0.019108435,3.0008562
7124,157,13285,1897,5o72_9MH_A_303,6,smina,0.24722588,1.0595974,0.79332054,0,0,4.5697588
7125,157,16134,2304,6nba_P1T_A_501,6,smina,0.30111085,1.0539434,1.2737762,0,0,6.5359062
7126,157,16141,2305,6nba_P1T_B_501,6,smina,0.30111085,1.0539434,1.2737762,0,0,4.1329387
7127,157,16155,2307,6nba_P1T_D_501,6,smina,0.30111085,1.0539434,1.2737762,0,0,3.7299327
7128,157,15210,2172,6fgv_D9T_A_1901,6,smina,0.24669091,1.052847,0.8379572,0,0,2.114458
7129,157,11423,1631,5di7_5CQ_A_601,6,smina,0.3008698,1.0487503,1.2150927,0,0,1.548687
7130,157,15000,2142,6dmi_5T5_A_504,6,smina,0.36624054,1.0464595,1.4859782,0,0,5.9005415
7131,157,9783,1397,4q40_VAL_A_403,4,gnina,0.50513932,1.0408223,2.0652554,0,5.8593925e-07,3.6125031
7132,157,9797,1399,4q40_VAL_C_404,4,gnina,0.50513821,1.0407055,2.0652554,0,4.1151926e-07,3.399594
7133,157,9790,1398,4q40_VAL_B_403,4,gnina,0.50508254,1.0397706,2.0652554,0,3.6309704e-07,3.9098932
7134,157,10044,1434,4tyv_BGC_B_701,6,smina,0.21228666,1.036498,0.79332054,0,0.004443237,1.0762234
7135,157,13775,1967,5uj3_CE4_A_302,6,smina,0.36160822,1.0350762,1.5811846,0,0,8.8690861
7136,157,8504,1214,4gt9_MEF_A_304,6,smina,0.21190487,1.0317701,0.79332054,0,0,2.6381222
7137,157,5144,734,2qgw_EES_B_1,6,smina,0.21190467,1.0285317,0.80952865,0,0,3.1843947
7138,157,8616,1230,4hxk_1AJ_A_201,6,smina,0.21190537,1.0282759,0.8246702,0,0,0.8969783
7139,157,8126,1160,4dt8_ADN_B_401,6,smina,0.29407223,1.0279439,1.3233007,0,0.00070465027,1.934692
7140,157,7811,1115,4cle_JR2_D_1271,6,smina,0.21191161,1.0272359,0.84477699,0,0,1.1891554
7141,157,3464,494,1zg3_2HI_A_365,6,smina,0.29033139,1.0261161,1.2961153,0,0,2.6708927
7142,157,6138,876,2zvq_1NP_X_502,6,smina,0.21190464,1.025894,0.79332054,0,0,0.79669204
7143,157,16344,2334,6o04_DNA_D_603,6,smina,0.37046351,1.0251857,1.6790034,0,0.89030773,1.2579473
7144,157,7790,1112,4cle_JR2_A_1271,6,smina,0.2119078,1.0250621,0.85929906,0,0,1.4364279
7145,157,2148,306,1p5g_G6P_X_658,6,smina,0.24876596,1.0224037,1.1028876,0,1.7549752e-06,2.0707345
7146,157,468,66,1ei6_PPF_C_413,6,smina,0.21490746,1.0220842,0.92026258,0,0.018355649,0.65407345
7147,157,15686,2240,6jmd_BVO_A_408,6,smina,0.46730986,1.0219662,1.9705224,0,0,5.7378758
7148,157,5998,856,2z48_NGA_B_2006,6,smina,0.28212244,1.0219128,1.2898225,0,0.80516141,1.3325625
7149,157,3310,472,1yik_MM1_A_501,6,smina,0.208072,1.021909,0.79332054,0,0,0.66418774
7150,157,10576,1510,4yu7_DHC_B_203,6,smina,0.21190465,1.021467,0.85708213,0,0,1.7202652
7151,157,4995,713,2prg_BRL_A_1,4,gnina,0.59669722,1.0192526,2.4690974,0,0.033131172,5.4600369
7152,157,8140,1162,4dta_ADN_B_401,6,smina,0.29462404,1.0191362,1.4035203,0,0.0047934545,1.9304569
7153,157,16337,2333,6o04_DNA_B_601,6,smina,0.3719315,1.0185157,1.7408717,0,0.00040008891,1.3939139
7154,157,16330,2332,6o04_DNA_A_601,6,smina,0.37008862,1.018274,1.7408717,0,0.00040150315,1.4239599
7155,157,10282,1468,4w1v_3GS_B_502,6,smina,0.30111085,1.0182074,1.5775546,0,0,4.5509183
7156,157,314,44,1d7a_AIR_C_400,6,smina,0.30111085,1.0178744,1.580524,0,1.1449563e-06,2.9218873
7157,157,17695,2527,6zi7_RAM_D_503,6,smina,0.2163137,1.0132485,0.99282378,0,2.0185657e-05,0.81515329
7158,157,10688,1526,4zbc_FRU_B_409,6,smina,0.21190464,1.0127611,0.92041415,0,1.1156819e-08,1.0329212
7159,157,4876,696,2o7b_HC4_D_701,4,gnina,0.65962901,1.0113465,3.1889737,0,0.97906581,25.351461
7160,157,4115,587,2ef9_A5P_B_2269,6,smina,0.25190715,1.0112684,1.2497703,0,0.13942276,1.7994601
7161,157,7783,1111,4cle_JR2_A_1270,6,smina,0.2257846,1.0077715,1.0547042,0,0,1.1747373
7162,157,7797,1113,4cle_JR2_C_1270,6,smina,0.22570402,1.0075101,1.0547042,0,0,1.1942201
7163,157,7804,1114,4cle_JR2_D_1270,6,smina,0.22566717,1.0072487,1.0547042,0,0,1.21887
7164,157,4862,694,2o1o_RIS_B_400,4,gnina,0.58761763,1.0057193,2.600328,0,0.89850276,3.5894562
7165,157,8476,1210,4gim_PSU_A_400,6,smina,0.36235456,1.005206,1.8552654,0,0,2.6892708
7166,157,5977,853,2z48_NGA_B_2002,6,smina,0.24827527,1.0035305,1.2428505,0,4.9751395e-06,1.5315395
7167,157,17681,2525,6zi7_QR8_C_502,6,smina,0.29359548,1.0033479,1.5301402,0,8.5968832e-05,1.5448741
7168,157,3798,542,2bgc_DTU_A_1238,4,gnina,0.43267055,1.0026008,2.0306346,0,0.5825949,4.810656
7169,157,11626,1660,5eo7_SFU_A_403,6,smina,0.21187527,1.0008263,0.95926344,0,0.58374412,0.91207341
7170,157,16855,2407,6rbo_JXQ_A_302,6,smina,0.27831938,1.0001924,1.465304,0,2.5258768e-06,2.2959928
7171,157,9015,1287,4jzx_IPE_B_401,6,smina,0.24886499,1.0000645,1.2929983,0,9.2338681e-06,2.0913134
7172,158,5996,856,2z48_NGA_B_2006,4,gnina,0.82964859,1.1324579,2.6725314,0,0.024638742,2.4628108
7173,158,2218,316,1pl6_572_B_407,6,smina,0.35540696,1.1014313,1.0389785,0,0,2.8088701
7174,158,2211,315,1pl6_572_A_405,6,smina,0.35468232,1.10099,1.0412666,0,0,2.7818848
7175,158,9673,1381,4p8c_Y22_A_502,6,smina,0.29449402,1.0524051,1.1746284,0,0,7.9724338
7176,158,1371,195,1jho_RMB_A_990,6,smina,0.28854298,1.0519154,1.1056354,0,0,4.0386781
7177,158,5247,749,2r0g_7CK_B_1357,4,gnina,0.65607724,1.050918,2.7414362,0,0.98686586,4.4669837
7178,158,4297,613,2fu9_MP2_A_1410,6,smina,0.4384031,1.0472446,1.6806412,0,5.2404979e-05,4.2897312
7179,158,5240,748,2r0g_7CK_A_1355,4,gnina,0.65650878,1.0453856,2.8018918,0,0.97860672,4.215833
7180,158,10086,1440,4u8y_MIY_B_1102,6,smina,0.46165066,1.0449422,1.7433857,0,0,4.4900331
7181,158,15817,2259,6krs_CIT_G_301,4,gnina,0.81055543,1.0440307,3.4910853,0,0.20518446,7.130599
7182,158,15007,2143,6dqt_LEU_B_1,6,smina,0.26800015,1.0432294,1.0897077,0,0,2.7188249
7183,158,17513,2501,6vo2_R67_A_403,6,smina,0.2102243,1.042052,0.79342461,0,0,0.82037563
7184,158,16869,2409,6rgg_K3Q_A_401,6,smina,0.208269,1.0401317,0.79961652,0,0.028854947,1.1505125
7185,158,10149,1449,4ug6_XFJ_A_904,6,smina,0.29262062,1.03929,1.2429051,0,9.8059185e-09,5.8755988
7186,158,16876,2410,6rgg_K3Q_A_402,6,smina,0.20732738,1.0385233,0.79342461,0,0.0021321993,1.1777439
7187,158,335,47,1dai_DSD_A_225,6,smina,0.28777973,1.0379709,1.2065165,0,8.9489172e-07,3.8670656
7188,158,328,46,1daf_DSD_A_225,6,smina,0.28827973,1.037124,1.2207314,0,0.011009728,3.863153
7189,158,5277,753,2r4t_250_A_503,6,smina,0.20729553,1.0341803,0.79342461,0,0,2.9070022
7190,158,6572,938,3u3o_3QV_A_296,6,smina,0.2072956,1.0320871,0.8172133,0,0,0.97101127
7191,158,8686,1240,4i0b_CMP_A_302,6,smina,0.46665534,1.0320398,1.8788147,0,0,2.3773601
7192,158,11353,1621,5cr1_STL_B_201,6,smina,0.20729554,1.0310974,0.8185522,0,0,1.6396577
7193,158,1369,195,1jho_RMB_A_990,4,gnina,0.60384355,1.0310831,2.3536994,0,0.99268842,3.9799574
7194,158,17520,2502,6vo2_R67_B_403,6,smina,0.20729552,1.0305158,0.79342461,0,0,1.0277696
7195,158,2806,400,1tt6_DES_B_128,6,smina,0.21551362,1.0294571,0.89437497,0,0,2.0973725
7196,158,6010,858,2z7s_P01_A_1,4,gnina,0.50163164,1.0288237,2.1748683,0,0.10142447,5.79237
7197,158,167,23,1bit_BEN_A_246,6,smina,0.24366276,1.0274371,1.0612532,0,0.45042671,0.64660347
7198,158,2349,335,1q3a_NGH_C_481,4,gnina,0.63369051,1.0254744,2.9337146,0,0.41556956,4.4609189
7199,158,6775,967,3vq5_MMJ_B_307,6,smina,0.25886622,1.0242837,1.2109178,0,2.0719189e-06,1.470655
7200,158,12683,1811,5j61_A3G_H_501,6,smina,0.56718497,1.024178,2.3577871,0,0.97737906,3.9326053
7201,158,699,99,1gij_2PU_A_501,6,smina,0.27917944,1.0240172,1.285494,0,0,3.1147003
7202,158,16533,2361,6pmv_M16_A_803,6,smina,0.29809644,1.0209523,1.4798657,0,0,2.5533002
7203,158,3485,497,1zha_PEP_B_2268,6,smina,0.2086698,1.0205102,0.95331866,0,0.0032420671,1.0086472
7204,158,697,99,1gij_2PU_A_501,4,gnina,0.57634949,1.019031,2.4355142,0,0,4.8155066
7205,158,12424,1774,5iav_MLI_B_302,6,smina,0.20844476,1.0179021,0.97066611,0,0.39216844,0.68787072
7206,158,4843,691,2nz5_226_A_432,6,smina,0.20728621,1.0170838,0.87087548,0,1.1578051e-05,0.93645764
7207,158,17639,2519,6yaw_P9H_A_301,6,smina,0.39721498,1.0167176,1.8675752,0,0.21424433,12.679154
7208,158,2561,365,1sjc_SMG_A_1000,6,smina,0.33437272,1.0155632,1.6920705,0,0.55398552,3.4633164
7209,158,10100,1442,4uc9_ASP_C_1300,6,smina,0.22481512,1.0133067,1.06198,0,0.49024924,3.9056701
7210,158,2568,366,1sjc_SMG_B_1100,6,smina,0.32626845,1.0130645,1.7104853,0,0.95542855,3.1281386
7211,158,5074,724,2qb3_PMP_A_700,6,smina,0.23918403,1.011182,1.1580336,0,0.9925727,3.3675375
7212,158,8658,1236,4i02_CMP_B_301,6,smina,0.46679245,1.0105424,2.0871592,0,0,3.569568
7213,158,17023,2431,6s9g_L1Q_A_306,6,smina,0.24196052,1.0105342,1.1826675,0,0.0018887934,1.3049235
7214,158,6005,857,2z6j_TUI_A_501,6,smina,0.47332431,1.0094589,2.1106279,0,3.9338088e-09,14.322136
7215,158,16540,2362,6pmv_M16_B_803,6,smina,0.28934556,1.0086557,1.4803349,0,0,2.9239925
7216,158,12662,1808,5j61_A3G_C_501,6,smina,0.55353822,1.0075824,2.5133872,0,0.21707787,5.7861972
7217,158,17499,2499,6vmz_R3P_A_404,6,smina,0.43580928,1.0069451,2.0508928,0,0,2.3433546
7218,158,11360,1622,5d41_57N_A_1103,6,smina,0.29809644,1.0068538,1.6846102,0,0,6.170982
7219,158,5900,842,2ynf_WHU_A_1563,6,smina,0.29809644,1.0065136,1.6877394,0,0,8.0489161
7220,158,5221,745,2qx4_ML1_B_233,6,smina,0.24439147,1.0053855,1.2527493,0,0,1.9407206
7221,158,11542,1648,5dz2_212_A_404,6,smina,0.28127617,1.0050741,1.4556601,0,0,1.6434141
7222,159,13196,1885,5nnw_GCS_D_302,1,unimol,0.62086355,1.124376,1.7135911,0,0,18.42
7223,159,7363,1051,4ajj_88S_A_1332,6,smina,0.43336514,1.1175062,1.03774,0,0,2.7196409
7224,159,11094,1584,5av2_KMP_A_300,6,smina,0.46612362,1.0983388,1.2809185,0,0,1.5871664
7225,159,11339,1619,5cpn_531_B_401,6,smina,0.4661474,1.0828007,1.4052236,0,0,1.8139374
7226,159,741,105,1gsi_TMP_A_1210,6,smina,0.55837761,1.0816152,1.8028915,0,0,5.1408372
7227,159,15861,2265,6l17_E2X_A_401,6,smina,0.65194126,1.0783625,2.4231422,0,0,3.4691211
7228,159,14335,2047,5y8k_SER_B_301,6,smina,0.39244006,1.0722754,1.238993,0,1.988193e-05,0.73400011
7229,159,13439,1919,5t6b_TMP_C_503,6,smina,0.40660845,1.0657115,1.4135565,0,0,5.2737974
7230,159,13656,1950,5u8z_83D_D_602,6,smina,0.28426938,1.0590478,1.1019751,0,0,4.0030824
7231,159,2666,380,1tf8_TRP_A_911,6,smina,0.39375613,1.0559698,1.3779054,0,1.4263143e-05,1.3697281
7232,159,5319,759,2ri1_GLP_B_234,6,smina,0.23550391,1.0510013,0.82707465,0,0.03554256,1.7268202
7233,159,4281,611,2fr6_CTN_D_1004,4,gnina,0.62136608,1.0507301,2.4077923,0,0.99439649,4.3309865
7234,159,4274,610,2fr6_CTN_C_1003,4,gnina,0.62094347,1.0495895,2.4077923,0,0.99602181,3.5172357
7235,159,13642,1948,5u8z_83D_B_602,6,smina,0.28426934,1.0494714,1.1019751,0,0,2.4209059
7236,159,9505,1357,4nir_6DH_A_307,6,smina,0.24888096,1.0481249,0.96595442,0,0,1.8111277
7237,159,13649,1949,5u8z_83D_C_602,6,smina,0.28426935,1.0477377,1.1166443,0,0,2.0100302
7238,159,7370,1052,4ajj_88S_B_1332,6,smina,0.25248499,1.046734,1.00317,0,0,2.6745498
7239,159,6115,873,2zuw_NDG_B_4002,4,gnina,0.85096099,1.04621,3.6912301,0,0.0023379972,10.05747
7240,159,6101,871,2zut_A2G_A_4001,4,gnina,0.85957992,1.0452909,3.7267625,0,0.97535299,10.262783
7241,159,16813,2401,6r5o_BGC_A_802,6,smina,0.18975147,1.042204,0.79352868,0,6.2702144e-07,0.92217549
7242,159,4267,609,2fr6_CTN_A_1001,4,gnina,0.61247637,1.0416319,2.3994348,0,0.99356474,3.7137573
7243,159,14146,2020,5x5d_UMP_A_401,6,smina,0.29372674,1.0388044,1.3940885,0,0,2.6818153
7244,159,14328,2046,5y8k_SER_A_301,6,smina,0.18969187,1.0385222,0.79352868,0,1.844563e-05,0.79308025
7245,159,7818,1116,4clo_XP0_B_1270,6,smina,0.47132583,1.0362972,1.8289087,0,0,2.7529625
7246,159,14839,2119,6b5k_TYD_B_304,6,smina,0.52168793,1.0358212,2.1520302,0,0,5.0150355
7247,159,7378,1054,4ajj_88S_D_1332,0,surfdock,0.53249366,1.0358005,2.1693294,0,0.96835044,3.4454768
7248,159,14160,2022,5x5d_UMP_E_401,6,smina,0.29330272,1.0348839,1.4218887,0,0,3.8792581
7249,159,7377,1053,4ajj_88S_C_1334,6,smina,0.24494143,1.0342523,1.00317,0,0,2.6760738
7250,159,412,58,1e2j_THM_B_500,6,smina,0.48473171,1.0328208,2.0844343,0,0,1.6919153
7251,159,3044,434,1w1a_NDG_1_1261,6,smina,0.18974887,1.032735,0.8623969,0,4.5442916e-06,1.230873
7252,159,4283,611,2fr6_CTN_D_1004,6,smina,0.29826632,1.0326018,1.4996598,0,0,2.6765682
7253,159,4276,610,2fr6_CTN_C_1003,6,smina,0.29811152,1.0322261,1.4996598,0,0,2.669621
7254,159,14832,2118,6b5k_TYD_A_304,6,smina,0.51926779,1.0316125,2.1795022,0,0,4.938743
7255,159,4269,609,2fr6_CTN_A_1001,6,smina,0.29501007,1.0278902,1.4916359,0,0,2.6647211
7256,159,12074,1724,5gnx_BGC_B_503,6,smina,0.1896911,1.0274116,0.83656973,0,0.00023209025,0.88586054
7257,159,7384,1054,4ajj_88S_D_1332,6,smina,0.22713757,1.0256214,1.00317,0,0,2.8327308
7258,159,9414,1344,4n36_2F8_C_401,6,smina,0.1896911,1.0243503,0.85985327,0,0.91756857,1.4557807
7259,159,9512,1358,4nir_6DH_A_308,6,smina,0.19004877,1.023384,0.94142753,0,0,2.1243048
7260,159,160,22,1bcs_ARG_A_426,6,smina,0.39374306,1.022971,1.6602044,0,3.0732203e-09,3.2245066
7261,159,13215,1887,5nuk_Z80_A_201,6,smina,0.24748069,1.0228879,1.1216846,0,0,2.5584537
7262,159,1126,160,1hsb_ALA_A_1001,6,smina,0.39373764,1.0219678,1.6648108,0,9.0514476e-09,4.3846752
7263,159,12480,1782,5ijz_AKG_D_502,6,smina,0.29798517,1.0210407,1.5934502,0,0.00075522284,1.4844275
7264,159,2449,349,1rnd_DGP_A_126,6,smina,0.47294974,1.0176951,2.0160174,0,0,3.3762173
7265,159,4969,709,2pin_LEG_B_502,6,smina,0.28426937,1.0176629,1.3655978,0,0,2.154753
7266,159,15623,2231,6ijp_IMP_A_402,6,smina,0.47132583,1.0168015,2.01262,0,0,4.7288918
7267,159,692,98,1gck_PLP_B_913,6,smina,0.28426938,1.0152973,1.4624648,0,1.6960941e-11,11.69531
7268,159,15714,2244,6jws_PT1_A_801,6,smina,0.80299767,1.015295,4.0005984,0,0,4.273807
7269,159,10632,1518,4z69_DIF_A_1008,6,smina,0.47132583,1.0146783,2.0332239,0,0,3.5987774
7270,159,14111,2015,5x23_LSN_A_503,6,smina,0.48085214,1.0146229,2.0602822,0,0,9.1167897
7271,159,7223,1031,3zyx_MBT_A_601,6,smina,0.46602582,1.0142215,2.0094674,0,0,1.6935999
7272,160,7599,1085,4bvh_OCZ_A_1393,4,gnina,0.53619951,1.0614267,1.9236374,0,0.99762243,3.048011
7273,160,8112,1158,4do1_ANN_C_502,6,smina,0.23501809,1.0483828,0.99488676,0,0,1.06954
7274,160,8098,1156,4do1_ANN_A_502,6,smina,0.23482107,1.047448,0.99488676,0,0,0.95885696
7275,160,3513,501,1zmt_RNO_A_1002,6,smina,0.19869094,1.0459196,0.79388279,0,0,1.117568
7276,160,17240,2462,6tbx_N0Z_C_303,6,smina,0.24761603,1.0446141,1.0714346,0,0,0.88202013
7277,160,3520,502,1zmt_RNO_D_1004,6,smina,0.19868658,1.0399598,0.79388279,0,0,1.1452736
7278,160,5907,843,2yp6_C6W_B_1186,6,smina,0.31416813,1.0390484,1.4856588,0,0,4.176141
7279,160,6152,878,2zyv_NPO_X_1601,6,smina,0.1986871,1.0361819,0.85929108,0,0,0.71212748
7280,160,4864,694,2o1o_RIS_B_400,6,smina,0.41777804,1.0345355,1.7371768,0,0,2.3139808
7281,160,9848,1406,4qya_LU2_A_201,6,smina,0.23409104,1.0342281,1.0688275,0,4.8022599e-08,2.2593974
7282,160,4024,574,2d3n_GLC_A_608,6,smina,0.19849276,1.0332864,0.81964213,0,5.8077887e-07,0.82139278
7283,160,4745,677,2no7_LDC_B_401,6,smina,0.27119024,1.0308031,1.2728643,0,0,1.9244055
7284,160,2559,365,1sjc_SMG_A_1000,4,gnina,0.84361926,1.0245048,3.9789677,0,0.22523458,5.0078313
7285,160,5060,722,2qab_EI1_A_1,6,smina,0.44997715,1.0223884,1.9358721,0,0,2.7598091
7286,160,15070,2152,6f2b_AKG_C_402,6,smina,0.24489617,1.0189986,1.263592,0,0.62510664,1.8287492
7287,160,16302,2328,6nnp_G6P_A_502,6,smina,0.2304266,1.0187134,1.1457206,0,0.97290531,1.5975092
7288,160,6642,948,3v8n_5NB_A_301,6,smina,0.26055087,1.0184352,1.3278391,0,0,2.3059591
7289,160,12151,1735,5h5k_C5P_B_203,6,smina,0.36655574,1.016985,1.7531238,0,0,3.7188353
7290,160,14783,2111,6ald_2FP_A_700,6,smina,0.30060827,1.0165432,1.6070524,0,0,4.4303482
7291,160,14790,2112,6ald_2FP_B_700,6,smina,0.30060827,1.0165432,1.6070524,0,1.7238832e-05,4.0655429
7292,160,2239,319,1pr0_NOS_A_1245,6,smina,0.30060827,1.0155334,1.6161076,0,0.98143408,2.2498082
7293,160,2680,382,1thc_FL9_A_130,6,smina,0.19868658,1.0150292,0.96925604,0,4.8664819e-08,3.3100496
7294,160,17149,2449,6t02_M5E_A_602,6,smina,0.1986835,1.0131405,0.9820537,0,0.00019510753,0.94069456
7295,160,11533,1647,5dw3_TRP_D_402,4,gnina,0.55966085,1.0129868,2.4281058,0,0.46244041,4.56931
7296,160,5249,749,2r0g_7CK_B_1357,6,smina,0.57993207,1.0125034,2.4882641,0,0.98357916,3.656693
7297,160,11519,1645,5dw3_TRP_B_402,4,gnina,0.55966085,1.0122778,2.4355187,0,0.065077692,4.8621396
7298,160,2174,310,1p7l_PPK_D_884,4,gnina,0.47340985,1.0113562,2.1059759,0,0.0035126094,5.3895675
7299,160,5242,748,2r0g_7CK_A_1355,6,smina,0.57867425,1.0113446,2.4969099,0,0.98073989,2.83811
7300,161,10476,1496,4xti_IMP_B_601,4,gnina,0.71562448,1.132972,2.1543357,0,0.926246,4.20236
7301,161,10469,1495,4xti_IMP_A_601,4,gnina,0.71403231,1.1325011,2.1543357,0,0.93205912,4.5787503
7302,161,13719,1959,5uim_TYD_B_403,6,smina,0.27217089,1.0915395,0.81858313,0,0,5.9919228
7303,161,14188,2026,5xdt_ZI7_A_403,6,smina,0.25397987,1.0855243,0.79416609,0,0,6.1926315
7304,161,14489,2069,5ykt_PMP_A_501,6,smina,0.24918653,1.0836011,0.79416609,0,0.96964837,2.9539541
7305,161,14496,2070,5ykt_PMP_B_501,6,smina,0.24641432,1.0818152,0.79416609,0,0.96930818,2.5989148
7306,161,5361,765,2uuj_896_B_1250,6,smina,0.29999272,1.0780962,1.1045779,0,0,5.4621169
7307,161,15621,2231,6ijp_IMP_A_402,4,gnina,0.53808188,1.0753075,1.7924041,0,0.98717209,4.7702717
7308,161,1105,157,1hot_16G_A_269,6,smina,0.29994231,1.0703777,1.0801876,0,3.6810302e-08,2.971019
7309,161,14237,2033,5xmq_PLG_B_501,6,smina,0.29998857,1.069013,1.1007749,0,0.98007759,4.8560931
7310,161,573,81,1fs5_16G_B_2267,6,smina,0.29735633,1.0689202,1.0801876,0,1.2081998e-07,2.9028297
7311,161,13278,1896,5o4k_9KE_A_405,6,smina,0.28262283,1.0669677,1.0171529,0,0,3.6482212
7312,161,14228,2032,5xj7_87O_A_309,4,gnina,0.70775278,1.0648592,2.796649,0,0.85377942,6.8989222
7313,161,3534,504,1zoy_UQ1_B_1201,6,smina,0.23496297,1.0623865,0.8884216,0,0,1.9748815
7314,161,11878,1696,5fkl_TDC_A_222,6,smina,0.29999272,1.0618686,1.2308369,0,0,3.492366
7315,161,15385,2197,6gck_EUB_A_302,6,smina,0.26976979,1.0587132,1.0485479,0,0,2.778861
7316,161,15399,2199,6gck_EUB_C_302,6,smina,0.26600786,1.0576542,1.0423815,0,0,2.8365009
7317,161,7048,1006,3wsg_CIT_F_302,6,smina,0.26188192,1.0552669,1.0412905,0,0.81738388,1.5036927
7318,161,566,80,1fs5_16G_A_1267,6,smina,0.26468511,1.0519595,1.0801876,0,5.5937244e-08,2.6789855
7319,161,15392,2198,6gck_EUB_B_302,6,smina,0.26356629,1.0494859,1.0922365,0,0,2.7967046
7320,161,7020,1002,3wsg_CIT_B_302,6,smina,0.25836886,1.0486163,1.0845585,0,0.13855452,1.7255237
7321,161,2237,319,1pr0_NOS_A_1245,4,gnina,0.85314917,1.0483281,3.6981585,0,0.98120033,3.057119
7322,161,11955,1707,5fwd_GJV_A_1446,6,smina,0.45275201,1.0465122,1.7207749,0,0.96969867,6.0070987
7323,161,4808,686,2ntk_IMP_D_208,6,smina,0.29999272,1.0463931,1.3562547,0,0,7.818897
7324,161,4668,666,2j5b_TYE_A_1336,6,smina,0.22287806,1.0457305,0.92486167,0,0,1.4058195
7325,161,2484,354,1s1f_PIM_A_431,6,smina,0.19850918,1.0448618,0.79416609,0,0,0.71466821
7326,161,4794,684,2ntk_IMP_A_205,6,smina,0.29999272,1.040853,1.4023983,0,0,4.5275415
7327,161,12711,1815,5je5_AZ9_A_302,6,smina,0.19850109,1.0401911,0.79416609,0,0,1.254121
7328,161,15602,2228,6i4b_ORO_B_602,6,smina,0.19837274,1.0396416,0.79416609,0,0,0.82380405
7329,161,6733,961,3vnm_SDD_B_301,6,smina,0.24526195,1.0392494,1.109327,0,0.39314566,1.7384961
7330,161,11073,1581,5ahn_IMP_A_1468,6,smina,0.2340258,1.0360011,1.0576643,0,0,3.4109858
7331,161,9008,1286,4jzx_476_B_402,6,smina,0.29999272,1.034691,1.4545217,0,0,4.1205454
7332,161,7027,1003,3wsg_CIT_C_302,6,smina,0.23225281,1.0296782,1.0845585,0,0.11439658,1.4665319
7333,161,14942,2134,6cgn_DA_A_801,4,gnina,0.38392697,1.026451,1.7687373,0,0.17996551,4.0108665
7334,161,13185,1883,5nh9_XLS_D_504,4,gnina,0.65668978,1.0233257,2.9964159,0,0.27597213,4.439246
7335,161,16181,2311,6ncx_ADA_D_601,4,gnina,0.53870983,1.0219919,2.304539,0,0.00105751,7.4967684
7336,161,16174,2310,6ncx_ADA_B_601,4,gnina,0.53835781,1.0217599,2.304539,0,0.00091774808,6.4617554
7337,161,202,28,1c3s_SHH_A_952,6,smina,0.24626385,1.021652,1.2551036,0,4.3502039e-05,4.815063
7338,161,1880,268,1mvc_BM6_A_200,4,gnina,0.62564141,1.0216473,2.7283638,0,0.99609982,6.263078
7339,161,4801,685,2ntk_IMP_B_206,6,smina,0.28826281,1.0216168,1.4245696,0,0,3.6523549
7340,161,97,13,1amq_PMP_A_413,6,smina,0.29999272,1.0199265,1.5829548,0,0.11163794,2.121488
7341,161,14720,2102,6a2n_UMP_B_703,6,smina,0.45883528,1.0194978,1.9879067,0,0,2.8174872
7342,161,14713,2101,6a2n_UMP_A_703,6,smina,0.45938316,1.0184558,2.0002038,0,0,3.1104539
7343,161,16491,2355,6p9t_O5D_A_307,6,smina,0.3070722,1.0184048,1.6684164,0,2.0627904e-09,7.8995774
7344,161,16167,2309,6ncx_ADA_A_601,4,gnina,0.53851796,1.0173246,2.3508937,0,0.00069010586,6.3786462
7345,161,15224,2174,6fld_NAG_A_601,6,smina,0.19850925,1.0163928,1.0232282,0,1.8113933e-07,1.5330317
7346,161,13257,1893,5o4j_9KH_B_302,6,smina,0.19854468,1.0158063,1.0470134,0,0,1.4752664
7347,161,13264,1894,5o4j_9KH_C_302,6,smina,0.1985269,1.0152741,1.0470134,0,0,1.0772731
7348,161,9218,1316,4luu_BTM_A_704,6,smina,0.19849977,1.0148853,0.98643619,0,0,1.4717148
7349,161,55,7,1aia_PMP_A_411,6,smina,0.26677081,1.0144884,1.3949398,0,0.95587966,2.3191766
7350,162,15068,2152,6f2b_AKG_C_402,4,gnina,0.80210772,1.0571698,3.274051,0,1.6155747e-09,5.6617854
7351,162,1196,170,1iri_E4P_D_604,6,smina,0.34811011,1.0567734,1.3990923,0,0.98105833,1.4101371
7352,162,1189,169,1iri_E4P_C_603,6,smina,0.34392677,1.0561323,1.3990923,0,0.69132489,1.4753856
7353,162,13845,1977,5v31_ARG_A_401,6,smina,0.19787687,1.0501362,0.79562628,0,9.7121824e-06,2.4792369
7354,162,7538,1076,4bdr_CYS_B_804,6,smina,0.19787685,1.0469615,0.79562628,0,0,0.58652525
7355,162,53,7,1aia_PMP_A_411,4,gnina,0.84989653,1.0390526,3.809196,0,0.95144949,3.2216116
7356,162,17093,2441,6sxr_KHP_A_513,6,smina,0.29829651,1.0370467,1.4383328,0,0,2.5655863
7357,162,14538,2076,5z54_0HZ_B_303,6,smina,0.29829651,1.0357442,1.4493853,0,0,2.1504002
7358,162,15362,2194,6fw0_E92_B_602,4,gnina,0.57701692,1.0289708,2.2985647,0,0.9910779,5.1107774
7359,162,6789,969,3vqe_FMQ_B_306,6,smina,0.23460612,1.0283036,1.1827216,0,0,1.3916967
7360,162,10471,1495,4xti_IMP_A_601,6,smina,0.41471853,1.0267077,1.8218044,0,0,3.1004828
7361,162,4430,632,2gx5_PCG_C_514,6,smina,0.22284686,1.0263514,1.1069295,0,0,3.2264236
7362,162,10478,1496,4xti_IMP_B_601,6,smina,0.41195738,1.0262182,1.8218044,0,0,5.5455437
7363,162,17079,2439,6sxr_KHP_A_506,6,smina,0.25751331,1.025376,1.2850776,0,0,2.3068654
7364,162,14123,2017,5x2m_GLN_A_951,4,gnina,0.69685916,1.0235883,3.2325044,0,0.68679809,8.7067265
7365,162,10359,1479,4wua_3UL_A_701,6,smina,0.29129524,1.0178757,1.4755054,0,0,4.3577074
7366,162,10357,1479,4wua_3UL_A_701,4,gnina,0.62643497,1.0173584,2.9546363,0,0,4.0667252
7367,162,3086,440,1w55_GPP_A_1374,6,smina,0.22727083,1.0167916,1.1984118,0,0,4.451287
7368,162,7496,1070,4b5v_E8U_A_1253,6,smina,0.19877947,1.0158571,1.0930687,0,0.00117252,1.7121663
7369,162,14531,2075,5z54_0HZ_A_303,6,smina,0.26913184,1.0139471,1.4233781,0,0,2.1459679
7370,162,15896,2270,6l86_LMR_B_303,6,smina,0.19779654,1.0136784,1.0324528,0,0.0029716466,1.2834855
7371,162,7944,1134,4d06_NAR_A_301,6,smina,0.29829651,1.0087669,1.687206,0,0,2.6475995
7372,162,6873,981,3w8x_FTK_B_601,6,smina,0.19790015,1.0073154,1.1485714,0,1.4587125e-08,2.9566701
7373,162,14300,2042,5xz7_F6P_A_407,6,smina,0.19855706,1.0067945,1.1648146,0,0.95519279,3.0742569
7374,162,6866,980,3w8x_FTK_A_601,6,smina,0.19787994,1.0045503,1.167026,0,0.0018548253,2.5460017
7375,162,16041,2291,6mpa_NAG_B_502,4,gnina,0.38770222,1.0036375,2.0095861,0,7.807765e-05,3.0166562
7376,162,10940,1562,5a7p_6Z1_B_1361,6,smina,0.23448746,1.0018707,1.3970829,0,0,3.9187856
7377,162,9260,1322,4m2c_DAR_C_402,6,smina,0.23321866,1.0016159,1.3603119,0,0.17925047,1.6356111
7378,162,4626,660,2ixi_TYD_A_1182,6,smina,0.29829651,1.0013956,1.7552872,0,0,5.3923737
7379,162,12137,1733,5h24_LQG_B_501,6,smina,0.27034126,1.0005411,1.5447124,0,0,3.4969864
7380,162,4766,680,2npq_BOG_A_2000,6,smina,0.32610962,1.0004722,1.8430794,0,0,5.0141041
7381,162,4423,631,2gue_NAG_B_122,6,smina,0.20751912,0.99869034,1.2512091,0,0.0043058003,1.1976927
7382,162,7592,1084,4bux_F35_A_2166,4,gnina,0.67363368,0.99775102,3.4071205,0,0.92382908,4.3597016
7383,162,1651,235,1ldo_SNR_A_150,6,smina,0.19787685,0.99618228,1.1940063,0,0,1.8512103
7384,162,14454,2064,5ybq_8T0_B_303,6,smina,0.29829651,0.99539872,1.8117094,0,0,4.1578568
7385,162,1553,221,1km6_OMP_A_2001,6,smina,0.28980843,0.99380277,1.6757116,0,0.60637307,4.7240834
7386,162,8252,1178,4e9z_651_A_301,6,smina,0.25563763,0.99364353,1.5557501,0,0,1.7412289
7387,162,2400,342,1r4f_AD3_B_330,6,smina,0.19793556,0.99126601,1.2879058,0,0,3.2074574
7388,162,2589,369,1syf_THP_A_180,6,smina,0.3089811,0.990578,1.9300776,0,0,4.2474479
7389,162,6243,891,3qt8_FM0_A_328,6,smina,0.23421661,0.98955025,1.5003657,0,0.90288506,3.4019101
7390,162,13299,1899,5ocm_9RH_C_302,6,smina,0.19974491,0.98946771,1.3168564,0,0,1.0257525
7391,162,370,52,1dpm_EBP_B_902,6,smina,0.25244466,0.98891709,1.5850139,0,0.000157394,2.1033397
7392,162,3961,565,2caq_GSH_A_1208,6,smina,0.19789788,0.9864657,1.323823,0,3.0575157e-05,4.5305029
7393,162,17205,2457,6t5p_VD8_A_302,6,smina,0.32009998,0.98589084,1.9808259,0,0.98963038,2.0504304
7394,162,1194,170,1iri_E4P_D_604,4,gnina,0.6620714,0.98350753,3.5056202,0,0.88063136,6.3422433
7395,162,17203,2457,6t5p_VD8_A_302,4,gnina,0.6475341,0.9827348,3.4752724,0,0.98868421,3.611427
7396,162,1187,169,1iri_E4P_C_603,4,gnina,0.6605717,0.98266827,3.5056202,0,0.323562,6.4945659
7397,162,8756,1250,4i6w_1CO_A_501,6,smina,0.19786978,0.98256864,1.2934992,0,0.3689567,1.1555603
7398,162,17667,2523,6zac_QDE_A_4000,6,smina,0.46009748,0.98174734,2.3796446,0,0,4.7902657
7399,162,14132,2018,5x2m_GLN_B_951,6,smina,0.23349882,0.98130831,1.5533539,0,0,1.3858067
7400,163,9104,1300,4l1x_STR_A_402,4,gnina,0.57846003,1.0500162,2.0917807,0,7.4621985e-07,2.6328463
7401,163,2106,300,1om5_INE_B_791,6,smina,0.1931344,1.0488041,0.79603696,0,9.2685945e-06,0.98874702
7402,163,6538,934,3tyn_CXW_A_800,0,surfdock,0.53381648,1.0421702,2.0617173,0,0,3.9236538
7403,163,6545,935,3tyn_CXW_B_800,0,surfdock,0.53381648,1.0421702,2.0617173,0,0,3.8819488
7404,163,4822,688,2nu7_COA_B_1325,6,smina,0.31279935,1.0259572,1.6081873,0,1.9962582e-06,4.1115283
7405,163,13565,1937,5tlg_7EG_B_601,6,smina,0.47226711,1.01656,2.0716329,0,0,3.3297661
7406,163,15014,2144,6dyt_F0G_A_503,6,smina,0.4065084,1.0148402,1.9325229,0,2.3928733e-06,3.4412912
7407,163,7473,1067,4b1f_KRH_A_1256,4,gnina,0.63451982,1.003179,3.1881723,0,4.0960437e-06,6.8158612
7408,163,15586,2226,6i4b_E2N_B_603,4,gnina,0.57366975,1.0026493,2.556776,0,0.044683861,4.3706793
7409,163,15588,2226,6i4b_E2N_B_603,6,smina,0.21434266,0.99934353,1.2852356,0,0,5.0173728
7410,163,3548,506,1zpd_CIT_E_610,6,smina,0.2372546,0.9972468,1.4864544,0,0.035783236,2.1702433
7411,163,15833,2261,6krs_CIT_I_301,6,smina,0.29546898,0.99549907,1.718881,0,0.81477041,1.5939465
7412,163,15826,2260,6krs_CIT_H_301,6,smina,0.29541914,0.99279693,1.7429782,0,0.79381223,1.6648055
7413,163,9776,1396,4q3a_2YC_D_904,4,gnina,0.71757448,0.99239502,3.6546478,0,0.9687919,4.8185938
7414,163,9253,1321,4lz7_GLU_A_802,6,smina,0.19589225,0.99196766,1.2667695,0,5.3198566e-09,1.7286243
7415,163,9769,1395,4q3a_2YC_C_904,4,gnina,0.71021146,0.9900319,3.6609864,0,0.94567573,5.7529853
7416,163,4535,647,2i1v_FDP_B_710,6,smina,0.29773482,0.98778166,1.89411,0,6.93364e-05,3.0237794
7417,163,9111,1301,4l1x_STR_B_402,4,gnina,0.3883795,0.98404084,2.1173778,0,0.006287124,3.9720615
7418,163,7594,1084,4bux_F35_A_2166,6,smina,0.4220513,0.98268001,2.2647882,0,0,3.5803534
7419,163,17196,2456,6t10_M6Z_B_601,4,gnina,0.3883795,0.98214422,2.1366739,0,2.2701391e-10,4.6143395
7420,163,12361,1765,5i5t_67X_B_402,6,smina,0.2335824,0.98119824,1.6148082,0,0.95594087,1.2734369
7421,163,4150,592,2exs_TRP_B_2100,6,smina,0.21476773,0.9809384,1.4552114,0,2.8800246e-11,2.5043364
7422,163,4148,592,2exs_TRP_B_2100,4,gnina,0.57338801,0.97844681,2.8147848,0,0,3.0875896
7423,163,2127,303,1oxp_IK2_A_411,6,smina,0.25662731,0.97761725,1.7233943,0,6.5273528e-07,3.9309324
7424,163,11281,1611,5cga_KP6_E_301,4,gnina,0.59631601,0.97686635,2.8898873,0,0.91174818,3.7911878
7425,163,17268,2466,6tgi_N8Z_B_508,6,smina,0.23548885,0.97573898,1.6787052,0,0,1.6471059
7426,163,9309,1329,4mig_G3F_A_802,6,smina,0.2304736,0.97470178,1.6132416,0,0.00043361116,0.98683643
7427,163,3541,505,1zpd_CIT_A_610,6,smina,0.20335477,0.97441395,1.4864544,0,0.30172994,1.5015098
7428,163,17261,2465,6tgi_N8Z_A_508,6,smina,0.2351939,0.97232949,1.7098242,0,0,1.6488109
7429,163,27,3,1a49_OXL_F_4133,6,smina,0.2613704,0.9713841,1.7962165,0,2.3377895e-05,0.71893951
7430,163,5487,783,2vlf_PLI_B_1459,6,smina,0.29773482,0.97096375,2.0612397,0,2.3826586e-06,5.3132217
7431,163,7482,1068,4b1f_KRH_B_1257,6,smina,0.46035565,0.97030857,2.5096419,0,0,9.8997133
7432,163,6502,928,3tky_N7I_B_369,6,smina,0.19440587,0.96920697,1.4454974,0,0,1.6030688
7433,163,3177,453,1x7j_GEN_A_201,6,smina,0.23358443,0.9691703,1.7293139,0,0,2.7875463
7434,163,13178,1882,5nh9_XLS_B_503,4,gnina,0.61918187,0.96906302,3.2221615,0,0.23787657,7.1078901
7435,163,17492,2498,6vmz_NAG_C_402,6,smina,0.19593629,0.96877074,1.5182807,0,1.0292973e-10,1.4847697
7436,163,17338,2476,6tt4_FT8_B_711,6,smina,0.3763111,0.96738572,2.2512143,0,0,6.9518653
7437,163,5067,723,2qab_EI1_B_1,6,smina,0.25889329,0.96732563,1.8273356,0,0,2.7569515
7438,163,10891,1555,4zvz_4TF_D_503,6,smina,0.32840865,0.96696026,2.1824477,0,0.43304494,2.3491246
7439,163,15413,2201,6gl4_GLU_B_301,6,smina,0.19589225,0.96532814,1.5031276,0,2.4383845e-05,2.1282445
7440,163,14090,2012,5wgw_MB5_A_715,6,smina,0.21682576,0.96531764,1.6068687,0,0,1.888515
7441,163,9323,1331,4mig_G3F_C_802,6,smina,0.23017452,0.96436888,1.7085901,0,0.00042972899,1.0247725
7442,163,3261,465,1xny_BTN_B_5602,6,smina,0.26748628,0.96417844,1.8933914,0,0,2.2629108
7443,163,12487,1783,5ijz_AKG_E_502,6,smina,0.29259983,0.96365868,1.9813994,0,0.37438243,1.3169933
7444,163,11605,1657,5edh_5MF_C_803,6,smina,0.47392385,0.96236146,2.6459563,0,0,5.6690208
7445,163,14795,2113,6auq_BYJ_A_803,4,gnina,0.54539543,0.96224321,2.9475949,0,9.6432322e-05,4.904144
7446,163,7284,1040,4a8p_PAO_A_1340,4,gnina,0.63057056,0.96156103,3.6783462,0,0.99657982,7.2479707
7447,163,6474,924,3t3q_9PL_D_501,6,smina,0.29772461,0.96052922,2.0834558,0,0,1.5679793
7448,163,3254,464,1xny_BTN_A_5602,6,smina,0.24696222,0.9601685,1.8591595,0,0,2.3500059
7449,163,14069,2009,5wgr_PM7_A_712,6,smina,0.19589402,0.95892666,1.6030352,0,0,1.3036054
7450,164,9295,1327,4ma8_Z80_C_301,6,smina,0.22069556,1.069644,0.83331656,0,0,2.3902081
7451,164,14083,2011,5wgv_PM7_A_713,6,smina,0.19449236,1.0434489,0.9259339,0,0,1.2614784
7452,164,5508,786,2vmw_PLP_A_501,6,smina,0.29654221,1.0346473,1.4768296,0,1.8867364e-06,6.2609713
7453,164,62,8,1aia_PMP_B_411,6,smina,0.26087547,1.0271128,1.3143852,0,0.00028166046,2.1406798
7454,164,5550,792,2w7k_PLP_A_501,6,smina,0.25785438,1.0264609,1.3143703,0,4.3136047e-05,7.313946
7455,164,14235,2033,5xmq_PLG_B_501,4,gnina,0.847421,1.0243116,3.9271355,0,0.98032854,5.6334016
7456,164,209,29,1c9c_PP3_A_413,6,smina,0.29654221,1.0211069,1.5945262,0,0.91724237,3.7588031
7457,164,14076,2010,5wgv_PM7_A_712,6,smina,0.19449014,1.0200092,1.0719409,0,0,1.9956291
7458,164,12291,1755,5htd_MYR_A_201,6,smina,0.23005428,1.0110324,1.3331987,0,0.010783164,3.914191
7459,164,14062,2008,5wgr_PM7_A_711,6,smina,0.19449014,1.0101004,1.1519629,0,0,2.4741987
7460,164,1777,253,1m3u_KPL_I_265,6,smina,0.26105944,1.0099038,1.4632055,0,0.39089578,1.1327087
7461,164,1770,252,1m3u_KPL_H_265,6,smina,0.25869644,1.0092613,1.4632055,0,0.98526252,1.2604397
7462,164,1749,249,1m3u_KPL_D_265,6,smina,0.25453343,1.0081047,1.4632055,0,0.56146987,1.1625957
7463,164,5158,736,2qim_ZEA_A_159,6,smina,0.23076456,1.0063539,1.3943816,0,4.5357142e-05,2.3404233
7464,164,1763,251,1m3u_KPL_G_265,6,smina,0.23350948,1.0019366,1.4632055,0,0.62253412,1.0040796
7465,164,944,134,1h5r_G1P_A_1294,6,smina,0.26729181,1.0015026,1.5612292,0,0.345579,1.7635483
7466,164,16316,2330,6ny7_L8J_A_303,6,smina,0.19422713,1.0006114,1.2151159,0,0.0011636268,2.6623969
7467,164,14088,2012,5wgw_MB5_A_715,4,gnina,0.43065903,1.0005155,2.0962982,0,2.5172938e-07,2.408134
7468,164,11218,1602,5c8w_PCG_A_302,4,gnina,0.63369903,0.99923122,3.2120097,0,0.99748107,3.5445683
7469,164,1742,248,1m3u_KPL_C_265,6,smina,0.23037849,0.99731049,1.4632055,0,0.96368376,1.223988
7470,164,16890,2412,6rgg_K3Q_B_402,6,smina,0.29545631,0.99706315,1.7201674,0,7.7819968e-06,4.8392919
7471,164,11232,1604,5c8w_PCG_C_302,4,gnina,0.63095921,0.99676578,3.2221081,0,0.99725159,3.3852188
7472,164,6598,942,3uud_EST_A_600,4,gnina,0.59596343,0.9954847,2.6699286,0,0.96961901,2.6971917
7473,164,6605,943,3uud_EST_B_600,4,gnina,0.59578132,0.99537102,2.6699286,0,0.99579504,2.4656049
7474,164,16566,2366,6png_OSG_A_802,4,gnina,0.63265861,0.99410611,3.2647963,0,8.5792804e-06,5.0574121
7475,164,12884,1840,5kjz_PCG_A_401,4,gnina,0.71953264,0.99355089,3.6299493,0,0,3.9011344
7476,164,16883,2411,6rgg_K3Q_A_403,6,smina,0.29654177,0.99250823,1.7826402,0,1.8063713e-06,4.4076266
7477,164,6460,922,3t3q_9PL_B_501,6,smina,0.29652527,0.99217513,1.7764139,0,0,1.9396744
7478,165,1740,248,1m3u_KPL_C_265,4,gnina,0.87998084,1.0928321,3.36816,0,0.52482113,9.1195326
7479,165,1768,252,1m3u_KPL_H_265,4,gnina,0.84901101,1.0725468,3.36816,0,0.042241716,7.7567492
7480,165,17275,2467,6to7_SUV_A_401,6,smina,0.47895958,1.0536206,1.8984755,0,0,5.8527945
7481,165,17282,2468,6to7_SUV_B_401,6,smina,0.4786909,1.0534977,1.8984755,0,0,7.5228022
7482,165,14321,2045,5y7r_58K_B_403,6,smina,0.19533657,1.0427111,0.91594052,0,0,2.4159536
7483,165,1747,249,1m3u_KPL_D_265,4,gnina,0.76964693,1.0294002,3.36816,0,0.84598873,7.1865879
7484,165,1551,221,1km6_OMP_A_2001,4,gnina,0.8730512,1.0282945,4.1262574,0,0.98694232,4.3966206
7485,165,14097,2013,5x0j_SEP_A_302,6,smina,0.19533657,1.027997,1.0289559,0,0.97571952,1.4872243
7486,165,13276,1896,5o4k_9KE_A_405,4,gnina,0.56477948,1.0258711,2.2731392,0,0.00053507212,4.5537094
7487,165,15831,2261,6krs_CIT_I_301,4,gnina,0.83238718,1.0244925,3.8311427,0,0.69429343,7.2534855
7488,165,6453,921,3t3q_9PL_A_501,6,smina,0.25485223,1.0208861,1.3659467,0,0,1.44219
7489,165,15824,2260,6krs_CIT_H_301,4,gnina,0.81661999,1.0200724,3.8307533,0,0.015114598,10.081079
7490,165,1761,251,1m3u_KPL_G_265,4,gnina,0.73515112,1.0198478,3.36816,0,0.98914215,6.9949774
7491,165,7340,1048,4adm_SRT_C_1466,4,gnina,0.54270859,1.0152855,2.355773,0,0,5.001503
7492,165,6467,923,3t3q_9PL_C_501,6,smina,0.23145529,1.0099551,1.3758535,0,0,1.4633602
7493,165,8133,1161,4dta_ADN_A_401,6,smina,0.23806645,1.0049871,1.4603573,0,5.8986343e-05,1.9154198
7494,165,2377,339,1qjc_PNS_B_1163,4,gnina,0.43136994,1.0043588,2.065779,0,0.01416753,5.1179927
7495,165,16603,2371,6ps7_ZMA_A_1201,6,smina,0.33832191,1.0021183,1.8798362,0,0,3.925518
7496,165,5228,746,2qx9_ML2_A_233,6,smina,0.19545277,1.0010712,1.2921145,0,0,1.8522765
7497,165,2022,288,1o28_UFP_A_703,6,smina,0.29689412,1.0006065,1.7819645,0,3.8763288e-06,3.3172756
7498,165,2029,289,1o28_UFP_B_708,6,smina,0.29689412,1.0006065,1.7819645,0,0.00044210494,3.2321504
7499,165,2050,292,1o29_UFP_B_808,6,smina,0.29689412,0.99700609,1.8158284,0,5.9249634e-06,3.129529
7500,165,12107,1729,5gwt_SIN_C_301,4,gnina,0.4663208,0.99624865,2.2589672,0,0.84291507,6.8288195
7501,165,6948,992,3wgc_PLG_C_401,4,gnina,0.63309953,0.99490079,3.2460237,0,0.95621872,8.2076586
7502,165,6955,993,3wgc_PLG_D_401,4,gnina,0.63023132,0.99359985,3.2460237,0,8.9902259e-06,5.3571591
7503,165,6941,991,3wgc_PLG_B_401,4,gnina,0.63651514,0.99161566,3.3177769,0,0.45592065,5.3747352
7504,165,7972,1138,4d06_X8W_B_301,6,smina,0.23222102,0.99115437,1.5675982,0,0,3.9894562
7505,165,2036,290,1o28_UFP_D_718,6,smina,0.29687963,0.99023853,1.7988454,0,0.83562159,3.3174324
7506,165,17037,2433,6si4_LEK_B_402,6,smina,0.22852885,0.99014109,1.5168103,0,0,2.3355993
7507,165,2043,291,1o29_UFP_A_803,6,smina,0.29687582,0.99011435,1.7988454,0,5.1065944e-06,3.4109066
7508,165,15532,2218,6hnz_GH5_A_301,6,smina,0.29267948,0.98936061,1.753027,0,0.97909173,4.1304928
7509,165,10994,1570,5adi_TUE_A_800,4,gnina,0.6354754,0.9888957,3.3433588,0,1.5762146e-06,4.1460885
7510,165,5786,826,2xul_AKG_D_201,4,gnina,0.3920585,0.98844296,2.1296024,0,3.360094e-09,2.5705962
7511,165,942,134,1h5r_G1P_A_1294,4,gnina,0.63478459,0.98807057,3.3429217,0,0.3542036,3.6449329
7512,165,2260,322,1pr6_XYA_A_1245,6,smina,0.28298168,0.98375105,1.7636063,0,3.0300839e-06,2.1787834
7513,165,11479,1639,5dnx_5LD_A_203,6,smina,0.22700801,0.98268895,1.5739741,0,0,1.4233637
7514,165,4913,701,2o7d_DHC_H_701,6,smina,0.29687521,0.98198319,1.8756911,0,0,1.6028237
7515,165,11486,1640,5dnx_5LD_B_201,6,smina,0.2288722,0.98152036,1.5975393,0,0,1.486944
7516,165,4899,699,2o7d_DHC_E_701,6,smina,0.29659732,0.98110897,1.8758062,0,0,1.4274719
7517,165,11976,1710,5g03_OE2_A_1263,6,smina,0.19873123,0.98085596,1.4802758,0,0.37743604,3.9694825
7518,165,14587,2083,5zg2_9C0_A_902,6,smina,0.23215529,0.97940119,1.6700224,0,0,2.3255372
7519,165,14888,2126,6bvl_EBY_B_2001,6,smina,0.29689412,0.97928017,1.9876367,0,0,10.12881
7520,165,5765,823,2xul_AKG_A_201,4,gnina,0.39205871,0.97869159,2.2356918,0,6.1139197e-08,2.1227151
7521,165,4906,700,2o7d_DHC_G_701,6,smina,0.29422984,0.9778352,1.8765005,0,0,2.0849243
7522,165,14263,2037,5xsm_8EO_A_705,4,gnina,0.71540843,0.97499083,3.8567615,0,7.8406877e-05,6.1401181
7523,165,12970,1852,5lik_W8X_X_402,6,smina,0.25017114,0.97340721,1.776737,0,0,5.0215715
7524,165,2580,368,1sjc_SMG_D_1300,4,gnina,0.71227581,0.97302034,3.8695085,0,0.51207928,5.2756784
7525,165,17539,2505,6vv9_RQ1_B_304,4,gnina,0.43742358,0.97230019,2.4638226,0,0.07095495,6.047024
7526,165,10072,1438,4u8p_UDP_A_603,6,smina,0.22287026,0.97136614,1.6674219,0,0,1.7572452
7527,165,17245,2463,6tbx_N0Z_D_302,4,gnina,0.39205847,0.97058032,2.2628765,0,0.056130628,2.5877724
7528,166,15530,2218,6hnz_GH5_A_301,4,gnina,0.95088605,1.1964468,2.5672817,0,0.97543327,4.6765815
7529,166,7648,1092,4c7g_NGO_A_1495,4,gnina,0.53607416,1.0674133,2.0111763,0,0.98097349,2.1578102
7530,166,2470,352,1rvt_NDG_H_742,6,smina,0.19455851,1.0667855,0.96364546,0,0.0012984567,1.5563775
7531,166,11918,1702,5fli_QUE_K_301,4,gnina,0.63842199,1.0394326,2.9340541,0,0.93895326,12.354475
7532,166,5529,789,2w0b_CMW_A_1450,6,smina,0.29648577,1.03855,1.5538596,0,0,5.6505537
7533,166,2169,309,1p7l_PPK_C_684,6,smina,0.23081409,1.0385467,1.3484132,0,0.014396916,1.6133406
7534,166,4564,652,2ihu_TP9_A_600,0,surfdock,0.53390092,1.0238703,2.3941364,0,0,4.6857979
7535,166,4571,653,2ihu_TP9_B_600,0,surfdock,0.53390092,1.0238703,2.3941364,0,0,4.5295123
7536,166,207,29,1c9c_PP3_A_413,4,gnina,0.8368569,1.0195792,4.0676956,0,0,4.5185593
7537,166,2176,310,1p7l_PPK_D_884,6,smina,0.19464705,1.0183508,1.3484132,0,0.013147268,1.5738157
7538,166,4304,614,2fu9_MP2_B_2410,6,smina,0.27365812,1.0175244,1.6280411,0,8.7977627e-06,4.3669546
7539,166,11913,1701,5fli_QUE_J_301,6,smina,0.29648665,1.0167897,1.8089069,0,0,2.7422374
7540,166,13726,1960,5uio_8DM_A_202,6,smina,0.29410302,1.0158666,1.7148165,0,0,2.8431535
7541,166,11899,1699,5fli_QUE_F_301,6,smina,0.29648665,1.0147754,1.8268654,0,0,3.3413852
7542,166,11885,1697,5fli_QUE_A_301,6,smina,0.29648665,1.0133355,1.8397636,0,0,2.3135126
7543,166,11892,1698,5fli_QUE_C_301,6,smina,0.29648665,1.0133355,1.8397636,0,0,2.7701989
7544,166,3618,516,2a5t_GLU_B_2002,6,smina,0.19455848,1.0102699,1.3728831,0,1.3153815e-07,1.8342831
7545,166,1922,274,1nf0_13P_B_1150,4,gnina,0.39587329,1.0099009,2.1536083,0,5.8260375e-08,2.0255284
7546,166,16379,2339,6ock_9KL_A_602,6,smina,0.23096186,1.0092548,1.5955483,0,0,2.3805742
7547,166,368,52,1dpm_EBP_B_902,4,gnina,0.49047299,1.0075971,2.507441,0,0.00014395142,3.126739
7548,166,15840,2262,6kxh_DY9_A_401,6,smina,0.29648665,1.0071208,1.8960185,0,0,1.3844764
7549,166,13922,1988,5vuu_9OJ_A_805,6,smina,0.29646629,1.0059762,1.8297566,0,6.8467562e-10,5.5378236
7550,166,1735,247,1m3u_KPL_B_265,6,smina,0.21995797,1.0041178,1.5670556,0,0.88857418,1.0973088
7551,166,11920,1702,5fli_QUE_K_301,6,smina,0.2954334,1.0034789,1.8397636,0,0,2.4693571
7552,166,11554,1650,5dzh_5KG_A_900,4,gnina,0.63636005,1.003408,3.3200345,0,0,5.4543121
7553,166,12830,1832,5kcj_GLU_A_302,6,smina,0.19455848,1.0027251,1.4353378,0,4.4607011e-07,1.6575051
7554,166,5109,729,2qd1_CHD_D_802,6,smina,0.29648665,0.99937155,1.9014537,0,0,4.5118662
7555,166,3336,476,1z11_8MO_B_501,4,gnina,0.58507395,0.99921985,2.7640588,0,0.86390692,4.9943279
7556,166,11535,1647,5dw3_TRP_D_402,6,smina,0.2769705,0.99884472,1.8014778,0,0.48326717,1.4407
7557,166,8525,1217,4h4c_10D_B_402,6,smina,0.19790692,0.99869873,1.5228261,0,0,2.1395658
7558,166,12172,1738,5h8q_GLU_A_302,6,smina,0.19455848,0.99774106,1.4773058,0,4.2929981e-07,1.6964463
7559,166,2034,290,1o28_UFP_D_718,4,gnina,0.83308611,0.99619831,4.359417,0,0.97546343,4.1035026
7560,166,3329,475,1z11_8MO_A_501,4,gnina,0.58942834,0.99615627,2.8084438,0,0.86313496,5.4470897
7561,166,16701,2385,6qde_HWW_A_503,6,smina,0.29648665,0.99512929,2.0073342,0,0,5.6812534
7562,166,11906,1700,5fli_QUE_G_301,6,smina,0.26519105,0.99434648,1.8089069,0,0,2.4298453
7563,166,15847,2263,6kxh_DY9_C_402,6,smina,0.29263316,0.99367972,1.901857,0,0,1.3307674
7564,166,8259,1179,4ea0_651_B_305,6,smina,0.22131829,0.99354663,1.6613637,0,0,2.4522011
7565,166,12158,1736,5h8f_GLU_A_302,6,smina,0.19455848,0.99345547,1.5138538,0,1.9111024e-07,1.7431801
7566,166,11367,1623,5d8u_0N8_A_203,6,smina,0.22829816,0.99340892,1.6865363,0,2.5664386e-08,3.7009423
7567,166,11234,1604,5c8w_PCG_C_302,6,smina,0.47366939,0.99329339,2.484571,0,0,2.3667202
7568,166,2244,320,1pr0_NOS_B_1246,4,gnina,0.5377639,0.9927753,2.7515688,0,0.022340558,2.7327091
7569,166,5095,727,2qca_DGP_A_200,6,smina,0.22762294,0.99174666,1.6990459,0,0,3.2484906
7570,166,2547,363,1sff_IK2_C_450,6,smina,0.35395811,0.99124055,2.1723063,0,0,5.9607764
7571,166,13794,1970,5unt_8J1_A_803,4,gnina,0.63838924,0.98856828,3.5156689,0,4.4516273e-06,5.2993163
7572,166,1313,187,1j3k_UMP_C_611,4,gnina,0.71040934,0.98850014,3.7982414,0,0.99479399,6.7147284
7573,166,1320,188,1j3k_UMP_D_711,4,gnina,0.70948598,0.98807865,3.7982414,0,0.99328345,4.7507824
7574,166,16538,2362,6pmv_M16_B_803,4,gnina,0.57075473,0.98806222,2.8482888,0,2.5545968e-06,3.6229899
7575,166,13808,1972,5unx_8F1_B_803,4,gnina,0.63376863,0.98754963,3.4923656,0,5.054284e-06,7.7350676
7576,166,13927,1989,5vuu_9OJ_B_803,4,gnina,0.49369495,0.9875239,2.722229,0,0,4.9628244
7577,166,1000,142,1h5r_THM_D_1292,6,smina,0.29459219,0.98726304,1.97949,0,0,1.8957166
7578,167,9470,1352,4ndn_PPK_A_406,6,smina,0.22067885,1.0846482,0.814439,0,0.010142655,1.6073773
7579,167,9477,1353,4ndn_PPK_C_404,6,smina,0.19267401,1.0711271,0.814439,0,0.009351784,1.6672465
7580,167,12060,1722,5g6k_M94_A_904,6,smina,0.29450192,1.0551493,1.3314728,0,0,5.3486878
7581,167,12053,1721,5g6g_H8B_A_1367,6,smina,0.22797878,1.0537742,1.0933723,0,0,3.3646475
7582,167,1733,247,1m3u_KPL_B_265,4,gnina,0.86188594,1.032474,4.0579214,0,0.93483745,14.314166
7583,167,1315,187,1j3k_UMP_C_611,6,smina,0.45218906,1.026965,1.9698993,0,0,2.797575
7584,167,1322,188,1j3k_UMP_D_711,6,smina,0.45163519,1.0267187,1.9698993,0,0,4.0207555
7585,167,14895,2127,6bxk_MTA_A_401,6,smina,0.25858769,1.0217892,1.4240787,0,7.6114155e-06,2.7316469
7586,167,11402,1628,5ddu_PMP_D_601,6,smina,0.29452575,1.0099162,1.7831086,0,0.95747374,2.8793459
7587,167,11220,1602,5c8w_PCG_A_302,6,smina,0.47182818,1.0085978,2.1941378,0,0,2.4562666
7588,167,2267,323,1pr6_XYA_B_1246,6,smina,0.2382752,1.0064909,1.5194753,0,0.11602122,2.0939666
7589,167,11127,1589,5b4o_6DQ_B_202,4,gnina,0.39974067,1.0042765,2.0833628,0,0.27767462,3.6889805
7590,167,11134,1590,5b4o_6DQ_C_201,4,gnina,0.39470839,1.0001242,2.1087649,0,0.6078156,2.0097878
7591,167,4724,674,2ji6_TPW_A_1566,6,smina,0.29450192,0.99994953,1.812878,0,0,5.9844368
7592,167,11381,1625,5ddu_PMP_A_601,6,smina,0.29381116,0.99992486,1.7275647,0,0.024633794,3.0889532
7593,167,8806,1258,4i9n_1E6_B_401,0,surfdock,0.53393234,0.99705077,2.5256968,0,0.89919613,4.0501311
7594,167,8834,1262,4i9n_1E6_H_401,0,surfdock,0.53393234,0.9969586,2.5266845,0,0.7574588,3.946664
7595,167,11395,1627,5ddu_PMP_C_601,6,smina,0.29409983,0.99659027,1.76087,0,0.96735237,3.8557775
7596,167,8820,1260,4i9n_1E6_F_401,0,surfdock,0.53393234,0.99617436,2.5350974,0,0,4.1717616
7597,167,1908,272,1ne4_RP1_A_601,4,gnina,0.47732985,0.99591082,2.4170651,0,0.91988095,3.8220049
7598,167,8791,1255,4i9n_1E5_D_402,6,smina,0.27073631,0.99492245,1.6930972,0,0,3.044092
7599,167,8813,1259,4i9n_1E6_C_401,0,surfdock,0.53393234,0.994605,2.5519905,0,0.97730695,4.0444522
7600,167,14797,2113,6auq_BYJ_A_803,6,smina,0.2124161,0.9937722,1.462315,0,3.6826273e-07,4.2376023
7601,167,11113,1587,5b4o_6DQ_A_201,4,gnina,0.3940635,0.99319081,2.1185906,0,0.64306672,2.1167686
7602,167,8827,1261,4i9n_1E6_G_401,0,surfdock,0.53393234,0.99237029,2.5761766,0,0,4.0368414
7603,167,9330,1332,4mju_27S_A_501,6,smina,0.235696,0.99057088,1.6570801,0,0.00017287432,4.3475016
7604,167,1910,272,1ne4_RP1_A_601,6,smina,0.29450192,0.98889664,1.9183053,0,0,3.5189712
7605,167,11388,1626,5ddu_PMP_B_601,6,smina,0.26192897,0.98880475,1.7275647,0,0.95153077,2.0750591
7606,167,7333,1047,4adl_LMR_D_1468,4,gnina,0.54070837,0.98412559,2.700079,0,0,6.6651585
7607,167,14837,2119,6b5k_TYD_B_304,4,gnina,0.70162916,0.98122151,3.7290227,0,2.5534735e-06,6.1204114
7608,167,7816,1116,4clo_XP0_B_1270,4,gnina,0.54070837,0.97974173,2.7494097,0,0.0088290075,4.3315694
7609,167,2820,402,1tvw_UMP_A_317,6,smina,0.23731391,0.97757446,1.7824783,0,0,3.9594605
7610,167,9533,1361,4nkw_PLO_C_601,6,smina,0.2945018,0.9769786,1.9660505,0,0,2.3893744
7611,167,7769,1109,4cld_JUO_C_1270,6,smina,0.19264478,0.97653027,1.5792009,0,0.00041674971,2.0988238
7612,167,1217,173,1itw_ICT_C_743,6,smina,0.23308402,0.97556839,1.7932674,0,2.1848661e-06,1.6626341
7613,167,11227,1603,5c8w_PCG_B_303,6,smina,0.29450192,0.97507969,2.0548117,0,0,2.5018498
7614,167,8805,1257,4i9n_1E5_H_402,6,smina,0.21953531,0.9748801,1.6955029,0,0,3.1369938
7615,167,14830,2118,6b5k_TYD_A_304,4,gnina,0.69483331,0.97309763,3.8276718,0,2.6706697e-06,6.5744906
7616,167,7762,1108,4cld_JUO_B_1270,6,smina,0.19263484,0.9728055,1.5792009,0,0.00025177489,1.7942531
7617,167,998,142,1h5r_THM_D_1292,4,gnina,0.5835376,0.97253736,2.910795,0,0.37825773,3.2867332
7618,167,1210,172,1itw_ICT_A_743,6,smina,0.22775458,0.97214936,1.7839099,0,2.0515986e-06,1.5832141
7619,167,1231,175,1iwe_IMP_B_1443,6,smina,0.22795812,0.97151074,1.8009292,0,0,3.614499
7620,167,7776,1110,4cld_JUO_D_1270,6,smina,0.18845372,0.97113578,1.5792009,0,0.00035195309,1.7184213
7621,167,1007,143,1h5r_THM_D_1293,6,smina,0.22531183,0.97082222,1.7664822,0,0,2.3876776
7622,167,977,139,1h5r_THM_B_1293,4,gnina,0.58124129,0.9691833,2.9423254,0,0.50497134,3.9880436
7623,167,4234,604,2fhn_BNI_X_501,6,smina,0.46913956,0.96690061,2.6259916,0,0,5.6245207
7624,167,1238,176,1iwe_IMP_B_1452,6,smina,0.19270945,0.96530407,1.6888913,0,0,3.8389074
7625,167,16253,2321,6nhd_KNV_B_803,6,smina,0.21426967,0.96510458,1.756094,0,0,4.8038899
7626,167,6544,934,3tyn_CXW_A_800,6,smina,0.29450192,0.9643767,2.1643367,0,0,8.0052375
7627,167,6551,935,3tyn_CXW_B_800,6,smina,0.29450192,0.9643767,2.1643367,0,0,7.7783299
7628,168,16295,2327,6nnn_G1P_A_503,6,smina,0.19141756,1.0761365,0.80202991,0,0.00096546167,1.5508023
7629,168,12550,1792,5ita_6DC_A_801,6,smina,0.47044216,1.0570326,1.7448912,0,0,8.7782151
7630,168,11393,1627,5ddu_PMP_C_601,4,gnina,0.95198121,1.0548424,3.9004264,0,0.00067841933,7.1355055
7631,168,11400,1628,5ddu_PMP_D_601,4,gnina,0.95133435,1.0534834,3.9162362,0,0.078194155,6.1923942
7632,168,11442,1634,5die_5CJ_A_601,4,gnina,0.58558278,1.0511596,2.0849202,0,0.16329875,3.9511209
7633,168,8574,1224,4hmx_WUB_A_302,6,smina,0.19150271,1.0497269,1.0122412,0,0,1.2245327
7634,168,1558,222,1knu_YPA_A_1001,4,gnina,0.63606353,1.0477588,2.6888325,0,2.0392343e-09,7.7216038
7635,168,12865,1837,5kf2_COA_A_401,6,smina,0.26007737,1.047231,1.2386127,0,0.36853679,6.520731
7636,168,5653,807,2wzv_FMN_B_801,4,gnina,0.69515903,1.0411339,2.9882793,0,0.94119692,6.6802823
7637,168,9127,1303,4l7p_M95_A_601,6,smina,0.22536183,1.0318561,1.2598851,0,0,4.4819504
7638,168,11386,1626,5ddu_PMP_B_601,4,gnina,0.83610725,1.0237677,3.8728819,0,0.08820023,6.2863712
7639,168,12310,1758,5i0d_GLC_A_1124,4,gnina,0.56591744,1.009133,2.4644771,0,7.9565379e-06,6.1677719
7640,168,1546,220,1ki2_GA2_B_2,6,smina,0.22669972,1.0034413,1.5279491,0,0,2.3894595
7641,168,4073,581,2e56_MYR_A_701,6,smina,0.22547214,1.0029916,1.5055286,0,1.1473271e-06,3.6191959
7642,168,3912,558,2c5b_5F1_B_500,6,smina,0.19141756,1.0001367,1.380228,0,0,2.8296229
7643,168,3905,557,2c5b_5F1_A_500,6,smina,0.19141756,0.99902537,1.389816,0,0,2.9454473
7644,168,13054,1864,5m5a_KSA_A_404,6,smina,0.35663771,0.99738735,1.9831873,0,0.99607813,4.6821117
7645,168,8145,1163,4dtb_GMP_A_401,4,gnina,0.39824303,0.99250614,2.1061933,0,0.98272948,3.271057
7646,168,11815,1687,5faj_DCS_D_401,6,smina,0.2917891,0.99120359,1.9001859,0,0.98276286,3.9019619
7647,168,11038,1576,5ag5_DLR_A_1422,6,smina,0.19141792,0.99022429,1.4951884,0,0,2.7050225
7648,168,9911,1415,4rii_TYD_A_401,6,smina,0.2917891,0.98992484,1.9125082,0,0,9.355648
7649,168,11449,1635,5die_5CJ_B_601,4,gnina,0.39824303,0.98974281,2.1338768,0,0.74149651,3.7127822
7650,168,4066,580,2e56_MYR_A_601,6,smina,0.19141756,0.98706587,1.5059464,0,5.8843662e-07,5.0713625
7651,168,3296,470,1y8j_STS_A_900,6,smina,0.19063183,0.98609746,1.4901434,0,0,3.0142857
7652,168,10679,1525,4zbc_FRU_B_408,4,gnina,0.39849172,0.98330966,2.2974272,0,0.00045318814,3.7980845
7653,168,11528,1646,5dw3_TRP_C_402,6,smina,0.2111979,0.9832799,1.6111941,0,0.35183236,1.5361821
7654,168,11514,1644,5dw3_TRP_A_402,6,smina,0.2111979,0.9830596,1.6132151,0,0.50745142,1.6024589
7655,168,13572,1938,5tm5_7EV_A_601,6,smina,0.2917891,0.9810217,1.999547,0,0,3.6409889
7656,169,16022,2288,6md2_GW9_A_501,6,smina,0.22651247,1.0198389,1.3890923,0,9.0758768e-06,2.1367114
7657,169,8000,1142,4d3s_BOG_F_1000,6,smina,0.42927207,1.0196064,1.9866769,0,6.1716387e-10,4.2524147
7658,169,1098,156,1ho5_ADN_B_2604,6,smina,0.26834106,1.0187086,1.4977169,0,0.11377593,2.8643298
7659,169,1091,155,1ho5_ADN_A_1604,6,smina,0.25774718,1.0166184,1.4977169,0,0.018576343,2.4676643
7660,169,12002,1714,5g21_YN4_A_1002,4,gnina,0.6224282,1.0089237,2.9071567,0,0.89426831,9.2635589
7661,169,8847,1263,4ict_1ED_A_406,6,smina,0.22751874,1.005828,1.5362461,0,0,3.5424035
7662,169,15035,2147,6e40_BBJ_B_502,6,smina,0.44222114,0.99848625,2.2544675,0,0,10.345799
7663,169,17751,2535,7c7g_FJR_A_402,6,smina,0.20167191,0.99439916,1.4989725,0,0,2.4712988
7664,169,12452,1778,5ihe_D5M_A_701,6,smina,0.19200675,0.99247348,1.4951932,0,0.0037859471,3.3482445
7665,169,10324,1474,4wmz_TPF_A_602,6,smina,0.29100864,0.99122018,1.908977,0,0,3.8059387
7666,169,16454,2350,6ooi_PGA_E_301,4,gnina,0.60281183,0.9896947,2.7379906,0,0.97022802,5.2548332
7667,169,3702,528,2ajv_COC_L_501,6,smina,0.24954372,0.98955657,1.7258477,0,0,2.6697025
7668,169,11185,1597,5bwr_4VT_A_402,6,smina,0.18764902,0.98744392,1.4992615,0,2.6624167e-05,2.1990381
7669,169,5989,855,2z48_NGA_B_2004,4,gnina,0.39745953,0.98527015,2.2564363,0,0.1194217,2.6482996
7670,169,5961,851,2z48_NGA_A_1004,4,gnina,0.39745942,0.98514957,2.2564363,0,0.14613653,2.4726046
7671,169,5947,849,2z48_NGA_A_1002,4,gnina,0.39745917,0.98381236,2.2665234,0,5.4928245e-05,2.6025467
7672,169,14902,2128,6c1i_EEY_B_501,6,smina,0.2274151,0.98180751,1.748395,0,0,2.4470471
7673,169,5940,848,2z48_A2G_B_2005,4,gnina,0.39745845,0.97848361,2.3045063,0,0.88704387,2.7595972
7674,169,17527,2503,6vv1_RMJ_A_501,6,smina,0.19200714,0.97432719,1.6616359,0,0,5.7602744
7675,169,3814,544,2bk3_FOF_A_1503,6,smina,0.35789575,0.97290335,2.2382474,0,4.9209616e-10,2.6917435
7676,169,11512,1644,5dw3_TRP_A_402,4,gnina,0.74830118,0.97009856,4.0129857,0,0.5162837,4.5007537
7677,169,15553,2221,6hpx_GKQ_A_205,6,smina,0.22383124,0.96888258,1.828449,0,0,6.6322214
7678,169,15854,2264,6kxh_DY9_D_402,6,smina,0.22754319,0.96624499,1.9082936,0,0,1.3492088
7679,169,3700,528,2ajv_COC_L_501,4,gnina,0.52217861,0.9643444,2.8627524,0,0.80486634,3.722762
7680,169,783,111,1gz5_UDP_C_900,6,smina,0.43583669,0.96311608,2.6203732,0,0,7.3222252
7681,169,3023,431,1vzd_UFP_A_317,6,smina,0.22655408,0.96174448,1.924451,0,1.7066449e-05,2.8131185
7682,169,11773,1681,5ezp_IPJ_F_201,6,smina,0.23861997,0.96067237,1.9862298,0,0,2.1546526
7683,169,6628,946,3v1v_GST_A_511,6,smina,0.28366314,0.95874333,2.1101961,0,0,4.0445373
7684,169,8266,1180,4eip_K2C_A_601,6,smina,0.29100779,0.95862415,2.1697242,0,5.3278008e-06,1.5063236
7685,169,7622,1088,4bz6_SHH_C_700,6,smina,0.26985126,0.95558249,2.0985773,0,0.61286102,4.7093294
7686,169,7629,1089,4bz6_SHH_D_700,6,smina,0.25138005,0.95441698,2.0764155,0,0.46611149,4.7670242
7687,169,7615,1087,4bz6_SHH_B_700,6,smina,0.25940064,0.95374507,2.0985773,0,0.52586251,4.6520036
7688,169,8007,1143,4d3s_BOG_H_1000,6,smina,0.2234021,0.95372763,1.9737169,0,5.9587577e-10,4.4727648
7689,169,853,121,1h1m_KMP_A_1360,6,smina,0.29100864,0.95288892,2.2990327,0,0,2.6738992
7690,169,11752,1678,5ezp_IPJ_A_201,6,smina,0.22667443,0.95149559,2.0317812,0,0,2.0608637
7691,169,860,122,1h1m_KMP_B_1358,6,smina,0.29100864,0.95095238,2.3199179,0,0,2.4658729
7692,169,867,123,1h1m_KMP_C_1358,6,smina,0.29100864,0.95095238,2.3199179,0,0,2.6754386
7693,169,15343,2191,6fs7_E4Z_E_903,6,smina,0.21361742,0.95060161,1.9796379,0,0,4.3392074
7694,169,6710,958,3vnj_PSJ_A_301,4,gnina,0.55089589,0.94982515,3.1107233,0,0,4.210625
7695,169,6724,960,3vnj_PSJ_C_301,4,gnina,0.54692562,0.94971363,3.1107233,0,0,3.1424624
7696,169,16127,2303,6n9r_OHN_X_305,6,smina,0.29100864,0.94817645,2.3500669,0,0,5.2607735
7697,169,15259,2179,6flu_DTK_A_404,6,smina,0.25428854,0.94673059,2.1604555,0,0.013754316,2.72614
7698,169,13171,1881,5nh9_XLS_A_503,4,gnina,0.53204887,0.94662047,3.0868435,0,0.17136124,5.9546729
7699,169,11526,1646,5dw3_TRP_C_402,4,gnina,0.66363975,0.9451947,4.0261688,0,0.030468958,5.908895
7700,169,15357,2193,6fw0_E92_A_602,6,smina,0.21083292,0.9448697,1.9881769,0,0,2.0614128
7701,169,15336,2190,6fs7_E4Z_D_903,6,smina,0.20545619,0.94417508,1.9851367,0,0,5.0413044
7702,169,13052,1864,5m5a_KSA_A_404,4,gnina,0.96552395,0.94333171,5.6028829,0,0.9847279,6.8318512
7703,169,16468,2352,6ooi_PGA_G_301,4,gnina,0.40645569,0.94267782,2.7732155,0,0.97590874,5.6318671
7704,169,15350,2192,6fs7_E4Z_F_903,6,smina,0.21357358,0.94245457,2.0577552,0,0,6.1511992
7705,169,8861,1265,4iph_1FJ_A_201,6,smina,0.22644004,0.94154495,2.1238031,0,0,3.4368389
7706,170,9244,1320,4lz7_1YW_C_804,4,gnina,0.47852307,1.0508757,1.8898971,0,4.1166882e-08,4.2767253
7707,170,9237,1319,4lz7_1YW_B_804,4,gnina,0.4609254,1.0495302,1.7942675,0,3.3472084e-09,4.1383936
7708,170,3833,547,2bs3_CIT_A_1657,4,gnina,0.3984186,1.0370292,1.7707183,0,0.10293461,12.581324
7709,170,14592,2084,5zg2_ZK1_A_901,4,gnina,0.60115604,1.0308258,2.297137,0,0,4.851127
7710,170,15161,2165,6f77_PLP_C_600,6,smina,0.28940268,1.0263561,1.5964832,0,1.5280249e-05,2.6211234
7711,170,15175,2167,6f77_PLP_E_600,6,smina,0.28656654,1.0198189,1.5740339,0,0,2.9383094
7712,170,4393,627,2giq_NN2_A_1001,4,gnina,0.64257279,1.0195344,3.0260997,0,0.0025082608,6.2802015
7713,170,9246,1320,4lz7_1YW_C_804,6,smina,0.28940268,1.0137116,1.70906,0,0,3.1726232
7714,170,14599,2085,5zg2_ZK1_B_901,4,gnina,0.47852307,1.0117876,2.262675,0,0.979768,4.8255014
7715,170,17128,2446,6szt_M4Q_A_601,6,smina,0.19029895,1.0100322,1.3867564,0,0,1.9276189
7716,170,4400,628,2giq_NN2_B_2001,4,gnina,0.63985122,1.0077117,3.1470056,0,0.9765599,5.7117082
7717,170,17135,2447,6szt_M4Q_B_601,6,smina,0.18929114,1.0056442,1.3867564,0,0,2.0393888
7718,170,9239,1319,4lz7_1YW_B_804,6,smina,0.25963546,1.0055152,1.6226281,0,0,3.4048035
7719,170,762,108,1gz5_G6P_A_901,6,smina,0.2367972,1.000521,1.6326523,0,2.0346666e-05,3.2491896
7720,170,3147,449,1x29_PMG_A_413,4,gnina,0.9398515,0.99952679,4.6349516,0,0.92648083,8.9326482
7721,170,15721,2245,6jx9_CQC_A_501,6,smina,0.35767603,0.99672805,2.0049703,0,0,4.3126965
7722,170,4253,607,2fkm_G16_X_464,4,gnina,0.3984194,0.9923904,2.2009637,0,7.0294861e-06,3.399908
7723,170,1959,279,1nmz_NYM_A_301,6,smina,0.25564224,0.98980427,1.7596394,0,0,4.6229049
7724,170,776,110,1gz5_G6P_D_901,6,smina,0.20973328,0.98720139,1.6326523,0,9.9203644e-07,2.3922836
7725,170,13999,1999,5vys_GMP_B_303,6,smina,0.22313731,0.98708023,1.7015156,0,0,2.7600336
7726,170,9813,1401,4qbz_D80_A_917,6,smina,0.2893928,0.98563295,1.9101833,0,0.033174843,1.9881793
7727,170,5298,756,2r5e_QLP_B_430,6,smina,0.19445339,0.98431101,1.6235656,0,0,6.3690655
7728,170,4395,627,2giq_NN2_A_1001,6,smina,0.29183503,0.98243675,2.0739388,0,0,4.5226841
7729,170,2694,384,1thc_FL9_B_130,6,smina,0.18996232,0.98195436,1.6202396,0,0.0001801194,2.1607183
7730,170,769,109,1gz5_G6P_C_901,6,smina,0.18996256,0.98086246,1.6398326,0,6.8706661e-06,2.4637235
7731,170,8490,1212,4gim_PSU_C_400,6,smina,0.28272872,0.98055333,1.9083172,0,0,2.6559411
7732,170,9778,1396,4q3a_2YC_D_904,6,smina,0.43086534,0.9776394,2.4608409,0,0,3.9672988
7733,170,12485,1783,5ijz_AKG_E_502,4,gnina,0.71661772,0.97761435,3.7974412,0,0,41.880045
7734,170,17301,2471,6tol_NQW_A_201,4,gnina,0.55586698,0.97656422,2.8012652,0,0.00094125083,8.1763278
7735,170,10023,1431,4tqi_6BD_B_201,6,smina,0.22051559,0.97329948,1.8173777,0,3.3652731e-07,2.604297
7736,170,6012,858,2z7s_P01_A_1,6,smina,0.21376582,0.97244774,1.8121492,0,0.86744091,4.4045108
7737,170,9771,1395,4q3a_2YC_C_904,6,smina,0.42151486,0.97228395,2.4673808,0,0,3.8876918
7738,170,10016,1430,4tqi_6BD_A_201,6,smina,0.21793138,0.9721443,1.8211834,0,7.9810697e-06,2.3365475
7739,170,3828,546,2brk_CMF_A_1534,6,smina,0.28940268,0.97105273,2.1193223,0,0,11.238423
7740,170,8483,1211,4gim_PSU_B_400,6,smina,0.23415637,0.97076161,1.9083172,0,0,2.597821
7741,170,14601,2085,5zg2_ZK1_B_901,6,smina,0.28940268,0.9692344,2.1379387,0,0,3.6996818
7742,170,13346,1906,5oew_GLU_C_302,4,gnina,0.39843025,0.96868903,2.4574006,0,0,2.8247926
7743,170,4402,628,2giq_NN2_B_2001,6,smina,0.29081916,0.96868648,2.207989,0,0,5.9249781
7744,170,13339,1905,5oew_GLU_B_902,4,gnina,0.39842523,0.96845134,2.4574006,0,0,2.730639
7745,170,13332,1904,5oew_GLU_A_301,4,gnina,0.39842444,0.9683325,2.4574006,0,0,2.3138755
7746,170,7132,1018,3wzo_ZOE_A_201,6,smina,0.28940268,0.96707011,2.1602249,0,0,9.6258866
7747,170,7139,1019,3wzo_ZOE_B_201,6,smina,0.28940268,0.96707011,2.1602249,0,0,9.5003347
7748,170,11435,1633,5did_5CK_B_601,4,gnina,0.39841788,0.96548191,2.4088659,0,0.21551187,2.9601017
7749,170,14445,2063,5ybp_AKG_B_302,4,gnina,0.49709085,0.96468226,2.8415749,0,0.99382219,2.283016
7750,170,7286,1040,4a8p_PAO_A_1340,6,smina,0.46833746,0.96161581,2.7064738,0,0,2.8670705
7751,170,8138,1162,4dta_ADN_B_401,4,gnina,0.58268764,0.9566081,3.0787864,0,0.12228223,3.1810771
7752,170,15096,2156,6f3s_PLP_A_901,4,gnina,0.34137442,0.9536601,2.4344034,0,0.022631377,3.630435
7753,170,5557,793,2wch_B7M_A_1145,6,smina,0.18996245,0.95286057,1.9065558,0,0,3.097375
7754,170,14594,2084,5zg2_ZK1_A_901,6,smina,0.27637601,0.95165446,2.1885219,0,0,5.1673956
7755,170,3947,563,2c6q_IMP_G_1338,6,smina,0.29221098,0.95013864,2.4154408,0,0,3.3120282
7756,171,8287,1183,4ejh_0QA_F_502,6,smina,0.28733676,1.0847074,1.1416456,0,0,2.2462963
7757,171,8280,1182,4ejh_0QA_E_502,6,smina,0.23923098,1.0563029,1.1997839,0,0,2.1976671
7758,171,7734,1104,4cjw_CBJ_A_1215,6,smina,0.25393099,1.0470461,1.2917181,0,0,6.604188
7759,171,7748,1106,4cjw_CBJ_B_1217,6,smina,0.22182831,1.0416406,1.2917181,0,0,3.2828347
7760,171,8273,1181,4ejh_0QA_D_502,6,smina,0.20505398,1.0220424,1.3577657,0,0,2.4072225
7761,171,7755,1107,4cjw_CBJ_B_1218,6,smina,0.18763664,1.0190986,1.3464646,0,0,3.7720187
7762,171,7741,1105,4cjw_CBJ_A_1216,6,smina,0.18763587,1.0167368,1.3640473,0,0,3.5303198
7763,171,405,57,1e2j_THM_A_500,6,smina,0.19511549,1.0165047,1.3874774,0,0,1.7665563
7764,171,1448,206,1jyx_IPT_B_2001,6,smina,0.45917625,1.0065484,2.208792,0,0.98240995,1.6211397
7765,171,1462,208,1jyx_IPT_D_2001,6,smina,0.4582572,1.0063037,2.208792,0,0.98247548,2.7446337
7766,171,14361,2051,5yaq_ISE_D_402,4,gnina,0.41436091,1.0038931,2.1411338,0,0.96639665,3.7346925
7767,171,5172,738,2qim_ZEA_A_161,6,smina,0.1884069,0.99146847,1.592661,0,9.8116473e-08,1.7756027
7768,171,4106,586,2ef9_A5P_A_1269,4,gnina,0.59861391,0.97787552,2.8579898,0,0.14690924,2.6256854
7769,171,8124,1160,4dt8_ADN_B_401,4,gnina,0.58076413,0.9775918,2.8254964,0,0.96478848,3.9268993
7770,171,10730,1532,4zhd_4OZ_C_202,6,smina,0.28501918,0.97668231,2.0025897,0,0,3.3765434
7771,171,1441,205,1jyx_IPT_A_2002,6,smina,0.28724134,0.97632462,2.0235269,0,0.00046079002,1.6572542
7772,171,1469,209,1jyx_IPT_D_2002,6,smina,0.28724126,0.97619996,2.0235269,0,0.00031660898,1.5560168
7773,171,7489,1069,4b1y_LAB_B_1376,6,smina,0.28706663,0.97538395,2.0254507,0,0,3.0296909
7774,171,10107,1443,4uc9_ASP_D_1300,6,smina,0.18763571,0.97482513,1.7284967,0,1.4621196e-07,5.5179017
7775,171,7307,1043,4a8p_PAO_F_1340,6,smina,0.28733676,0.9727647,2.1231558,0,0,2.9590137
7776,171,13724,1960,5uio_8DM_A_202,4,gnina,0.58422229,0.97218736,2.898607,0,0.92941387,6.9593903
7777,171,1455,207,1jyx_IPT_C_2001,6,smina,0.28733676,0.96446108,2.208792,0,0.97887138,1.6847287
7778,171,9993,1427,4tq4_DMA_A_403,4,gnina,0.62406205,0.96414768,3.4607599,0,0.00037300084,3.449683
7779,171,2428,346,1rf2_BV4_F_106,6,smina,0.28733676,0.96371708,2.2165656,0,2.1305746e-05,3.8685459
7780,171,11052,1578,5agl_CCW_B_800,6,smina,0.22104399,0.96231982,1.9962566,0,9.8445202e-06,3.2561749
7781,171,10121,1445,4uch_OLW_B_800,6,smina,0.28733676,0.95924288,2.2636769,0,0,4.3033496
7782,171,13915,1987,5vut_9OG_B_803,6,smina,0.28733676,0.95857062,2.2708092,0,0,4.8411301
7783,171,4507,643,2hs3_FGR_A_2166,6,smina,0.2151839,0.95784549,1.9997859,0,5.5618419e-06,4.5257521
7784,171,1434,204,1jyx_IPT_A_2001,6,smina,0.28733676,0.95740338,2.2832263,0,0.98760474,1.6057546
7785,171,5163,737,2qim_ZEA_A_160,4,gnina,0.39655521,0.95657617,2.5831695,0,0.77505353,2.2551645
7786,171,15453,2207,6hl9_SIN_A_402,4,gnina,0.39496781,0.95651581,2.4453025,0,0.0027613893,2.7285187
7787,171,11507,1643,5dt0_SKE_A_401,6,smina,0.24153058,0.95631359,2.1043878,0,0,4.4206931
7788,171,2442,348,1rf2_BV4_H_108,6,smina,0.28390245,0.95528165,2.2165656,0,0.032103827,3.810141
7789,171,2435,347,1rf2_BV4_G_107,6,smina,0.28303743,0.95454813,2.2165656,0,0.6641622,4.8914679
7790,171,8679,1239,4i0b_CMP_A_301,6,smina,0.3871075,0.95451235,2.4647231,0,0,4.1101583
7791,171,10114,1444,4uch_OLW_A_800,6,smina,0.28733676,0.95442959,2.3150556,0,0,3.9695658
7792,171,8418,1202,4g1x_TQU_A_409,4,gnina,0.39655494,0.95213241,2.5713825,0,3.7308404e-06,1.9226227
7793,171,7153,1021,3zcm_PX3_A_1214,6,smina,0.28733676,0.95121607,2.3497658,0,0,13.726656
7794,171,7160,1022,3zcm_PX3_B_1216,6,smina,0.28733676,0.95121607,2.3497658,0,0,14.097918
7795,171,15679,2239,6jk9_BU0_B_501,6,smina,0.28733676,0.9503862,2.358783,0,0,8.3910295
7796,171,15672,2238,6jk9_BU0_A_501,6,smina,0.28733676,0.9503093,2.3596201,0,0,6.5124496
7797,171,17471,2495,6vei_9UO_B_502,6,smina,0.28733676,0.94920656,2.3716404,0,0,5.3554515
7798,171,7685,1097,4cdt_M48_B_801,6,smina,0.28733676,0.94793414,2.3855593,0,0,4.3473507
7799,171,6495,927,3tky_N7I_A_369,6,smina,0.18763571,0.94651071,1.9962102,0,0,1.6402068
7800,171,7300,1042,4a8p_PAO_D_1340,6,smina,0.26833789,0.94594965,2.2613797,0,0,4.1956885
7801,171,7293,1041,4a8p_PAO_C_1340,6,smina,0.28733676,0.94575566,2.409512,0,0,2.7866682
7802,171,11787,1683,5f79_4V7_A_4000,6,smina,0.19424792,0.94311825,2.0729978,0,0,9.1663714
7803,171,11003,1571,5adi_TUE_B_800,6,smina,0.28733676,0.94274329,2.4428923,0,0,3.6889117
7804,171,13908,1986,5vut_9OG_A_803,6,smina,0.27777722,0.94253569,2.3219583,0,0,5.167359
7805,171,14265,2037,5xsm_8EO_A_705,6,smina,0.19364766,0.94183708,2.0850708,0,0,8.5946666
7806,172,12130,1732,5gzz_GSH_E_301,6,smina,0.27239121,1.048517,1.3415872,0,5.2959235e-09,6.3995065
7807,172,12123,1731,5gzz_GSH_D_301,6,smina,0.21875439,1.0389566,1.3137462,0,7.0259186e-10,5.8714212
7808,172,13005,1857,5lwy_OLB_A_404,6,smina,0.28525814,0.99303799,1.9217849,0,5.8311891e-11,14.510971
7809,172,15089,2155,6f3s_CKW_A_902,4,gnina,0.69847218,0.98347034,3.640579,0,0.54046421,7.0966508
7810,172,2522,360,1s83_4HA_A_5,2,diffdock,0.17475433,0.98104538,1.6380072,0,0.86029722,10.735652
7811,172,10954,1564,5a8k_COM_A_556,6,smina,0.18600349,0.98103269,1.70201,0,4.6477801e-08,1.0774379
7812,172,10961,1565,5a8k_COM_D_555,6,smina,0.18600349,0.98103269,1.70201,0,2.821489e-06,1.138821
7813,172,3716,530,2b04_CHO_A_200,6,smina,0.18600349,0.97723247,1.7449431,0,0,9.58151
7814,172,13019,1859,5lwy_OLB_A_407,6,smina,0.28525814,0.96951105,2.1555159,0,2.5687368e-08,14.989501
7815,172,10009,1429,4tq4_DMA_D_403,6,smina,0.22086985,0.96886654,1.9791733,0,0.67556563,1.8054956
7816,172,3037,433,1vzu_UDP_B_2371,6,smina,0.41261059,0.96729529,2.5392807,0,0,6.0248461
7817,172,10002,1428,4tq4_DMA_C_403,6,smina,0.21728905,0.96593222,1.9619967,0,0.73320581,2.0902871
7818,172,9995,1427,4tq4_DMA_A_403,6,smina,0.21652475,0.96262301,1.9938223,0,0.94689402,1.716191
7819,172,4829,689,2nu7_COA_E_1025,6,smina,0.20620936,0.9621179,1.9472148,0,6.0176115e-11,5.7055218
7820,172,839,119,1h1i_QUE_C_1358,6,smina,0.28525814,0.96085374,2.2455869,0,0,2.7134559
7821,172,17172,2453,6t0a_M58_B_601,1,unimol,0.75036149,0.95995644,4.1454701,0,0,14.14
7822,172,10793,1541,4zsy_RW2_D_502,6,smina,0.28525814,0.95974947,2.2572403,0,1.3975031e-05,7.7945001
7823,172,10779,1539,4zsy_RW2_B_502,6,smina,0.28525814,0.95961102,2.2587042,0,0.99031391,8.3306331
7824,172,10786,1540,4zsy_RW2_C_502,6,smina,0.28525814,0.95835582,2.272002,0,0.99436256,9.9133236
7825,172,9211,1315,4lol_1YE_A_402,6,smina,0.22019522,0.95525542,2.1134946,0,0,1.7752074
7826,172,10870,1552,4zvv_GN0_D_403,6,smina,0.28525814,0.95326867,2.3264022,0,0,6.7401775
7827,172,10513,1501,4xzh_48I_B_402,6,smina,0.22012176,0.95244229,2.140141,0,0,8.0458665
7828,172,6670,952,3vc3_C6P_A_501,6,smina,0.28525814,0.95218554,2.3380904,0,0.63976275,4.7013314
7829,172,6684,954,3vc3_C6P_D_501,6,smina,0.28525814,0.95218554,2.3380904,0,0.58070389,4.5140557
7830,172,10863,1551,4zvv_GN0_C_403,6,smina,0.28525814,0.95135147,2.3471169,0,0,6.4460268
7831,172,12769,1824,5jj2_MLI_A_303,1,unimol,0.94049261,0.95119994,5.3888516,0,0.93313281,23.13
7832,172,10506,1500,4xzh_48I_A_402,6,smina,0.22019004,0.95109304,2.1555345,0,0,5.5123582
7833,172,6677,953,3vc3_C6P_B_501,6,smina,0.28525325,0.9495554,2.313992,0,0.60601819,4.8604035
7834,173,7956,1136,4d06_NAR_F_301,4,gnina,0.57997235,1.0636387,1.9315809,0,6.360607e-10,4.8000887
7835,173,1397,199,1jla_TNK_A_999,4,gnina,0.70428537,1.005371,3.3711061,0,0.9865385,8.8708598
7836,173,7949,1135,4d06_NAR_D_302,4,gnina,0.39906406,1.0021784,2.0002382,0,5.4518072e-07,5.2473687
7837,173,6488,926,3te7_TE7_B_1,6,smina,0.35073963,1.0015754,1.9696033,0,0,5.3282364
7838,173,321,45,1d7a_AIR_D_450,6,smina,0.28813096,0.99514734,1.962141,0,1.6476325e-06,2.9717015
7839,173,6481,925,3te7_TE7_A_1,6,smina,0.27143342,0.98796509,1.8920335,0,0,3.3335935
7840,173,1530,218,1kdo_C_B_6407,4,gnina,0.66561983,0.9848239,3.4707246,0,0.63907508,4.2836485
7841,173,2202,314,1pke_2FD_B_447,4,gnina,0.43427285,0.97510361,2.5366271,0,0.031569023,3.5000441
7842,173,13838,1976,5urz_BOG_B_201,6,smina,0.21421971,0.97336076,1.8792362,0,0,4.1247172
7843,173,307,43,1d7a_AIR_A_300,6,smina,0.23036823,0.97138112,1.962141,0,3.2892273e-06,2.8532947
7844,173,7888,1126,4cmk_FQW_D_1270,6,smina,0.29016041,0.9662298,2.2583134,0,0.20907125,3.6170914
7845,173,16687,2383,6qdc_HXE_A_1004,6,smina,0.28508506,0.9642885,2.1732047,0,0,4.0059871
7846,173,17628,2518,6y4z_TLA_D_301,2,diffdock,0.20236347,0.9632654,1.6745588,0,0,32.60927
7847,173,10618,1516,4z69_DIF_A_1006,6,smina,0.24167228,0.96054948,2.1157243,0,0,3.1687505
7848,173,10639,1519,4z69_DIF_I_1006,6,smina,0.27278651,0.95999069,2.1780176,0,0,3.2340963
7849,173,10269,1467,4v3w_E2Z_B_800,0,surfdock,0.53330668,0.95891124,2.928098,0,0.19068595,3.4885331
7850,173,8994,1284,4jxh_HRC_A_301,6,smina,0.22066753,0.95821654,2.0628786,0,0.024936202,1.8658536
7851,173,1850,264,1moo_4MZ_A_265,2,diffdock,0.19973743,0.95697227,0.80515313,0,2.6829226e-14,13.27128
7852,173,5235,747,2qxf_TMP_A_3000,6,smina,0.22069473,0.9564669,2.0820835,0,0,3.027035
7853,173,2188,312,1pi3_TZD_A_530,4,gnina,0.66587346,0.95590637,3.8526814,0,0.00037630647,6.2163789
7854,173,7209,1029,3zwt_KFZ_A_1401,6,smina,0.22049446,0.95563491,2.0829346,0,0,4.6448767
7855,173,9085,1297,4kux_FPS_B_405,6,smina,0.28530752,0.95541467,2.3172705,0,0,6.1375055
7856,173,8173,1167,4dvw_0M4_B_512,4,gnina,0.73926766,0.95517218,4.167685,0,0.65702038,3.7081996
7857,173,7874,1124,4cmk_FQW_A_1270,6,smina,0.28379565,0.95506463,2.2570245,0,0.070685963,3.7344299
7858,173,14186,2026,5xdt_ZI7_A_403,4,gnina,0.49702564,0.95295317,2.9635046,0,0.959208,5.2516496
7859,173,12578,1796,5ivg_FPS_A_704,6,smina,0.28530752,0.95087564,2.3663008,0,0,6.2717882
7860,173,6451,921,3t3q_9PL_A_501,4,gnina,0.49555077,0.95060694,2.9890108,0,0.037860187,5.3979653
7861,173,17548,2506,6w0x_S6J_A_301,6,smina,0.34299537,0.94855056,2.5102475,0,1.1301253e-08,3.4443008
7862,173,7881,1125,4cmk_FQW_C_1270,6,smina,0.24861845,0.94768319,2.2598608,0,0.37809199,4.1132385
7863,173,16247,2321,6nhd_KNV_B_803,0,surfdock,0.5771343,0.94751855,3.1540568,0,0.61085218,3.7010077
7864,173,5025,717,2pvy_ACP_D_802,6,smina,0.22013006,0.94722342,2.1639848,0,2.5507597e-05,1.4828317
7865,173,319,45,1d7a_AIR_D_450,4,gnina,0.63775282,0.94667958,3.8947737,0,1.5505939e-06,7.5332613
7866,173,16678,2382,6qdc_HXE_A_1003,4,gnina,0.62465487,0.94644149,3.8253443,0,1.6308105e-07,5.8811419
7867,173,7272,1038,4a7a_RGZ_B_601,6,smina,0.22337055,0.94401811,2.2320464,0,5.1278685e-06,3.5192954
7868,173,7265,1037,4a7a_RGZ_A_601,6,smina,0.22148279,0.94364912,2.2320464,0,5.6383404e-07,3.4520593
7869,173,16680,2382,6qdc_HXE_A_1003,6,smina,0.2832419,0.94212122,2.3944669,0,0,5.6618635
7870,173,8264,1180,4eip_K2C_A_601,4,gnina,0.39906486,0.93917441,2.826858,0,0,3.4157669
7871,173,16240,2320,6nhd_KNV_A_803,0,surfdock,0.53330668,0.937718,3.1878204,0,0.97458954,2.6762011
7872,173,1292,184,1j3i_UMP_C_611,4,gnina,0.62460135,0.93713862,3.954356,0,0.9705415,4.4498468
7873,173,14700,2100,6a2m_UMP_B_703,0,surfdock,0.53330668,0.93330548,3.244046,0,0.97735796,3.4903549
7874,173,16694,2384,6qde_HWW_A_502,6,smina,0.28530752,0.9328754,2.567425,0,0,7.0088285
7875,173,1532,218,1kdo_C_B_6407,6,smina,0.3473904,0.93271355,2.6957333,0,0,4.8356442
7876,173,14693,2099,6a2m_UMP_A_703,0,surfdock,0.53330668,0.93235077,3.2563124,0,0.9910418,3.5199014
7877,173,17401,2485,6uqd_QF4_B_501,6,smina,0.44825909,0.93129755,3.0648046,0,0,17.96453
7878,173,15838,2262,6kxh_DY9_A_401,4,gnina,0.39906407,0.93034171,2.8421757,0,0.99642073,3.8347298
7879,173,4353,621,2fzb_TOL_A_800,6,smina,0.26239924,0.9292732,2.4815855,0,0,5.3369801
7880,173,13222,1888,5o3b_9HZ_C_501,6,smina,0.28530752,0.92853712,2.6175599,0,0,6.6673954
7881,173,16498,2356,6paf_O6A_A_509,6,smina,0.25519128,0.92736667,2.4937215,0,0,5.4946616
7882,173,7942,1134,4d06_NAR_A_301,4,gnina,0.39906407,0.92734404,2.8784907,0,0.98609638,6.0349183
7883,173,16233,2319,6nh0_KND_B_803,0,surfdock,0.53330668,0.92656325,3.3314581,0,0.94546941,3.8858747
7884,174,11505,1643,5dt0_SKE_A_401,4,gnina,0.68596558,1.0867012,2.4449015,0,0,4.7680711
7885,174,11498,1642,5dr9_SKE_A_401,4,gnina,0.53415291,1.0037339,2.4444532,0,0,4.6891394
7886,174,6922,988,3wca_FPS_C_402,6,smina,0.28266546,0.99909154,1.8928002,0,0,7.0150985
7887,174,6929,989,3wca_FPS_D_401,6,smina,0.28266546,0.99711242,1.9116304,0,0,6.9427465
7888,174,6915,987,3wca_FPS_B_401,6,smina,0.28266546,0.99513137,1.9305837,0,0,7.2338039
7889,174,14853,2121,6b9p_D0J_A_1001,6,smina,0.23262906,0.99244315,1.8220361,0,0,15.088983
7890,174,5667,809,2x05_X05_B_1900,4,gnina,0.53415291,0.98157551,2.6832256,0,0.99715307,5.6524133
7891,174,8446,1206,4gh8_MTX_B_201,4,gnina,0.63793539,0.98060518,3.4358692,0,0.98020355,8.0604221
7892,174,6908,986,3wca_FPS_A_501,6,smina,0.27594898,0.97988172,2.007364,0,0,6.6375786
7893,174,748,106,1gsq_GDN_A_203,6,smina,0.23866271,0.9740115,2.0078878,0,5.0084023e-06,12.871435
7894,174,13866,1980,5ved_STU_A_601,6,smina,0.42910366,0.96837466,2.6086316,0,0.0078466256,2.7147326
7895,174,13831,1975,5uo5_M4R_B_803,6,smina,0.41441091,0.9641873,2.6034546,0,0.99485386,6.0658114
7896,174,10728,1532,4zhd_4OZ_C_202,4,gnina,0.40015435,0.9612366,2.6017621,0,5.2323397e-07,4.3123367
7897,174,10721,1531,4zhd_4OZ_A_202,4,gnina,0.40008578,0.95990792,2.4886823,0,1.0505516e-06,4.4505676
7898,174,1294,184,1j3i_UMP_C_611,6,smina,0.45612245,0.956829,2.7787945,0,0,2.7635809
7899,174,14466,2066,5ybq_AKG_B_302,4,gnina,0.40010222,0.95559431,2.6519909,0,0.0004105101,2.5555243
7900,174,6640,948,3v8n_5NB_A_301,4,gnina,0.40300119,0.95396989,2.7084658,0,0.021190585,2.9460339
7901,174,11241,1605,5c8w_PCG_E_302,6,smina,0.27208919,0.95356347,2.2736866,0,0,2.8668023
7902,174,15355,2193,6fw0_E92_A_602,4,gnina,0.43336799,0.95038227,2.8281093,0,0.99149301,3.9612437
7903,174,9638,1376,4oxy_1TN_A_302,6,smina,0.21775932,0.94704959,2.2076564,0,0,2.6320099
7904,174,1334,190,1j3k_WRA_B_709,4,gnina,0.68446698,0.94561465,4.1050673,0,0.054633894,6.1899319
7905,174,11794,1684,5faj_DCS_A_401,6,smina,0.45407559,0.94496053,2.9161158,0,0,4.8273753
7906,174,11808,1686,5faj_DCS_C_401,6,smina,0.45620311,0.94493718,2.9205761,0,0,4.8129447
7907,174,1327,189,1j3k_WRA_A_609,4,gnina,0.67772147,0.94477138,4.1050673,0,0.97867757,6.8221324
7908,174,17210,2458,6t5p_VD8_B_302,4,gnina,0.33643116,0.94413498,2.5628028,0,0.83411429,3.6964958
7909,174,2433,347,1rf2_BV4_G_107,4,gnina,0.72369509,0.94117738,4.3204799,0,0.66931281,4.4641744
7910,174,5039,719,2q28_TPP_A_4001,6,smina,0.27174744,0.9408225,2.4107828,0,0.80282524,7.8635208
7911,174,14937,2133,6cgc_F0A_A_402,6,smina,0.23744206,0.94066009,2.3548574,0,0,7.8151044
7912,174,8693,1241,4i0b_CMP_B_301,6,smina,0.27051971,0.93945931,2.4218614,0,0,2.9911316
7913,174,16554,2364,6pna_M16_A_803,6,smina,0.2181082,0.93883241,2.306591,0,0,2.5600741
7914,174,1306,186,1j3i_WRA_B_709,4,gnina,0.67901413,0.93872003,4.196259,0,0.35374769,6.7819969
7915,174,11409,1629,5del_D59_A_603,6,smina,0.20501076,0.93836605,2.2383037,0,3.7822159e-08,2.3317005
7916,174,6656,950,3vbn_TYD_C_301,6,smina,0.18962642,0.93835148,2.1774256,0,0,9.5290146
7917,174,16832,2404,6r6i_H50_A_201,4,gnina,0.34782736,0.93596601,2.6758101,0,0.23584167,2.6125134
7918,174,2342,334,1q3a_NGH_B_479,4,gnina,0.59126859,0.93545911,3.339278,0,0.92756993,4.5037333
7919,174,6950,992,3wgc_PLG_C_401,6,smina,0.4473563,0.93481207,3.0328231,0,0.57466755,4.5977632
7920,174,6663,951,3vbn_TYD_E_301,6,smina,0.19182218,0.93371518,2.2298093,0,0,7.9024058
7921,174,17352,2478,6u6c_P1T_B_502,6,smina,0.28505057,0.93283059,2.6308095,0,0,4.1240702
7922,174,17359,2479,6u6c_P1T_D_505,6,smina,0.28449712,0.93259259,2.6308095,0,0,3.7836783
7923,174,16561,2365,6pna_M16_B_803,6,smina,0.20385475,0.93207639,2.301275,0,0,2.7458496
7924,174,3182,454,1x7j_GEN_B_202,4,gnina,0.40008578,0.93179575,2.8113046,0,0.19292268,3.272362
7925,174,11197,1599,5c38_DA8_A_403,4,gnina,0.56414211,0.93157767,3.3373754,0,1.167558e-05,6.8069255
7926,174,846,120,1h1i_QUE_D_1357,6,smina,0.21865605,0.93127195,2.4061792,0,0,2.9930078
7927,174,3707,529,2ajx_TGN_L_501,4,gnina,0.40011164,0.92929571,2.9658918,0,0.93081373,3.9239026
7928,174,886,126,1h48_C5P_D_204,4,gnina,0.58528205,0.92886829,3.4051576,0,0.94676052,4.5594618
7929,174,13803,1971,5unx_8F1_A_803,6,smina,0.28600634,0.92861721,2.6883564,0,3.6575773e-10,5.075245
7930,174,12093,1727,5gto_MYR_A_502,4,gnina,0.33730833,0.92853315,2.7535903,0,0,4.2408337
7931,174,12886,1840,5kjz_PCG_A_401,6,smina,0.18929398,0.92841796,2.2834454,0,0,3.2763974
7932,174,5116,730,2qd4_CHD_A_802,6,smina,0.25817329,0.92827459,2.5179589,0,0,4.0173248
7933,174,879,125,1h48_C5P_C_901,4,gnina,0.58031218,0.92786687,3.4051576,0,0.9799157,3.9892134
7934,175,1882,268,1mvc_BM6_A_200,6,smina,0.46467413,1.0212601,2.118655,0,0,5.6474899
7935,175,15616,2230,6ijn_6MZ_A_401,6,smina,0.21362175,0.99621521,1.7511367,0,0.98911803,5.5247734
7936,175,12809,1829,5jtu_6NE_A_902,6,smina,0.2810924,0.98125618,2.0831153,0,0.99643267,3.8033121
7937,175,5037,719,2q28_TPP_A_4001,4,gnina,0.91433426,0.97841354,4.8766551,0,0.10663528,7.5862427
7938,175,4563,651,2iht_TPP_C_600,6,smina,0.28183434,0.97537028,2.1851954,0,0.9892098,6.1825424
7939,175,11407,1629,5del_D59_A_603,4,gnina,0.4342692,0.97193563,2.5954499,0,0.97914902,4.0956291
7940,175,4549,649,2iht_TPP_A_600,6,smina,0.2810924,0.96795527,2.2186155,0,0.88472213,7.3880231
7941,175,12802,1828,5jtt_6MY_A_902,6,smina,0.2810924,0.96269218,2.2736909,0,0.63970914,2.875648
7942,175,13497,1928,5tde_2HP_B_901,1,unimol,0.97138193,0.96145691,5.2867498,0,0.94388161,19.98
7943,175,4556,650,2iht_TPP_B_600,6,smina,0.25195896,0.95843807,2.2186155,0,0.83959179,6.2234349
7944,175,13318,1902,5ocm_9RH_F_302,4,gnina,0.49619184,0.95639899,2.9278157,0,0.73743566,3.9933813
7945,175,16226,2318,6nh0_KND_A_803,0,surfdock,0.53395865,0.95383681,2.9994206,0,0.89640649,3.9052875
7946,175,14629,2089,5zgr_ZZ7_B_303,6,smina,0.33665499,0.95228708,2.4618707,0,0.034876088,5.6360964
7947,175,15028,2146,6e40_BBJ_A_502,6,smina,0.23033247,0.94878447,2.2987411,0,0,7.6197056
7948,175,4787,683,2nry_STU_D_501,6,smina,0.35087189,0.94795274,2.5681479,0,0.98302985,4.0231149
7949,175,4780,682,2nry_STU_C_503,6,smina,0.35449624,0.94737938,2.5759771,0,0.99782376,4.8165285
7950,175,11556,1650,5dzh_5KG_A_900,6,smina,0.2168256,0.94612275,2.2702589,0,0,3.4768287
7951,175,4773,681,2nry_STU_B_502,6,smina,0.32760024,0.94204876,2.5709929,0,0.91855967,3.9170438
7952,175,17581,2511,6xim_XLS_B_397,4,gnina,0.55824827,0.93953041,3.229486,0,0.52779664,3.8119484
7953,175,4967,709,2pin_LEG_B_502,4,gnina,0.40185518,0.93881214,2.8282776,0,7.6301262e-07,2.8368617
7954,175,4997,713,2prg_BRL_A_1,6,smina,0.21636052,0.93873198,2.3463557,0,0,7.7899296
7955,175,16237,2319,6nh0_KND_B_803,4,gnina,0.62385376,0.93684576,3.935915,0,3.7608893e-09,5.5644585
7956,175,3224,460,1xin_XYL_A_397,4,gnina,0.50221347,0.93570391,3.1843493,0,0.0017350299,3.6486477
7957,175,17588,2512,6xim_XLS_C_397,4,gnina,0.5167036,0.93379106,3.2144148,0,0,3.8522381
7958,175,13290,1898,5ocm_9RH_B_302,4,gnina,0.40191512,0.93100427,2.970679,0,0.74162006,3.8378174
7959,175,13490,1927,5tde_2HP_A_502,1,unimol,0.82240356,0.92920223,5.2045312,0,0.97430035,18.91
7960,175,8117,1159,4dt8_ADN_A_401,4,gnina,0.40189335,0.92686092,3.0161669,0,0.00012771171,3.0188618
7961,175,14137,2019,5x2m_GLN_D_951,4,gnina,0.53322901,0.92480912,3.3452184,0,0,8.607527
7962,175,5130,732,2qd4_CHD_B_927,6,smina,0.2810924,0.92376822,2.6674569,0,0,5.3169202
7963,175,5814,830,2xyj_WLM_A_1441,4,gnina,0.64562003,0.92364805,4.2431374,0,1.568986e-07,8.8206839
7964,175,16198,2314,6ngp_KKY_A_803,0,surfdock,0.53395865,0.92311513,3.3875306,0,0.86967087,3.7978618
7965,175,16205,2315,6ngp_KKY_B_803,0,surfdock,0.53395865,0.92311513,3.3875306,0,0.96855217,3.8150517
7966,175,15845,2263,6kxh_DY9_C_402,4,gnina,0.40200324,0.92272933,3.0852623,0,0.00013810416,3.7042099
7967,175,1432,204,1jyx_IPT_A_2001,4,gnina,0.83199527,0.92265584,5.371439,0,0.64785474,26.090567
7968,175,1453,207,1jyx_IPT_C_2001,4,gnina,0.83170198,0.9213784,5.3887205,0,0.98479017,18.196277
7969,175,11239,1605,5c8w_PCG_E_302,4,gnina,0.5538335,0.92003667,3.4815881,0,0.99672699,3.7486739
7970,175,9379,1339,4mpr_TPP_A_602,6,smina,0.2810924,0.91735067,2.7857494,0,0.83147879,9.4107674
7971,175,16244,2320,6nhd_KNV_A_803,4,gnina,0.63893412,0.9170846,4.3156943,0,3.887511e-08,5.6008453
7972,175,5817,831,2xyj_WLM_A_1442,0,surfdock,0.53395865,0.91545206,3.4902647,0,0,4.4595814
7973,175,4785,683,2nry_STU_D_501,4,gnina,0.68523702,0.91412703,4.5697417,0,0.98483138,7.5633217
7974,175,5831,833,2xyj_WLM_B_1442,0,surfdock,0.53395865,0.91320144,3.520915,0,0.92627018,4.93018
7975,175,4778,682,2nry_STU_C_503,4,gnina,0.68655004,0.91310918,4.5941086,0,0.98965443,5.9292285
7976,175,16988,2426,6s4h_KUQ_A_901,6,smina,0.27844721,0.91279043,2.7817054,0,0.53725617,3.0321035
7977,175,11190,1598,5bwr_4VT_B_402,4,gnina,0.40185687,0.91049488,3.20714,0,3.847832e-07,3.1499093
7978,175,1329,189,1j3k_WRA_A_609,6,smina,0.55089972,0.90890546,3.6205771,0,0.19799587,5.5907119
7979,175,7487,1069,4b1y_LAB_B_1376,4,gnina,0.4019196,0.90738551,3.2733316,0,0.99776604,3.4572329
7980,175,14627,2089,5zgr_ZZ7_B_303,4,gnina,0.67794646,0.90569407,4.692379,0,0,5.3321988
7981,175,4561,651,2iht_TPP_C_600,4,gnina,0.63155971,0.9053948,4.4521818,0,0.88245156,10.400402
7982,175,11983,1711,5g09_6DF_B_1474,6,smina,0.54604264,0.90498711,3.6709197,0,0.99165245,3.9299473
7983,175,398,56,1e26_GPB_A_208,6,smina,0.21563126,0.90476695,2.7283816,0,0,8.5097511
7984,176,5886,840,2yjd_YJD_A_1498,6,smina,0.22084757,1.0364993,1.4836915,0,0,2.5582209
7985,176,13188,1884,5nj0_8YW_A_301,0,surfdock,0.53429416,1.0327358,2.1532454,0,0.98833615,4.0507629
7986,176,13556,1936,5tlg_7EG_A_601,4,gnina,0.64710701,1.0267605,2.901351,0,0.98530216,5.5275683
7987,176,12807,1829,5jtu_6NE_A_902,4,gnina,0.83023933,1.0137242,3.9656126,0,0.99640524,5.2754325
7988,176,13579,1939,5tm5_7EV_B_601,6,smina,0.2846333,1.0029421,1.904114,0,0,3.6290321
7989,176,13192,1884,5nj0_8YW_A_301,4,gnina,0.42876431,0.99441495,2.3486147,0,0.98039207,3.9233466
7990,176,13558,1936,5tlg_7EG_A_601,6,smina,0.2926912,0.98680137,2.1178186,0,0,3.714638
7991,176,3016,430,1vzd_CB3_A_318,6,smina,0.2846333,0.98107934,2.1169286,0,0,10.983347
7992,176,14191,2027,5xh2_NPO_A_305,2,diffdock,0.18680986,0.97033841,1.5974804,0,0.9911646,13.558326
7993,176,1028,146,1h69_ARH_C_1275,6,smina,0.18844319,0.96143071,2.0273614,0,0,2.8945782
7994,176,13194,1884,5nj0_8YW_A_301,6,smina,0.20700931,0.95779112,2.1459894,0,0,3.1913076
7995,176,1014,144,1h69_ARH_A_1275,6,smina,0.18844288,0.95659543,2.0699468,0,0,3.0632411
7996,176,15189,2169,6fa1_D2Z_A_203,6,smina,0.28429929,0.95022057,2.3980587,0,0,5.3418935
7997,176,11064,1580,5agn_4JK_B_800,4,gnina,0.33901534,0.947887,2.5792885,0,1.4849271e-06,3.2028326
7998,176,11057,1579,5agn_4JK_A_800,4,gnina,0.33862891,0.94692088,2.5792885,0,5.6689466e-06,4.3348988
7999,176,2491,355,1s2c_FLF_A_2001,6,smina,0.18844292,0.94607244,2.1830029,0,0,3.8195266
8000,176,3268,466,1xuf_BAZ_A_246,6,smina,0.18844287,0.942445,2.2067935,0,0,3.1156811
8001,176,8441,1205,4gcq_0JM_B_401,6,smina,0.35719917,0.94227872,2.6679041,0,1.3648693e-07,6.40997
8002,176,4013,573,2d20_NPO_B_953,2,diffdock,0.18687409,0.94069115,1.9902241,0,5.9163869e-40,20.78202
8003,176,3014,430,1vzd_CB3_A_318,4,gnina,0.48133925,0.93923765,3.1049342,0,2.6442037e-08,10.689629
8004,176,956,136,1h5r_G1P_C_1294,4,gnina,0.4027179,0.93232363,2.9500785,0,1.6174966e-05,3.2891252
8005,176,2051,293,1o29_UFP_C_813,0,surfdock,0.53429416,0.93130523,3.2820649,0,0.0001942159,3.6100121
8006,176,2058,294,1o29_UFP_D_818,0,surfdock,0.53429416,0.92818118,3.32254,0,0,3.4974421
8007,176,15203,2171,6fa1_D2Z_F_203,6,smina,0.27361197,0.9273078,2.631485,0,0,5.5796953
8008,176,4855,693,2o1o_RIS_A_400,4,gnina,0.40271755,0.92648684,2.9264066,0,0.16671777,3.4871184
8009,176,11838,1691,5fe1_12Q_B_901,1,unimol,0.84941772,0.92508956,5.5805387,0,0.99310914,18.53
8010,176,8665,1237,4i02_CMP_B_302,6,smina,0.25757217,0.92483359,2.6351128,0,0,2.8016705
8011,176,15021,2145,6dyt_PP3_B_1501,6,smina,0.21863396,0.92472509,2.5427451,0,0,4.4061985
8012,177,2232,318,1poc_GEL_A_420,6,smina,0.34244771,1.0224218,1.8426013,0,0.00061945196,15.392073
8013,177,11813,1687,5faj_DCS_D_401,4,gnina,0.83000831,1.0097589,4.0142608,0,0,7.3203016
8014,177,15420,2202,6gqk_F88_B_1001,6,smina,0.43270215,0.98343349,2.4878087,0,0,11.69334
8015,177,6414,916,3sj1_DXC_X_75,2,diffdock,0.20917686,0.97267496,1.936444,0,0.98652993,10.496968
8016,177,8467,1209,4ghf_4NC_D_402,4,gnina,0.33843298,0.96446802,2.4071736,0,0,5.7387673
8017,177,8453,1207,4ghf_4NC_A_402,4,gnina,0.33821949,0.96422183,2.4071736,0,0.002936082,5.3948219
8018,177,12800,1828,5jtt_6MY_A_902,4,gnina,0.702278,0.96258647,3.8670161,0,0.99699959,4.0455604
8019,177,6845,977,3w7f_FPS_A_302,6,smina,0.28843999,0.95525373,2.4498055,0,0,6.452828
8020,177,13089,1869,5m66_ADN_D_502,6,smina,0.22521956,0.95186648,2.2875686,0,0.96440149,3.4070634
8021,177,7975,1139,4d06_X8W_D_303,2,diffdock,0.20878693,0.95131652,1.9693853,0,2.2331049e-62,41.960357
8022,177,17380,2482,6u6c_PZV_F_802,6,smina,0.26012336,0.9507383,2.3596544,0,0,4.0076973
8023,177,6859,979,3w7f_FPS_B_302,6,smina,0.28399128,0.94682964,2.4893849,0,0,7.2670164
8024,177,2230,318,1poc_GEL_A_420,4,gnina,0.5875079,0.94555093,3.1773403,0,0.87646659,12.810112
8025,177,6668,952,3vc3_C6P_A_501,4,gnina,0.70231585,0.94438115,4.1238151,0,3.7563758e-05,8.0894238
8026,177,10177,1453,4uoc_NCN_B_400,6,smina,0.28399128,0.94239224,2.5390136,0,0,3.7096357
8027,177,6675,953,3vc3_C6P_B_501,4,gnina,0.67868664,0.94186151,4.1063237,0,0.94751591,13.556924
8028,177,12261,1751,5hss_64Z_D_403,4,gnina,0.52428443,0.93988932,3.15042,0,0.19179703,7.7889055
8029,177,10877,1553,4zvz_4TF_B_503,6,smina,0.24648307,0.93971319,2.4685788,0,0.72124788,2.490093
8030,177,6838,976,3w7f_FPS_A_301,6,smina,0.28399128,0.93963246,2.5702155,0,0,5.8029212
8031,177,11745,1677,5ew8_5SF_B_802,6,smina,0.28580138,0.93920544,2.6129963,0,0,11.008824
8032,177,6852,978,3w7f_FPS_B_301,6,smina,0.28399128,0.93917553,2.5754068,0,0,6.0861301
8033,177,16935,2419,6rlt_MLI_B_512,2,diffdock,0.20768969,0.93569088,1.692876,0,5.4399085e-47,24.706923
8034,177,8623,1231,4hzf_CMP_A_301,6,smina,0.21092548,0.93546408,2.4066522,0,0,3.1957326
8035,177,10884,1554,4zvz_4TF_C_503,6,smina,0.22549965,0.93543008,2.4685788,0,0.064993554,2.7923822
8036,177,14153,2021,5x5d_UMP_C_401,6,smina,0.24270829,0.93495863,2.517858,0,0,3.2361968
8037,177,14375,2053,5yb7_ORN_A_603,4,gnina,0.58658692,0.93491839,3.3093021,0,0.0002232725,8.0371215
8038,177,6458,922,3t3q_9PL_B_501,4,gnina,0.40225093,0.93477961,2.9428871,0,0.13052166,5.1791387
8039,177,14417,2059,5yb7_ORN_D_603,4,gnina,0.5845379,0.93469128,3.3093021,0,0.30046943,8.3436733
8040,177,6682,954,3vc3_C6P_D_501,4,gnina,0.66123696,0.93404432,4.1238151,0,0.93963866,9.8743895
8041,177,5480,782,2vlf_PLI_A_1457,6,smina,0.27088111,0.93293109,2.5768564,0,0,3.6727167
8042,177,15726,2246,6jyg_FLC_A_401,4,gnina,0.59375523,0.93267855,3.3618212,0,0.51718771,13.054833
8043,177,6472,924,3t3q_9PL_D_501,4,gnina,0.40224938,0.93214949,2.969255,0,0.12300214,5.5714749
8044,177,4941,705,2oxp_THP_A_300,6,smina,0.21688598,0.93143593,2.4722128,0,0,5.2160838
8045,177,15733,2247,6jyg_FLC_B_401,4,gnina,0.57484513,0.92951272,3.3618212,0,0.61190516,5.4049761
8046,177,1040,148,1h7q_TYD_A_1258,4,gnina,0.42677647,0.92931956,3.0805345,0,0.00012674876,6.5943719
8047,177,14769,2109,6abm_9VR_A_505,6,smina,0.29889478,0.92912357,2.7640109,0,1.3863942e-09,12.984722
8048,177,16673,2381,6qdb_HWQ_A_1003,6,smina,0.21866622,0.92872325,2.5181253,0,0,3.422138
8049,177,10996,1570,5adi_TUE_A_800,6,smina,0.21892512,0.9282007,2.5296309,0,0,3.7715782
8050,177,15747,2249,6jyg_FLC_D_401,4,gnina,0.54407237,0.92798042,3.3463624,0,0.35726869,5.7094393
8051,177,5114,730,2qd4_CHD_A_802,4,gnina,0.52378057,0.92605055,3.3257027,0,2.2153881e-08,4.1855827
8052,177,8644,1234,4i02_CMP_A_301,6,smina,0.28399128,0.92526743,2.7369244,0,0,3.0818693
8053,177,14396,2056,5yb7_ORN_C_602,4,gnina,0.58907891,0.92334065,3.4762616,0,0.068753855,9.3103361
8054,177,8672,1238,4i02_CMP_C_301,6,smina,0.28399128,0.92320063,2.7615204,0,0,2.1491857
8055,177,8873,1267,4itu_1HS_A_302,4,gnina,0.4029491,0.92278617,3.1278946,0,0,2.7460983
8056,177,17709,2529,7ak3_RH8_A_501,6,smina,0.28399128,0.92277845,2.7665644,0,0,4.8746977
8057,177,14368,2052,5yb7_ORN_A_602,4,gnina,0.58861685,0.92157748,3.4969344,0,0.029678287,7.9709709
8058,177,6691,955,3vc3_C6P_E_501,6,smina,0.23232588,0.92114989,2.656117,0,0.5682615,6.465399
8059,177,14699,2099,6a2m_UMP_A_703,6,smina,0.29371284,0.919798,2.8705349,0,0,2.8620493
8060,177,8887,1269,4itu_1HS_C_302,4,gnina,0.40224778,0.91909641,3.1278946,0,0.29394724,3.4312707
8061,177,8880,1268,4itu_1HS_B_302,4,gnina,0.4022475,0.9188658,3.1278946,0,0.48153044,4.2613559
8062,178,11206,1600,5c4i_TPP_C_402,6,smina,0.26739783,0.99844885,1.9185408,0,0.99666659,8.667355
8063,178,11213,1601,5c4i_TPP_F_402,6,smina,0.26397958,0.99809014,1.9182438,0,0.99580665,5.8300879
8064,178,10275,1467,4v3w_E2Z_B_800,6,smina,0.25456728,0.99476452,1.9437618,0,0,5.2206906
8065,178,5655,807,2wzv_FMN_B_801,6,smina,0.4164815,0.98462368,2.4509659,0,0,8.5593286
8066,178,13943,1991,5vv0_9OM_B_803,6,smina,0.23469206,0.97316112,2.1183543,0,0,4.7771404
8067,178,685,97,1gck_PLP_A_413,6,smina,0.28318749,0.96294416,2.3431325,0,2.8632988e-11,11.555579
8068,178,8035,1147,4d96_5PA_C_402,6,smina,0.28318749,0.96227302,2.3502798,0,0,4.3077064
8069,178,8028,1146,4d96_5PA_A_501,6,smina,0.28318749,0.96066647,2.3674469,0,0,4.0666428
8070,178,8042,1148,4d96_5PA_D_501,6,smina,0.28318749,0.96066647,2.3674469,0,0,4.2198635
8071,178,14144,2020,5x5d_UMP_A_401,4,gnina,0.57937967,0.95427408,3.0674047,0,0.98818523,10.958258
8072,178,14158,2022,5x5d_UMP_E_401,4,gnina,0.57824978,0.95389318,3.0649559,0,0.99051924,5.7696244
8073,178,10968,1566,5a8k_TP7_A_558,6,smina,0.28318749,0.95167772,2.4650106,0,0.98609124,5.2872061
8074,178,10975,1567,5a8k_TP7_D_554,6,smina,0.28318749,0.9488715,2.4960067,0,0.99555154,5.464519
8075,178,7643,1091,4c2z_646_A_1498,6,smina,0.28655038,0.94780324,2.5447478,0,0,6.7569814
8076,178,14151,2021,5x5d_UMP_C_401,4,gnina,0.48695,0.94704231,3.0618093,0,0.98271806,5.6065292
8077,178,16575,2367,6png_OSG_A_803,6,smina,0.25233658,0.94688724,2.4309545,0,1.3882327e-08,5.5694237
8078,178,6936,990,3wgc_PLG_A_401,6,smina,0.28318749,0.94156157,2.5779834,0,0.94045521,4.679314
8079,178,6528,932,3tye_XTZ_A_801,4,gnina,0.61628946,0.93932476,3.5537663,0,0.79584104,6.1402578
8080,178,7641,1091,4c2z_646_A_1498,4,gnina,0.63237867,0.93556425,3.9863403,0,0.16038667,6.1758002
8081,178,4591,655,2ij7_TPF_B_2470,6,smina,0.35471721,0.93524866,2.7710109,0,0,3.9535244
8082,178,6943,991,3wgc_PLG_B_401,6,smina,0.26449517,0.93486569,2.5779834,0,1.2689565e-05,6.6381208
8083,178,9022,1288,4k5g_Q13_A_803,6,smina,0.28002571,0.93460396,2.6102169,0,1.2075471e-12,6.8065
8084,178,10154,1450,4ug7_1EV_A_904,4,gnina,0.63650312,0.93428569,4.0340576,0,7.4270546e-07,5.5785465
8085,178,9029,1289,4k5g_Q13_B_803,6,smina,0.24938523,0.93160802,2.5985897,0,3.7728674e-11,7.654994
8086,178,4598,656,2ij7_TPF_D_2473,6,smina,0.35067084,0.93129301,2.8136926,0,0,3.0155893
8087,178,13941,1991,5vv0_9OM_B_803,4,gnina,0.49877809,0.92868308,3.2941508,0,3.5623766e-10,5.0938019
8088,178,4771,681,2nry_STU_B_502,4,gnina,0.95067998,0.92717645,5.802422,0,0,9.4147116
8089,178,10163,1451,4ugg_S5D_A_904,6,smina,0.26716662,0.92710059,2.6691272,0,1.2449659e-08,6.0968416
8090,178,2216,316,1pl6_572_B_407,4,gnina,0.44965141,0.92328438,3.236625,0,9.4804642e-06,5.6896393
8091,178,6530,932,3tye_XTZ_A_801,6,smina,0.28030133,0.92194467,2.7599096,0,0,6.1221861
8092,178,2209,315,1pl6_572_A_405,4,gnina,0.46730913,0.91968165,3.3087361,0,5.8115657e-07,4.8115726
8093,178,10161,1451,4ugg_S5D_A_904,4,gnina,0.46946042,0.9175476,3.3457873,0,6.972228e-09,5.2866837
8094,178,10156,1450,4ug7_1EV_A_904,6,smina,0.28815238,0.91635506,2.9259789,0,1.1954215e-09,8.9770903
8095,178,16211,2315,6ngp_KKY_B_803,6,smina,0.28970645,0.91578214,2.9345224,0,0,5.7607666
8096,178,8555,1222,4hez_1MZ_A_307,1,unimol,0.62427503,0.91570288,4.2418547,0,0.78738104,21.07
8097,178,14706,2100,6a2m_UMP_B_703,6,smina,0.29151992,0.91504529,2.9480405,0,0,2.9733769
8098,178,7032,1004,3wsg_CIT_D_302,4,gnina,0.45653818,0.91315595,3.3723695,0,0.1702115,9.4507052
8099,178,16209,2315,6ngp_KKY_B_803,4,gnina,0.64050411,0.91267768,4.3753777,0,2.9304963e-08,5.5126186
8100,178,2064,294,1o29_UFP_D_818,6,smina,0.28318749,0.91263782,2.9208808,0,0.39469764,3.6025013
8101,178,16225,2317,6ngu_KMJ_B_803,6,smina,0.24095807,0.9114192,2.8337753,0,0,5.1315998
8102,178,7039,1005,3wsg_CIT_E_302,4,gnina,0.42964136,0.9113852,3.3672097,0,0.38587088,5.1593996
8103,178,5548,792,2w7k_PLP_A_501,4,gnina,0.50976392,0.91028491,3.5422945,0,6.7505466e-06,5.0944517
8104,178,2057,293,1o29_UFP_C_813,6,smina,0.28315833,0.90950513,2.9202166,0,0.38081426,3.9593365
8105,178,13906,1986,5vut_9OG_A_803,4,gnina,0.5635888,0.90746551,3.6617651,0,7.835862e-13,5.4715062
8106,178,14704,2100,6a2m_UMP_B_703,4,gnina,0.64517287,0.90577653,4.5047655,0,0.98375005,4.3769662
8107,178,16204,2314,6ngp_KKY_A_803,6,smina,0.26934554,0.90576394,2.9345224,0,0,4.7813297
8108,178,11204,1600,5c4i_TPP_C_402,4,gnina,0.4696136,0.90502322,3.5160189,0,0.46208042,10.252192
8109,178,11211,1601,5c4i_TPP_F_402,4,gnina,0.46734884,0.90489798,3.5084865,0,0.45696125,10.485259
8110,178,3940,562,2c6q_IMP_F_1337,6,smina,0.29468718,0.90396504,3.0955496,0,0,3.4426006
8111,178,14760,2108,6a7e_9QR_A_201,4,gnina,0.47985863,0.90388796,3.5765641,0,0.59023253,7.4332457
8112,179,13701,1957,5uda_CAE_A_502,2,diffdock,0.23558588,1.1076266,1.0316807,0,2.9093505e-56,22.288437
8113,179,17394,2484,6uqd_QF4_A_501,6,smina,0.44141919,1.0463645,1.9243401,0,0,16.964389
8114,179,9963,1423,4rql_SNE_A_505,2,diffdock,0.22173161,1.0393246,1.429793,0,0.0092259889,24.697334
8115,179,1427,203,1jyw_147_C_2001,6,smina,0.28939035,1.0264906,1.786707,0,0,3.9305916
8116,179,13666,1952,5uap_82S_B_505,2,diffdock,0.22135046,0.98206047,1.7460059,0,9.1080021e-57,25.635444
8117,179,8378,1196,4fa2_SB0_A_402,6,smina,0.28345735,0.95535025,2.4559205,0,0,4.8792959
8118,179,8376,1196,4fa2_SB0_A_402,4,gnina,0.47821491,0.95148787,2.9690559,0,0,5.6381139
8119,179,1425,203,1jyw_147_C_2001,4,gnina,0.64397621,0.94654005,3.8647375,0,0.10539402,60.504131
8120,179,9970,1424,4rql_SNE_B_502,2,diffdock,0.21813454,0.94180605,1.429793,0,0,23.631778
8121,179,13708,1958,5uda_CAE_B_502,2,diffdock,0.21764513,0.93551893,1.0316807,0,1.0874462e-54,24.747385
8122,179,4978,711,2pir_NK_A_933,1,unimol,0.80364285,0.93471644,5.0054698,0,0.58580643,23.66
8123,179,14977,2139,6dl7_ONC_C_301,4,gnina,0.65093145,0.93063523,4.1187401,0,0,7.4557971
8124,179,10184,1454,4upd_7P9_A_1550,6,smina,0.28345735,0.92957193,2.7488506,0,2.2784387e-05,17.9473
8125,179,10191,1455,4upd_7P9_B_1550,6,smina,0.28344548,0.92698226,2.7488506,0,5.057529e-05,16.379949
8126,179,14958,2136,6cut_FEJ_C_401,6,smina,0.46572589,0.92067923,3.3161023,0,0.98439731,5.3208214
8127,179,17091,2441,6sxr_KHP_A_513,4,gnina,0.40090473,0.91660542,3.099407,0,0.97360822,3.1340212
8128,179,2619,374,1t5z_DHT_A_931,1,unimol,0.84662562,0.91456525,5.7227607,0,0.99363905,16.78
8129,179,14230,2032,5xj7_87O_A_309,6,smina,0.37899078,0.91064088,3.0972865,0,0.90779839,7.6440134
8130,179,13596,1942,5tzr_MLI_A_2403,2,diffdock,0.22173162,0.90998772,2.7213955,0,1.6454149e-44,14.821405
8131,179,9612,1373,4ofu_DHT_A_1001,1,unimol,0.84714002,0.90714328,5.8737092,0,0.99453362,13.74
8132,179,7382,1054,4ajj_88S_D_1332,4,gnina,0.58007446,0.90547339,3.7008073,0,0.0089882123,4.5766282
8133,179,6934,990,3wgc_PLG_A_401,4,gnina,0.82664046,0.90517913,5.6059928,0,0.93901007,5.3748127
8134,179,14284,2040,5xvv_AKG_B_506,4,gnina,0.53589904,0.90447038,3.6600559,0,0.078857365,11.288606
8135,179,1399,199,1jla_TNK_A_999,6,smina,0.43686835,0.90437595,3.5024979,0,0,10.138825
8136,179,506,72,1fds_EST_A_350,2,diffdock,0.22160323,0.9022124,2.7820945,0,0,22.187409
8137,179,16428,2346,6ofr_BOG_A_807,6,smina,0.2521675,0.90174854,3.016376,0,7.8318103e-08,5.1807716
8138,179,8651,1235,4i02_CMP_A_302,6,smina,0.23469661,0.90079568,2.9910674,0,0,2.737086
8139,179,9811,1401,4qbz_D80_A_917,4,gnina,0.40657455,0.89893863,3.5120864,0,0.010785658,4.7324277
8140,179,2554,364,1sff_IK2_D_450,6,smina,0.29169131,0.89842218,3.183192,0,0,3.9778256
8141,179,963,137,1h5r_G1P_D_1294,4,gnina,0.40090473,0.89817112,3.3404422,0,0,3.3175506
8142,179,3919,559,2c6q_IMP_A_1337,6,smina,0.28609436,0.89730091,3.1872633,0,0,3.5069571
8143,179,3926,560,2c6q_IMP_D_1337,6,smina,0.28588806,0.89706911,3.1872633,0,0,5.2844321
8144,179,12937,1848,5l9v_OGA_A_502,1,unimol,0.8330588,0.8956597,5.8418069,0,0,23.29
8145,179,8488,1212,4gim_PSU_C_400,4,gnina,0.57087862,0.89506713,3.8374116,0,0.00043871067,3.9031911
8146,179,12597,1799,5j5i_6GM_B_302,4,gnina,0.63338885,0.89495085,4.588306,0,0.99634598,10.333855
8147,179,3954,564,2c6q_IMP_H_1337,6,smina,0.28345735,0.89446135,3.1872633,0,0,4.4372707
8148,179,2540,362,1sff_IK2_A_450,6,smina,0.28345735,0.89440238,3.1880414,0,0,5.9514723
8149,179,12639,1805,5j5i_6GM_I_302,4,gnina,0.63666376,0.89439012,4.6228204,0,0.99748265,9.790822
8150,179,12625,1803,5j5i_6GM_F_303,4,gnina,0.6349501,0.89431702,4.6155376,0,0.99208838,22.363787
8151,179,10236,1462,4uzi_IMD_B_1455,2,diffdock,0.22030456,0.89406181,2.4221358,0,1.7967463e-31,18.89841
8152,179,17497,2499,6vmz_R3P_A_404,4,gnina,0.33826665,0.8935961,3.3025281,0,0.94672091,10.540711
8153,179,8796,1256,4i9n_1E5_G_402,4,gnina,0.53545521,0.89282333,3.823596,0,0.75722964,8.9967257
8154,179,15964,2280,6lx5_C5F_A_503,4,gnina,0.40090474,0.89268391,3.5190487,0,0.16064342,3.2154492
8155,179,17504,2500,6vmz_R3P_C_404,4,gnina,0.33474162,0.89164476,3.3025281,0,0,4.5137176
8156,179,8782,1254,4i9n_1E5_A_402,4,gnina,0.54436549,0.89016732,3.8786633,0,0.97154926,10.427301
8157,179,12604,1800,5j5i_6GM_C_302,4,gnina,0.63075384,0.89009854,4.6591544,0,0.99484226,33.354629
8158,179,95,13,1amq_PMP_A_413,4,gnina,0.42400553,0.89000397,3.6596265,0,0.4671525,2.5934
8159,179,7886,1126,4cmk_FQW_D_1270,4,gnina,0.64570643,0.88937634,4.7465158,0,0.004571419,4.5179852
8160,179,2062,294,1o29_UFP_D_818,4,gnina,0.54012254,0.88907457,3.8899462,0,0.00030105738,4.057763
8161,179,8789,1255,4i9n_1E5_D_402,4,gnina,0.53585084,0.88761797,3.9017935,0,0.754554,9.208594
8162,180,8700,1242,4i0g_1B9_A_504,6,smina,0.20526374,1.0341806,1.612025,0,0.00078862754,3.9526249
8163,180,11171,1595,5bkd_RCF_A_503,6,smina,0.18774379,1.0249625,1.6183785,0,0,4.3475209
8164,180,12893,1841,5kmj_6UF_A_901,6,smina,0.28258689,1.0194834,1.827583,0,0.95626855,4.2435914
8165,180,14167,2023,5x86_TMP_A_205,6,smina,0.18774379,0.98068513,2.0298407,0,0,5.2418938
8166,180,9274,1324,4m54_AE5_A_403,6,smina,0.18774186,0.972264,2.1081967,0,0.00052666377,2.7355568
8167,180,4458,636,2gyw_OBI_B_953,6,smina,0.28739179,0.96596915,2.4079897,0,0,3.7334452
8168,180,6061,865,2zm7_ACA_A_501,6,smina,0.18774379,0.9601236,2.2464788,0,8.0300292e-12,4.742191
8169,180,3777,539,2bf7_HBI_A_1290,4,gnina,0.40302707,0.95408249,2.6782055,0,7.8600228e-06,3.2494863
8170,180,12305,1757,5hyv_TPP_A_701,6,smina,0.20701297,0.95397076,2.3929358,0,0.75792227,7.70447
8171,180,14508,2072,5ysh_5AD_D_605,4,gnina,0.35306202,0.95389645,2.599261,0,0.0024414504,13.347835
8172,180,2447,349,1rnd_DGP_A_126,4,gnina,0.52547641,0.95362643,3.0109091,0,1.2575528e-08,4.0959424
8173,180,14522,2074,5ysh_5AD_J_605,4,gnina,0.35352948,0.9532277,2.6095562,0,0.074807582,12.439989
8174,180,3791,541,2bf7_HBI_D_1290,4,gnina,0.40302707,0.94929913,2.7331123,0,0.0015194765,2.9985872
8175,180,3784,540,2bf7_HBI_B_1290,4,gnina,0.40302707,0.94834218,2.7441914,0,9.0654154e-07,3.1139434
8176,180,4248,606,2fib_GLY_B_2,6,smina,0.18774379,0.94503799,2.4009144,0,0,10.0062
8177,180,14529,2075,5z54_0HZ_A_303,4,gnina,0.40388304,0.94356334,2.9533982,0,0.99127067,3.6430501
8178,180,14951,2135,6cqu_HI6_B_601,6,smina,0.19958246,0.94048936,2.5080366,0,0,3.4430748
8179,180,5527,789,2w0b_CMW_A_1450,4,gnina,0.40302726,0.94035638,2.937506,0,0,4.9777995
8180,180,1504,214,1kbq_936_A_703,6,smina,0.27208724,0.9363817,2.6635814,0,0,5.1380045
8181,180,1511,215,1kbq_936_B_704,6,smina,0.27343252,0.93496446,2.6828699,0,0,4.9204857
8182,180,1518,216,1kbq_936_D_702,6,smina,0.27543867,0.93494943,2.6901405,0,0,5.8440574
8183,180,13811,1973,5uo3_8EY_A_803,0,surfdock,0.53406156,0.92997817,3.3311541,0,0.99177634,3.6236615
8184,180,14536,2076,5z54_0HZ_B_303,4,gnina,0.40302707,0.92943939,2.9697754,0,0.99494768,3.711736
8185,180,15217,2173,6fld_DQ5_A_604,6,smina,0.18774379,0.92688981,2.6054754,0,0,8.5732414
8186,180,16407,2343,6ofr_BOG_A_804,6,smina,0.19958246,0.92099617,2.7335231,0,1.9470265e-11,5.8319743
8187,180,4456,636,2gyw_OBI_B_953,4,gnina,0.63742011,0.91629028,4.2971053,0,0.88546444,4.6723281
8188,180,13787,1969,5unr_8EV_B_803,4,gnina,0.47212169,0.91258312,3.4623747,0,2.9837856e-06,4.4649143
8189,180,9433,1347,4n4j_HG1_A_606,4,gnina,0.58824855,0.9076645,3.6987612,0,6.1360333e-09,5.0660855
8190,181,13969,1995,5vyr_GMP_B_302,4,gnina,0.40261395,0.99296661,2.2632687,0,1.9450684e-06,3.2701963
8191,181,74,10,1aiq_UMP_B_266,4,gnina,0.58100756,0.98576538,2.7025762,0,0.90938269,3.587855
8192,181,4346,620,2fzb_TOL_A_700,6,smina,0.27677911,0.98095272,2.2017658,0,0,4.075457
8193,181,14867,2123,6bds_DJ4_A_302,6,smina,0.17778216,0.9717414,2.0955882,0,0,6.1298266
8194,181,3366,480,1z4k_T3P_A_4341,6,smina,0.21765919,0.96864748,2.2814155,0,0,2.5454633
8195,181,4890,698,2o7b_HC4_G_701,4,gnina,0.61581557,0.96557412,3.2149773,0,0.99728374,17.271832
8196,181,4883,697,2o7b_HC4_E_701,4,gnina,0.61552425,0.96485758,3.2080116,0,0.98073718,18.039524
8197,181,15581,2225,6hsg_GM5_D_504,6,smina,0.37279746,0.96027458,2.5427315,0,0,4.0619296
8198,181,5683,811,2x6o_2TC_A_1209,6,smina,0.18779007,0.95518318,2.3219461,0,0,5.1337542
8199,181,12891,1841,5kmj_6UF_A_901,4,gnina,0.82474545,0.95284471,4.8069978,0,0.00062762797,5.7110978
8200,181,16610,2372,6pvi_OZ7_A_501,6,smina,0.18779004,0.95157493,2.3545947,0,0,2.6465411
8201,181,4869,695,2o7b_HC4_A_701,4,gnina,0.61482136,0.94656354,3.2149773,0,0.97827822,20.880618
8202,181,5445,777,2v7o_DRN_A_1303,6,smina,0.21369437,0.94379724,2.5330822,0,0,13.891648
8203,181,2797,399,1tsd_UMP_B_265,4,gnina,0.58549189,0.94091716,3.2420926,0,0.98862058,3.8353716
8204,181,2790,398,1tsd_UMP_A_267,4,gnina,0.57981421,0.93975403,3.2465146,0,0.97223778,3.7072868
8205,181,15154,2164,6f76_CVK_F_203,6,smina,0.41514145,0.93910826,3.0289845,0,0,5.2440944
8206,181,15567,2223,6hsg_GM5_A_504,6,smina,0.1836235,0.93562831,2.5077176,0,0,3.9011421
8207,181,15574,2224,6hsg_GM5_C_504,6,smina,0.18779004,0.9345744,2.5477245,0,0,4.1025448
8208,181,4038,576,2dv0_ZST_A_600,6,smina,0.28209338,0.93114052,2.7817788,0,0,6.3994189
8209,181,63,9,1aiq_CB3_A_266,0,surfdock,0.53384641,0.93020181,3.3229828,0,0.93128278,4.8039041
8210,181,4955,707,2pd5_ZST_A_600,6,smina,0.29425339,0.92975774,2.8336129,0,0,6.867778
8211,181,4010,572,2d1j_D01_A_700,6,smina,0.28209338,0.92966175,2.7993774,0,0,4.5899051
8212,181,4953,707,2pd5_ZST_A_600,4,gnina,0.65700978,0.92709484,4.194334,0,0.98865625,5.4678977
8213,181,9687,1383,4pb4_PLP_B_401,6,smina,0.38672431,0.92694964,2.9315877,0,0,7.357197
8214,181,16027,2289,6md2_GW9_B_501,4,gnina,0.40261395,0.92675022,3.0958512,0,0,2.6788485
8215,181,4339,619,2fz8_ZST_A_600,6,smina,0.28209338,0.9261512,2.841476,0,0,6.374454
8216,181,8894,1270,4itu_1HS_D_302,4,gnina,0.4026144,0.92547236,3.1267867,0,0.935659,2.9405659
8217,181,8448,1206,4gh8_MTX_B_201,6,smina,0.45957046,0.92482665,3.2740419,0,0,14.599752
8218,181,11764,1680,5ezp_IPJ_C_201,4,gnina,0.40261395,0.92453714,3.0340991,0,0.00029999675,2.8189389
8219,181,69,9,1aiq_CB3_A_266,6,smina,0.20430578,0.92373576,2.7392778,0,0,10.9056
8220,181,2379,339,1qjc_PNS_B_1163,6,smina,0.18628787,0.91916252,2.7068088,0,1.1763286e-12,7.9843615
8221,181,9386,1340,4mr7_2BV_A_501,6,smina,0.18944885,0.9178423,2.7719932,0,0,7.8994865
8222,181,3469,495,1zgj_P1S_A_0,4,gnina,0.33688846,0.9165718,3.008425,0,0.97137338,2.6629903
8223,181,11757,1679,5ezp_IPJ_B_201,4,gnina,0.40261395,0.91135273,3.2019272,0,2.4363858e-09,2.8857282
8224,181,343,49,1dna_CB3_A_601,0,surfdock,0.53384641,0.9112151,3.5769193,0,0,4.999035
8225,181,17226,2460,6t9c_MX8_A_501,6,smina,0.28209338,0.91085586,3.0303605,0,0,8.2190449
8226,181,15077,2153,6f2v_AMP_A_1001,6,smina,0.19068274,0.90889084,2.884131,0,0,4.612744
8227,181,356,50,1dna_CB3_B_602,6,smina,0.23279795,0.90659283,3.0145297,0,0,11.159712
8228,181,354,50,1dna_CB3_B_602,4,gnina,0.65764792,0.90652844,4.5148878,0,0.037427377,9.647629
8229,181,15147,2163,6f76_CVK_C_203,6,smina,0.27272109,0.90636099,3.0430713,0,0,5.4275164
8230,181,6321,903,3roe_THM_C_265,0,surfdock,0.53384641,0.90232086,3.7012668,0,0.44499075,3.4727216
8231,181,349,49,1dna_CB3_A_601,6,smina,0.20430578,0.9016207,3.011364,0,0,11.150749
8232,181,6335,905,3roe_THM_E_265,0,surfdock,0.53384641,0.90137213,3.7147422,0,0,3.3240162
8233,181,6342,906,3roe_THM_F_265,0,surfdock,0.53384641,0.90137213,3.7147422,0,0.39800016,3.434778
8234,181,12669,1809,5j61_A3G_D_501,6,smina,0.41663099,0.90109029,3.5256133,0,0.98591974,4.6517554
8235,181,6314,902,3roe_THM_B_265,0,surfdock,0.53362899,0.90070013,3.7147422,0,0,3.3740594
8236,181,16666,2380,6qdb_HWQ_A_1002,6,smina,0.18779007,0.89990399,2.9667072,0,0,3.800945
8237,181,8691,1241,4i0b_CMP_B_301,4,gnina,0.55164465,0.89988786,3.7695174,0,0.99540471,3.7787866
8238,181,11255,1607,5cfw_53W_A_201,6,smina,0.18862538,0.89761222,3.0170987,0,0,7.7899063
8239,181,13864,1980,5ved_STU_A_601,4,gnina,0.34383086,0.89663093,3.3081295,0,0.85965169,4.0934048
8240,182,17702,2528,6zug_QPW_H_1001,6,smina,0.45996326,0.95455727,2.9216385,0,0,8.1054471
8241,182,13514,1930,5tdt_MBN_A_502,4,gnina,0.43314047,0.94322857,3.0319281,0,0.11663416,19.554269
8242,182,17373,2481,6u6c_P1T_H_504,6,smina,0.28115758,0.92036391,2.9621391,0,0,4.7618404
8243,182,8075,1153,4dd8_BAT_B_1000,4,gnina,0.63068877,0.91746862,4.259253,0,3.0038879e-07,10.171913
8244,182,9526,1360,4nkw_PLO_B_601,6,smina,0.21697519,0.91629842,2.9085867,0,0,2.2062187
8245,182,1168,166,1ij8_BNI_A_501,6,smina,0.1975868,0.91322217,2.8930683,0,0,6.7968842
8246,182,14860,2122,6ba2_7KM_A_809,6,smina,0.28279785,0.9131789,3.0564909,0,0.996747,7.1925055
8247,182,9519,1359,4nkw_PLO_A_601,6,smina,0.21664212,0.91223536,2.9544394,0,0,2.2842498
8248,182,9540,1362,4nkw_PLO_D_601,6,smina,0.21603998,0.91175581,2.9544394,0,0,2.1402446
8249,182,60,8,1aia_PMP_B_411,4,gnina,0.40916913,0.91099295,3.3929441,0,0.94866523,3.4244382
8250,182,5177,739,2qs2_UBF_A_603,4,gnina,0.346814,0.90994767,3.1203182,0,0.69927724,4.9581718
8251,182,17366,2480,6u6c_P1T_F_805,6,smina,0.19393641,0.90682563,2.9621391,0,0,4.0707344
8252,182,16505,2357,6pdd_O9S_A_803,6,smina,0.28099797,0.90152378,3.2005856,0,0.98747259,5.9221216
8253,182,11106,1586,5awd_IDQ_A_901,4,gnina,0.40857423,0.90083746,3.4696472,0,4.8913406e-05,6.0217057
8254,182,10784,1540,4zsy_RW2_C_502,4,gnina,0.82308695,0.90000002,5.7135258,0,0.99101208,11.812075
8255,182,13446,1920,5t6b_TMP_D_503,6,smina,0.18783878,0.89924267,3.0264158,0,0,3.5256462
8256,182,14433,2061,5ybp_8SX_B_303,6,smina,0.18783868,0.89704675,3.0500064,0,0,4.2019395
8257,182,10777,1539,4zsy_RW2_B_502,4,gnina,0.82300927,0.89628843,5.7814164,0,0,9.349308
8258,182,5359,765,2uuj_896_B_1250,4,gnina,0.40857408,0.89545847,3.4401972,0,0.99403521,5.5167349
8259,182,7678,1096,4cdt_M48_A_801,6,smina,0.18682086,0.88669804,3.1698022,0,0,5.0473018
8260,182,10385,1483,4wxb_CIT_D_501,4,gnina,0.40864078,0.88662056,3.7079227,0,0.018699635,7.3303185
8261,182,13818,1974,5uo5_M4R_A_803,0,surfdock,0.53337389,0.88385485,3.9797275,0,0.98346452,4.0920005
8262,182,15994,2284,6m92_J8V_A_601,6,smina,0.19614031,0.88257485,3.2880869,0,0,6.7491456
8263,182,10378,1482,4wxb_CIT_C_501,4,gnina,0.41130898,0.88243546,3.8065321,0,0,5.4464161
8264,182,13796,1970,5unt_8J1_A_803,6,smina,0.21725825,0.88210577,3.3580134,0,8.8451123e-11,4.7389043
8265,182,15651,2235,6jc7_F0G_C_601,6,smina,0.28685091,0.88057649,3.4946208,0,8.5592851e-08,5.4796883
8266,182,5501,785,2vmp_PLP_A_501,6,smina,0.2170591,0.88029028,3.3798487,0,1.8090978e-06,5.7592126
8267,182,4605,657,2ij7_TPF_F_2474,6,smina,0.18950829,0.87997973,3.3060007,0,0,3.3142228
8268,182,6369,909,3rsc_TYD_A_397,6,smina,0.27998479,0.87967171,3.4718914,0,0,5.0815933
8269,182,11225,1603,5c8w_PCG_B_303,4,gnina,0.40857408,0.87835417,3.6815195,0,0.99425099,3.6083582
8270,182,15644,2234,6jc7_F0G_B_601,6,smina,0.27998479,0.8780563,3.4946208,0,6.772339e-08,8.6899014
8271,182,8677,1239,4i0b_CMP_A_301,4,gnina,0.42489559,0.87774939,3.892674,0,0.99414521,3.5531198
8272,182,14697,2099,6a2m_UMP_A_703,4,gnina,0.59675412,0.87735498,4.1506643,0,0.99129983,4.5884637
8273,182,6957,993,3wgc_PLG_D_401,6,smina,0.21596603,0.87721244,3.4081373,0,6.0492355e-08,4.5658683
8274,182,1308,186,1j3i_WRA_B_709,6,smina,0.33496271,0.87521545,3.5821269,0,8.4858114e-06,5.9307645
8275,182,11001,1571,5adi_TUE_B_800,4,gnina,0.40857408,0.87513954,3.7284195,0,2.8514416e-06,4.014409
8276,182,4584,654,2ij7_TPF_A_2472,6,smina,0.20445505,0.87500492,3.4164157,0,0,3.3913157
8277,182,8404,1200,4fxr_BMP_B_301,4,gnina,0.61539915,0.87377293,4.5404878,0,0.84727252,3.9915536
8278,182,1336,190,1j3k_WRA_B_709,6,smina,0.29247164,0.87041165,3.6449995,0,0.05307699,7.4987744
8279,182,1224,174,1iwe_IMP_A_460,6,smina,0.18783868,0.86909603,3.426573,0,0,3.138003
8280,182,2503,357,1s3u_TQD_A_187,4,gnina,0.4259696,0.86782845,4.0455685,0,0.98746266,5.1361792
8281,182,16482,2354,6oph_6QB_A_401,4,gnina,0.53061514,0.86760951,4.2193685,0,0.5677005,6.5623391
8282,182,9328,1332,4mju_27S_A_501,4,gnina,0.46875473,0.86757144,4.1178188,0,0.82674956,4.8758192
8283,182,5478,782,2vlf_PLI_A_1457,4,gnina,0.54919633,0.86640407,4.2774954,0,0.84343943,4.6083584
8284,182,3933,561,2c6q_IMP_E_1337,6,smina,0.20196775,0.86617079,3.5237384,0,0,3.3781443
8285,182,15637,2233,6jc7_F0G_A_601,6,smina,0.20268866,0.86597323,3.5339704,0,4.334176e-08,5.6134386
8286,182,8621,1231,4hzf_CMP_A_301,4,gnina,0.4264266,0.86439198,4.1008649,0,0.99443786,3.4799246
8287,182,4554,650,2iht_TPP_B_600,4,gnina,0.89845727,0.8629552,6.964097,0,0.83624315,12.284061
8288,182,12571,1795,5iuy_BOG_C_503,6,smina,0.1858007,0.8626396,3.5005109,0,1.6136138e-07,4.3640239
8289,182,10966,1566,5a8k_TP7_A_558,4,gnina,0.82292857,0.8607002,6.4957352,0,0.99548915,19.030661
8290,183,4990,712,2pnz_UDP_A_250,6,smina,0.23604105,1.003772,2.1331408,0,0,4.7270322
8291,183,5027,718,2q1a_2KT_X_295,1,unimol,0.92181101,0.97278841,5.0911045,0,0.98694753,13.15
8292,183,13789,1969,5unr_8EV_B_803,6,smina,0.19082442,0.92801562,2.8769071,0,0,4.2715642
8293,183,12046,1720,5g4r_LF1_D_1739,6,smina,0.22483114,0.92383512,2.9847295,0,0,5.0331798
8294,183,6341,905,3roe_THM_E_265,6,smina,0.27915948,0.92236575,3.0597534,0,0,2.0928902
8295,183,6320,902,3roe_THM_B_265,6,smina,0.27590034,0.92013315,3.0597534,0,0,3.0666337
8296,183,571,81,1fs5_16G_B_2267,4,gnina,0.41214614,0.91919953,3.4151154,0,1.8410498e-06,3.188571
8297,183,15957,2279,6lx5_C5F_A_502,4,gnina,0.4116342,0.91898858,3.2720757,0,0,3.0483064
8298,183,564,80,1fs5_16G_A_1267,4,gnina,0.4117692,0.91873138,3.4151154,0,1.2464404e-07,2.8563562
8299,183,13817,1973,5uo3_8EY_A_803,6,smina,0.2934543,0.91775666,3.1476572,0,5.6091763e-07,5.0215834
8300,183,1103,157,1hot_16G_A_269,4,gnina,0.41164392,0.91732695,3.4151154,0,2.5018792e-08,3.1511857
8301,183,6348,906,3roe_THM_F_265,6,smina,0.21926874,0.91717646,3.0597534,0,0,2.4774311
8302,183,2856,408,1u1g_BBB_E_7300,0,surfdock,0.41983712,0.91323483,3.5170805,0,0,4.4326533
8303,183,5354,764,2tmk_ATM_B_217,6,smina,0.2290821,0.9132269,3.1159902,0,0,4.8593598
8304,183,1005,143,1h5r_THM_D_1293,4,gnina,0.42415121,0.91222544,3.5358996,0,0.9802655,3.5105537
8305,183,6327,903,3roe_THM_C_265,6,smina,0.21227872,0.90990854,3.12744,0,0,2.8767821
8306,183,2863,409,1u1g_BBB_F_8300,0,surfdock,0.41983712,0.90714874,3.5986347,0,0,4.5532124
8307,183,15173,2167,6f77_PLP_E_600,4,gnina,0.58904288,0.90615039,3.8176966,0,0.9306998,7.5011263
8308,183,16993,2427,6s51_KVQ_A_901,4,gnina,0.57078504,0.90388853,3.8335655,0,0.99558929,4.6816886
8309,183,8724,1246,4i4v_NGA_D_201,2,diffdock,0.17702648,0.89927847,2.2640989,0,0,23.538219
8310,183,1110,158,1hot_16G_B_271,4,gnina,0.36673894,0.89874555,3.4505172,0,4.3482707e-07,2.8319864
8311,183,9006,1286,4jzx_476_B_402,4,gnina,0.4116342,0.89868115,3.5380847,0,0.95173007,4.3652241
8312,183,16568,2366,6png_OSG_A_802,6,smina,0.21537171,0.89809829,3.2918329,0,1.0934366e-05,4.1539553
8313,183,2855,407,1u1g_BBB_D_6300,6,smina,0.45966924,0.89790972,3.7773256,0,0,9.1159708
8314,183,16547,2363,6pn9_OU7_B_803,6,smina,0.20111566,0.89688984,3.2675252,0,0,7.2436753
8315,183,16582,2368,6png_OSG_B_804,6,smina,0.20963034,0.89656085,3.2918329,0,8.8280756e-06,4.3267833
8316,183,991,141,1h5r_THM_C_1293,4,gnina,0.4116342,0.89503371,3.5877275,0,0.00024132294,3.4453757
8317,183,1775,253,1m3u_KPL_I_265,4,gnina,0.54452956,0.8889883,4.0304518,0,0.94391972,7.0535466
8318,183,6339,905,3roe_THM_E_265,4,gnina,0.48388332,0.88865776,3.9533756,0,0.98448371,5.9358345
8319,183,4533,647,2i1v_FDP_B_710,4,gnina,0.41164376,0.88829488,3.8090208,0,0.73499334,3.6451436
8320,183,6318,902,3roe_THM_B_265,4,gnina,0.48384741,0.88703264,3.9533756,0,0.96261141,9.453656
8321,183,13691,1955,5ud3_P6F_A_404,6,smina,0.18793306,0.88550693,3.388164,0,0.48991596,7.0249366
8322,183,15159,2165,6f77_PLP_C_600,4,gnina,0.41163631,0.88468539,3.8494372,0,3.3601838e-05,7.1131681
8323,183,6346,906,3roe_THM_F_265,4,gnina,0.4434015,0.88462299,3.9533756,0,0.98829403,6.3524501
8324,183,11199,1599,5c38_DA8_A_403,6,smina,0.20244049,0.88459656,3.4382679,0,4.1242047e-09,8.0245342
8325,183,15141,2163,6f76_CVK_C_203,0,surfdock,0.65928781,0.88069991,5.0714531,0,0.98460263,4.0931243
8326,183,16589,2369,6po9_OS7_A_803,6,smina,0.2361758,0.88043313,3.5509202,0,7.5325515e-14,4.618569
8327,183,13824,1974,5uo5_M4R_A_803,6,smina,0.2917093,0.87904283,3.6588385,0,0.99294021,6.8947199
8328,183,16596,2370,6po9_OS7_B_804,6,smina,0.21838321,0.87898082,3.5566154,0,8.7493072e-12,4.4263257
8329,183,6325,903,3roe_THM_C_265,4,gnina,0.43832061,0.87787239,4.0433817,0,0.98966867,6.0684947
8330,183,9342,1334,4mol_2FG_A_802,4,gnina,0.45143072,0.87582513,4.0891747,0,0.94412743,7.0462501
8331,183,12044,1720,5g4r_LF1_D_1739,4,gnina,0.44742256,0.87545655,4.0930667,0,0.99701573,5.3438541
8332,183,8710,1244,4i4v_NGA_A_202,2,diffdock,0.17688401,0.8725583,2.3333294,0,2.1177677e-32,22.223696
8333,183,5292,756,2r5e_QLP_B_430,0,surfdock,0.41302118,0.87215053,4.0868678,0,0,4.4178894
8334,183,3102,443,1wmz_A2G_B_502,1,unimol,0.81659268,0.86982997,6.3819389,0,0.9375668,23.25
8335,183,3164,452,1x2a_PDG_B_1413,0,surfdock,0.53325346,0.86979412,4.3047376,0,0.33942192,4.4028575
8336,183,15322,2188,6fs7_E4Z_A_903,6,smina,0.19001714,0.86920466,3.6323156,0,0,4.1097238
8337,183,2223,317,1pl6_572_D_411,4,gnina,0.35271534,0.86907921,3.8363817,0,0.48072733,4.623612
8338,183,15329,2189,6fs7_E4Z_C_903,6,smina,0.18696231,0.86819192,3.6058888,0,0,4.1130929
8339,183,16132,2304,6nba_P1T_A_501,4,gnina,0.4116342,0.86808337,3.9735889,0,0.98245257,7.5396858
8340,184,16848,2406,6r73_LMP_B_301,6,smina,0.20713533,1.0065727,2.1225893,0,0,8.0588347
8341,184,17772,2538,7jis_VBS_A_1101,6,smina,0.21436624,0.97960132,2.4070044,0,0,10.908062
8342,184,5879,839,2yi6_6QM_A_1225,6,smina,0.21238957,0.96217565,2.5775406,0,0,4.9483493
8343,184,4570,652,2ihu_TP9_A_600,6,smina,0.27713397,0.95267643,2.7499211,0,0.99438923,7.7165215
8344,184,4577,653,2ihu_TP9_B_600,6,smina,0.27713397,0.95267643,2.7499211,0,0.99422697,7.7375782
8345,184,17534,2504,6vv9_RQ1_A_202,6,smina,0.187086,0.9494881,2.6814706,0,1.368556e-09,7.0657824
8346,184,13570,1938,5tm5_7EV_A_601,4,gnina,0.41369785,0.94740967,2.9654129,0,0.9733016,5.9768533
8347,184,13577,1939,5tm5_7EV_B_601,4,gnina,0.41369785,0.94701138,2.9700603,0,0,5.9534922
8348,184,13250,1892,5o3g_9J8_A_501,6,smina,0.27713397,0.94652272,2.8193381,0,0,6.8347929
8349,184,17541,2505,6vv9_RQ1_B_304,6,smina,0.19042685,0.94393941,2.7561581,0,7.5524823e-10,6.8858042
8350,184,8968,1281,4jmz_1M2_A_302,1,unimol,0.91599835,0.93006473,5.779108,0,0.99511189,17.31
8351,184,13229,1889,5o3b_9HZ_D_501,6,smina,0.2771235,0.91307067,3.1969638,0,0,7.4717362
8352,184,4358,622,2fzb_TOL_A_900,4,gnina,0.35328087,0.90800571,3.3422265,0,9.7095543e-08,4.129758
8353,184,13243,1891,5o3f_9HT_A_501,6,smina,0.18921811,0.90642739,3.2013137,0,0,8.0962284
8354,184,16846,2406,6r73_LMP_B_301,4,gnina,0.43705463,0.9019794,3.7131562,0,0.051271179,6.8898822
8355,184,12606,1800,5j5i_6GM_C_302,6,smina,0.45524248,0.89596057,3.8148367,0,0,9.9952868
8356,184,12599,1799,5j5i_6GM_B_302,6,smina,0.45577427,0.89449528,3.8372028,0,0,8.4063817
8357,184,12627,1803,5j5i_6GM_F_303,6,smina,0.45364621,0.89265493,3.8601682,0,0,11.210857
8358,184,12641,1805,5j5i_6GM_I_302,6,smina,0.45609076,0.89162713,3.8813703,0,0,10.808524
8359,184,17455,2493,6v8n_QS1_A_1704,4,gnina,0.352107,0.89143714,3.5434787,0,0.92450931,8.766993
8360,184,13822,1974,5uo5_M4R_A_803,4,gnina,0.97586543,0.89002853,6.6992755,0,9.7530062e-05,7.6623359
8361,184,14277,2039,5xvv_AKG_A_508,4,gnina,0.35300693,0.88921246,3.5866382,0,0.00089210218,8.9707861
8362,184,10637,1519,4z69_DIF_I_1006,4,gnina,0.59459764,0.88691787,4.1014194,0,6.2971082e-05,3.9592091
8363,184,13411,1915,5sga_TYR_P_1,6,smina,0.35219871,0.88517645,3.6328163,0,0,19.837972
8364,184,2055,293,1o29_UFP_C_813,4,gnina,0.54406882,0.88224828,4.1363268,0,0.97169727,4.4268935
8365,184,10630,1518,4z69_DIF_A_1008,4,gnina,0.5188831,0.88114638,4.1177468,0,0.014437936,5.6755911
8366,184,7697,1099,4cjs_L0Y_B_1217,4,gnina,0.70388058,0.88108469,5.1962609,0,0.00065909587,10.435569
8367,184,10616,1516,4z69_DIF_A_1006,4,gnina,0.42451887,0.87751947,4.048275,0,0.82222964,7.1429264
8368,185,3579,511,227l_BNZ_A_169,2,diffdock,0.17037046,1.0190073,1.9311126,0,0,9.9307716
8369,185,930,132,1h48_GPP_C_904,6,smina,0.22156047,0.96190802,2.5789437,0,0,3.2792765
8370,185,16484,2354,6oph_6QB_A_401,6,smina,0.29451968,0.91733433,3.1751633,0,0,7.4903377
8371,185,7872,1124,4cmk_FQW_A_1270,4,gnina,0.60065818,0.90960658,3.7336385,0,0.003509029,4.4398871
8372,185,9050,1292,4kfj_1R0_A_202,6,smina,0.18739412,0.90278397,3.2322066,0,2.5587374e-05,6.7624517
8373,185,9916,1416,4rii_TYD_B_401,4,gnina,0.64060447,0.8842155,4.8945203,0,0.99723792,5.4983186
8374,185,9918,1416,4rii_TYD_B_401,6,smina,0.28025595,0.88375802,3.612293,0,0,7.4948229
8375,185,12655,1807,5j61_A3G_B_501,6,smina,0.25406908,0.87789596,3.6279755,0,0.95303339,4.9386432
8376,185,12676,1810,5j61_A3G_G_501,6,smina,0.23200307,0.87728442,3.6284444,0,0.96826855,5.859872
8377,185,16685,2383,6qdc_HXE_A_1004,4,gnina,0.41322318,0.87711553,3.9849269,0,0.016836085,4.8541099
8378,185,4799,685,2ntk_IMP_B_206,4,gnina,0.60206148,0.87439605,4.2585945,0,0.98638931,4.3099784
8379,185,13901,1985,5vrj_R07_A_204,6,smina,0.27275742,0.8740759,3.7019629,0,0,7.0999374
8380,185,10322,1474,4wmz_TPF_A_602,4,gnina,0.41317812,0.8715988,3.9345047,0,1.1269131e-05,3.5990536
8381,185,16218,2316,6ngu_KMJ_A_803,6,smina,0.20178827,0.87133911,3.6801662,0,0,5.5630646
8382,185,14762,2108,6a7e_9QR_A_201,6,smina,0.34684545,0.86884385,3.8394108,0,1.7912526e-05,8.33112
8383,185,9531,1361,4nkw_PLO_C_601,4,gnina,0.41317814,0.86579404,4.1277285,0,0.99258858,6.3839773
8384,185,16190,2312,6ng5_KMD_B_803,6,smina,0.27604617,0.86447822,3.8653221,0,0,7.6689985
8385,185,16246,2320,6nhd_KNV_A_803,6,smina,0.21234118,0.86383854,3.8024244,0,0,4.5911927
8386,185,13815,1973,5uo3_8EY_A_803,4,gnina,0.6055133,0.86236435,4.4550004,0,5.8257169e-06,4.9549634
8387,185,5291,755,2r5e_QLP_A_430,6,smina,0.27604617,0.86081068,3.9201391,0,0,7.2225717
8388,185,4547,649,2iht_TPP_A_600,4,gnina,0.82099029,0.85772088,6.599503,0,0.88359018,10.768545
8389,185,837,119,1h1i_QUE_C_1358,4,gnina,0.41317812,0.85660522,4.1634798,0,0.98421302,4.755034
8390,185,16223,2317,6ngu_KMJ_B_803,4,gnina,0.4942993,0.85560305,4.4643221,0,0,5.3721606
8391,185,7692,1098,4cjs_L0Y_A_1217,6,smina,0.47729879,0.85423146,4.4281077,0,0,11.12129
8392,185,16351,2335,6o1s_7SD_E_803,6,smina,0.31823859,0.85269881,4.0802617,0,2.1887179e-11,10.062978
8393,185,8663,1237,4i02_CMP_B_302,4,gnina,0.41258419,0.85263363,4.1404328,0,0.99747704,4.2324259
8394,185,10856,1550,4zvv_GN0_B_404,6,smina,0.25510308,0.8505307,4.0340748,0,0,6.6909345
8395,185,760,108,1gz5_G6P_A_901,4,gnina,0.48320775,0.85028186,4.4965916,0,1.6373853e-06,5.2726861
8396,185,16216,2316,6ngu_KMJ_A_803,4,gnina,0.43275986,0.85006692,4.4643221,0,1.8426388e-06,7.1569991
8397,185,13327,1903,5oew_9TE_C_301,6,smina,0.19547069,0.84964005,3.9906421,0,0,3.6381095
8398,185,935,133,1h48_GPP_E_904,4,gnina,0.41317812,0.84779445,4.3036456,0,0.071346744,4.5912288
8399,185,2505,357,1s3u_TQD_A_187,6,smina,0.47418412,0.84679424,4.5438404,0,0,4.8289497
8400,185,4792,684,2ntk_IMP_A_205,4,gnina,0.41317812,0.84585128,4.3351417,0,0.98009597,5.4591235
8401,185,13780,1968,5unr_8EV_A_803,4,gnina,0.41317812,0.84553206,4.3403358,0,5.5719371e-06,4.7744884
8402,185,10849,1549,4zvv_GN0_A_405,6,smina,0.21545119,0.84522466,4.097682,0,0,6.3010104
8403,185,872,124,1h48_C5P_B_901,4,gnina,0.41317812,0.84491606,4.3503771,0,0.98972785,3.8722122
8404,185,5128,732,2qd4_CHD_B_927,4,gnina,0.41317812,0.84479375,4.4473672,0,3.6144474e-08,4.4128993
8405,185,16531,2361,6pmv_M16_A_803,4,gnina,0.41317812,0.84385121,4.4683967,0,4.6073657e-06,3.4957
8406,185,16365,2337,6o5m_G8K_B_506,6,smina,0.21812032,0.84338366,4.130249,0,0.63066326,6.4511736
8407,185,8670,1238,4i02_CMP_C_301,4,gnina,0.41317812,0.84291633,4.3831229,0,0.9934277,4.467949
8408,185,2512,358,1s3v_TQD_A_187,6,smina,0.26645289,0.84166538,4.1805496,0,0,4.7870474
8409,185,17679,2525,6zi7_QR8_C_502,4,gnina,0.41385739,0.84031825,4.5948834,0,0.81453428,6.9325332
8410,185,17672,2524,6zi7_QR8_A_502,4,gnina,0.4131965,0.84007764,4.5697613,0,0.99600034,7.4665222
8411,185,17686,2526,6zi7_QR8_F_503,4,gnina,0.4132132,0.83993853,4.5739408,0,0.98630957,6.9950933
8412,185,16230,2318,6nh0_KND_A_803,4,gnina,0.61652865,0.83801672,5.5429449,0,1.9893493e-08,5.88095
8413,185,4633,661,2ixi_TYD_B_1182,6,smina,0.21471101,0.83796662,4.2115011,0,0,5.1143062
8414,185,8642,1234,4i02_CMP_A_301,4,gnina,0.41317812,0.83741776,4.4743633,0,0.44397894,4.8181437
8415,185,13929,1989,5vuu_9OJ_B_803,6,smina,0.19246549,0.83684734,4.1903105,0,4.1056667e-09,4.6223086
8416,185,4806,686,2ntk_IMP_D_208,4,gnina,0.41317812,0.83586692,4.5004206,0,7.5378311e-06,5.4277978
8417,185,11008,1572,5aew_BNL_C_462,4,gnina,0.41324934,0.83583667,4.6549969,0,0.00053173872,201.315
8418,186,1042,148,1h7q_TYD_A_1258,6,smina,0.18600738,0.97506211,2.4223278,0,0,5.6100149
8419,186,14881,2125,6btq_E8S_A_305,6,smina,0.18766922,0.96076046,2.5829492,0,0,10.629349
8420,186,15539,2219,6ho2_GHN_A_301,6,smina,0.27317375,0.94514647,2.8228567,0,0,9.4066792
8421,186,12333,1761,5i3p_68T_A_1003,6,smina,0.2176459,0.92545268,3.0183344,0,0,10.702583
8422,186,14949,2135,6cqu_HI6_B_601,4,gnina,0.51576849,0.92116429,3.4779797,0,0.13503135,5.8452352
8423,186,2027,289,1o28_UFP_B_708,4,gnina,0.41549413,0.90493944,3.5809836,0,1.0721248e-05,4.9811356
8424,186,2020,288,1o28_UFP_A_703,4,gnina,0.41543031,0.90365799,3.5809836,0,0.00034104143,6.1738447
8425,186,2041,291,1o29_UFP_A_803,4,gnina,0.41543399,0.90363191,3.5940695,0,7.9691224e-06,4.5643243
8426,186,2048,292,1o29_UFP_B_808,4,gnina,0.41543061,0.90186039,3.607193,0,0.00043521144,4.1637584
8427,186,15537,2219,6ho2_GHN_A_301,4,gnina,0.48837721,0.89760156,3.7679808,0,0.926569,6.8044946
8428,186,5107,729,2qd1_CHD_D_802,4,gnina,0.41542975,0.89246173,3.7089803,0,5.6557695e-11,5.4673389
8429,186,16692,2384,6qde_HWW_A_502,4,gnina,0.41542975,0.88927217,3.6831651,0,0,6.0091414
8430,186,16699,2385,6qde_HWW_A_503,4,gnina,0.41542975,0.88887684,3.68874,0,0,5.9598357
8431,186,15658,2236,6jc7_F0G_D_601,6,smina,0.21278336,0.88609156,3.5223813,0,1.9152359e-07,5.9662486
8432,186,13640,1948,5u8z_83D_B_602,4,gnina,0.41542976,0.88421707,3.8450255,0,1.5370638e-06,30.061559
8433,186,13647,1949,5u8z_83D_C_602,4,gnina,0.41542976,0.88398538,3.8467348,0,3.5625618e-07,10.990908
8434,186,13241,1891,5o3f_9HT_A_501,4,gnina,0.51576849,0.87834978,4.0830069,0,0.79377123,9.2734987
8435,186,14692,2098,6a2m_9QR_B_701,6,smina,0.2790095,0.87815003,3.7042229,0,3.8643968e-10,9.4798681
8436,186,13654,1950,5u8z_83D_D_602,4,gnina,0.41542975,0.87799983,3.8450255,0,4.3888664e-08,10.547421
8437,186,14685,2097,6a2m_9QR_A_701,6,smina,0.27317375,0.8766505,3.7042229,0,4.6543124e-08,10.929546
8438,186,7524,1074,4b98_PXG_D_470,6,smina,0.2384183,0.87039047,3.7547553,0,0,7.7632986
8439,186,15631,2233,6jc7_F0G_A_601,0,surfdock,0.5764137,0.86857824,4.2908778,0,0.99311049,3.8970423
8440,186,3499,499,1zjp_DR4_A_1,6,smina,0.20754699,0.86843708,3.7614665,0,0.890226,8.9878228
8441,186,13542,1934,5tix_OQR_A_302,4,gnina,0.41542975,0.86813293,3.9917934,0,0.060977967,4.6633628
8442,186,7475,1067,4b1f_KRH_A_1256,6,smina,0.278826,0.8656065,3.8859496,0,0,9.9065797
8443,186,8278,1182,4ejh_0QA_E_502,4,gnina,0.49402218,0.86513756,4.2789774,0,0.51869388,17.869656
8444,186,9909,1415,4rii_TYD_A_401,4,gnina,0.41542975,0.86406337,4.0537691,0,0.91691665,5.4427426
8445,186,13549,1935,5tix_OQR_B_302,4,gnina,0.41542975,0.86366329,4.0599084,0,0.065940444,3.8655086
8446,186,14547,2078,5z9b_AX7_A_304,1,unimol,0.76211277,0.86064407,5.8780303,0,0,19.75
8447,186,13003,1857,5lwy_OLB_A_404,4,gnina,0.41542975,0.85712245,4.243041,0,2.1533707e-15,10.346976
8448,186,9685,1383,4pb4_PLP_B_401,4,gnina,0.37009007,0.85581612,4.0937357,0,0,5.9930354
8449,186,12331,1761,5i3p_68T_A_1003,4,gnina,0.47667758,0.85505596,4.3931284,0,0.83469176,8.2910679
8450,186,9678,1382,4pb4_PLP_A_401,4,gnina,0.35782897,0.85469682,4.0937357,0,0,6.05607
8451,186,5121,731,2qd4_CHD_A_803,4,gnina,0.35571565,0.85431215,4.0735583,0,3.1758291e-07,4.0629989
8452,186,4213,601,2f7x_4EA_E_351,6,smina,0.32993179,0.85413791,4.0710373,0,0,7.4827303
8453,186,14986,2140,6dl7_ONC_E_301,6,smina,0.26585906,0.85162174,4.0473447,0,0,5.2033356
8454,186,14993,2141,6dl7_ONC_G_301,6,smina,0.27317372,0.84972636,4.087429,0,0,5.0619105
8455,186,17665,2523,6zac_QDE_A_4000,4,gnina,0.35794015,0.84826468,4.1969366,0,0.96881303,7.7968864
8456,186,711,101,1gim_IMP_A_440,4,gnina,0.41542975,0.84778348,4.3105431,0,0.00023428362,3.9151268
8457,186,14690,2098,6a2m_9QR_B_701,4,gnina,0.63884498,0.84699322,5.5097132,0,1.4774125e-08,8.9599625
8458,186,8285,1183,4ejh_0QA_F_502,4,gnina,0.41542975,0.84685475,4.325634,0,0.93840715,21.37507
8459,186,14979,2139,6dl7_ONC_C_301,6,smina,0.21308585,0.84641145,4.111412,0,0,4.8285355
8460,186,249,35,1cib_IMP_A_440,4,gnina,0.41542975,0.84639282,4.333158,0,0.00021334828,3.8731861
8461,186,2545,363,1sff_IK2_C_450,4,gnina,0.62558078,0.84616883,5.4575987,0,0.96626312,6.7195646
8462,186,4036,576,2dv0_ZST_A_600,4,gnina,0.41542975,0.84570122,4.3444457,0,0.97243901,5.3074447
8463,186,3163,451,1x2a_PDG_A_413,6,smina,0.26832459,0.84344737,4.1780105,0,0,9.6779315
8464,186,4337,619,2fz8_ZST_A_600,4,gnina,0.41542975,0.84288337,4.3907218,0,0.99334807,7.6681023
8465,186,14804,2114,6av2_BY7_A_803,6,smina,0.21015194,0.8423977,4.1663227,0,0,5.8420282
8466,186,12996,1856,5lwy_OLB_A_403,4,gnina,0.41542975,0.84230121,4.477468,0,0,9.6932305
8467,186,13017,1859,5lwy_OLB_A_407,4,gnina,0.41542975,0.84127256,4.5129495,0,3.3360992e-07,9.418667
8468,187,1381,197,1jhv_PCR_A_990,2,diffdock,0.16603847,1.0926846,1.3113023,0,0.44500372,13.714825
8469,187,16067,2295,6mry_FLC_K_101,2,diffdock,0.16544429,0.97010885,1.8972706,0,0,26.547296
8470,187,2080,297,1o68_KIV_D_275,1,unimol,0.97067596,0.93037776,5.7568159,0,0.99160496,19.07
8471,187,2087,298,1o68_KIV_E_275,1,unimol,0.92406437,0.92606535,5.7568159,0,0.9215331,18.84
8472,187,2073,296,1o68_KIV_A_275,1,unimol,0.92368857,0.92596506,5.7568159,0,0.96902026,18.94
8473,187,3299,471,1yik_MM1_A_500,2,diffdock,0.16488543,0.92089924,2.1982741,0,1.8288716e-40,8.1975909
8474,187,2949,421,1v3v_5OP_A_1360,2,diffdock,0.16576459,0.91255517,2.7120616,0,1.4170892e-44,25.108219
8475,187,9884,1412,4r2n_PLP_B_401,0,surfdock,0.53024617,0.91243656,3.5364685,0,0.9848017,4.4674227
8476,187,4897,699,2o7d_DHC_E_701,4,gnina,0.6118954,0.91161506,3.7903097,0,0.47651527,16.884287
8477,187,4911,701,2o7d_DHC_H_701,4,gnina,0.61262962,0.91141871,3.7995782,0,5.3417731e-05,16.261313
8478,187,6260,894,3qxx_8AC_A_221,2,diffdock,0.16590103,0.90530545,3.0394185,0,0.073740424,12.347395
8479,187,3054,436,1w3t_3GR_A_1297,2,diffdock,0.16568247,0.90455402,2.7373178,0,0,28.358857
8480,187,4904,700,2o7d_DHC_G_701,4,gnina,0.60565832,0.90242557,3.7350638,0,0.99698834,59.704802
8481,187,9377,1339,4mpr_TPP_A_602,4,gnina,0.81863134,0.90222321,5.6184273,0,0.066398459,8.4519269
8482,187,11876,1696,5fkl_TDC_A_222,4,gnina,0.41314637,0.89916142,3.5035222,0,0,3.6784918
8483,187,5403,771,2uza_HTL_B_1236,6,smina,0.1848005,0.89434533,3.3732197,0,0,7.8538352
8484,187,14935,2133,6cgc_F0A_A_402,4,gnina,0.49369137,0.88492518,3.9042361,0,0.047204281,5.9907433
8485,187,4538,648,2i6p_4NP_A_401,2,diffdock,0.16585394,0.88336267,3.2983115,0,0,13.893354
8486,187,10280,1468,4w1v_3GS_B_502,4,gnina,0.41314637,0.88106415,3.7595267,0,0.13109496,5.1254658
8487,187,4685,669,2j9e_AKG_C_1119,2,diffdock,0.16412698,0.87709796,1.9666775,0,0,18.705872
8488,187,16053,2293,6mry_FLC_C_102,2,diffdock,0.16361732,0.87514261,1.3812796,0,0,21.673914
8489,187,1633,233,1l5o_2MP_A_990,2,diffdock,0.16601615,0.87229707,3.5853775,0,4.2788329e-30,13.461865
8490,187,14788,2112,6ald_2FP_B_700,4,gnina,0.4131489,0.87065684,4.0049319,0,3.3368578e-06,5.9183163
8491,187,15196,2170,6fa1_D2Z_B_203,6,smina,0.25144931,0.87057181,3.746578,0,0,6.574502
8492,187,14781,2111,6ald_2FP_A_700,4,gnina,0.41314637,0.86468263,4.0049319,0,2.1624969e-06,7.1249077
8493,187,15194,2170,6fa1_D2Z_B_203,4,gnina,0.47291811,0.86280636,4.2040353,0,2.1235065e-07,5.5375984
8494,187,16139,2305,6nba_P1T_B_501,4,gnina,0.41314637,0.86146531,4.0547509,0,0,7.8426147
8495,187,16153,2307,6nba_P1T_D_501,4,gnina,0.41314637,0.86146531,4.0547509,0,0.97476192,13.201151
8496,187,520,74,1fk1_DAO_A_201,2,diffdock,0.16585059,0.86142438,3.599535,0,0.65382583,10.970075
8497,187,17378,2482,6u6c_PZV_F_802,4,gnina,0.53382709,0.85893787,4.3426437,0,0.97899957,9.9320502
8498,187,7386,1055,4ajj_MLI_A_1333,1,unimol,0.94673665,0.85878875,7.1733236,0,0.92703882,25.1
8499,187,13810,1972,5unx_8F1_B_803,6,smina,0.21138555,0.85739824,3.9344254,0,2.2144278e-07,5.6514915
8500,187,4444,634,2gyv_HBP_B_545,6,smina,0.27151283,0.85722259,3.9737668,0,0,7.760707
8501,187,15201,2171,6fa1_D2Z_F_203,4,gnina,0.41329891,0.85048449,4.3424149,0,5.9615987e-11,5.6661117
8502,187,2510,358,1s3v_TQD_A_187,4,gnina,0.55491938,0.84967105,4.5105467,0,0.99643915,4.9979143
8503,187,2962,423,1v5y_4HC_A_1455,1,unimol,0.76686974,0.84760432,6.3088617,0,0.98753036,14.93
8504,187,12030,1718,5g4r_LF1_B_1739,4,gnina,0.41314637,0.84680403,4.288909,0,0.57918902,5.0168445
8505,187,15187,2169,6fa1_D2Z_A_203,4,gnina,0.41321216,0.84675492,4.3986459,0,1.0133335e-11,6.1826053
8506,187,15278,2182,6flu_DTK_B_401,4,gnina,0.44459826,0.84589147,4.4715886,0,3.7667334e-07,3.5509825
8507,187,11076,1582,5aov_GLV_A_1336,2,diffdock,0.16299175,0.84578957,1.2359555,0,0.035166269,12.263839
8508,187,1374,196,1jhv_NIO_A_991,2,diffdock,0.17629404,0.84545995,4.0681577,0,2.4582241e-10,16.196645
8509,187,15257,2179,6flu_DTK_A_404,4,gnina,0.516689,0.84404219,4.5748053,0,0.1855054,4.5745646
8510,187,7930,1132,4cx6_Q16_B_800,6,smina,0.27151283,0.84382292,4.1678405,0,7.5478345e-09,8.1845856
8511,187,15285,2183,6flu_DTK_B_402,4,gnina,0.48782399,0.8433842,4.5638494,0,0.061509909,3.9756417
8512,187,858,122,1h1m_KMP_B_1358,4,gnina,0.41314637,0.84320109,4.3483086,0,0,4.7012882
8513,187,865,123,1h1m_KMP_C_1358,4,gnina,0.41314637,0.84320109,4.3483086,0,0.99258705,4.7804437
8514,187,16046,2292,6mry_FLC_B_101,2,diffdock,0.16410913,0.84297107,2.2774963,0,0,27.38694
8515,187,6661,951,3vbn_TYD_E_301,4,gnina,0.56866693,0.84190338,4.6543751,0,0.84560493,5.7749872
8516,187,13033,1861,5m0e_7CR_A_922,6,smina,0.27016627,0.84083317,4.2127805,0,0,10.093862
8517,187,7923,1131,4cx6_Q16_A_800,6,smina,0.27151283,0.84048653,4.2402143,0,3.8766353e-12,6.1410783
8518,188,13859,1979,5ve5_GSH_B_402,6,smina,0.15254119,1.0845147,1.9218361,0,0.00090477109,0.81939291
8519,188,14874,2124,6bmm_OLB_A_404,6,smina,0.27174971,0.95724026,3.1562362,0,9.887511e-15,13.05393
8520,188,4578,654,2ij7_TPF_A_2472,0,surfdock,0.59299161,0.94912487,3.5708861,0,0,3.5673944
8521,188,4599,657,2ij7_TPF_F_2474,0,surfdock,0.43305736,0.94829075,3.4877741,0,0.91679073,3.6093863
8522,188,12991,1855,5lwy_OLB_A_402,6,smina,0.24875488,0.93863153,3.3489983,0,0.00020885845,11.764006
8523,188,11358,1622,5d41_57N_A_1103,4,gnina,0.41028542,0.93226967,3.5603182,0,0,5.7196652
8524,188,13026,1860,5lwy_OLB_A_409,6,smina,0.27174971,0.91816791,3.6148801,0,0,12.222767
8525,188,14118,2016,5x23_LSN_A_504,6,smina,0.18118982,0.91623226,3.5905876,0,0,7.7516468
8526,188,16239,2319,6nh0_KND_B_803,6,smina,0.20675629,0.9047884,3.7541256,0,0,6.4118617
8527,188,7662,1094,4can_M7K_B_800,4,gnina,0.41028542,0.90343024,3.9274123,0,7.1998869e-09,4.4789276
8528,188,14104,2014,5x23_LSN_A_502,6,smina,0.19636374,0.90143975,3.7875307,0,0,9.597798
8529,188,7841,1120,4clr_FDB_D_1270,1,unimol,0.84869909,0.90033108,6.4125433,0,0.99230682,23.36
8530,188,7655,1093,4can_M7K_A_800,4,gnina,0.41028542,0.89951996,3.9798331,0,5.735535e-12,4.4131267
8531,188,15810,2258,6krs_CIT_F_301,4,gnina,0.41192864,0.89742596,4.1162205,0,0.0088533478,8.9745621
8532,188,9542,1363,4np7_DPJ_A_403,1,unimol,0.7887839,0.89623188,5.9322653,0,0,21.13
8533,188,16580,2368,6png_OSG_B_804,4,gnina,0.42466264,0.89146205,4.2140746,0,9.5026989e-06,4.723086
8534,188,16232,2318,6nh0_KND_A_803,6,smina,0.20279687,0.89002795,3.943295,0,0,8.0439535
8535,188,11598,1656,5edh_5MF_B_803,6,smina,0.27174971,0.88879083,3.9986467,0,0,6.8937866
8536,188,16363,2337,6o5m_G8K_B_506,4,gnina,0.81406626,0.88569183,6.3029456,0,0,12.132119
8537,188,9416,1345,4n36_2F8_D_401,1,unimol,0.95656658,0.88405321,7.0199966,0,0.9240054,22.69
8538,188,11591,1655,5edh_5MF_A_803,6,smina,0.27174971,0.88312606,4.0769491,0,0,7.5110434
8539,188,16573,2367,6png_OSG_A_803,4,gnina,0.4102361,0.87634404,4.2488861,0,0.071864658,4.2746433
8540,188,9409,1344,4n36_2F8_C_401,1,unimol,0.87491774,0.8711999,7.0742888,0,0.95707559,22.8
8541,188,10175,1453,4uoc_NCN_B_400,4,gnina,0.41028542,0.86999094,4.3981915,0,0.95792048,4.1058233
8542,188,16251,2321,6nhd_KNV_B_803,4,gnina,0.45540925,0.86979387,4.5518179,0,5.2273014e-12,4.9723682
8543,188,15145,2163,6f76_CVK_C_203,4,gnina,0.60602004,0.86852748,4.683197,0,0,7.0498338
8544,188,503,71,1fdk_GLE_A_150,6,smina,0.18661266,0.86753627,4.2531099,0,0.0003095865,12.046879
8545,188,12555,1793,5ita_6DC_B_801,4,gnina,0.42826397,0.86614294,4.5922251,0,0.99114931,7.8113516
8546,189,5746,820,2xta_TPP_B_2001,6,smina,0.29076969,0.96698156,2.6196988,0,0.99441083,6.3933183
8547,189,5760,822,2xta_TPP_D_2001,6,smina,0.27082055,0.966582,2.6071417,0,0.38254252,11.755079
8548,189,5739,819,2xta_TPP_A_2001,6,smina,0.28734909,0.9654017,2.6344035,0,0.99330168,9.8954489
8549,189,5753,821,2xta_TPP_C_2001,6,smina,0.28178154,0.96514654,2.6344035,0,0.99434829,6.6190983
8550,189,13166,1880,5n8c_8Q8_B_403,6,smina,0.24667054,0.94412128,2.8477814,0,0,16.759659
8551,189,13159,1879,5n8c_8Q8_A_403,6,smina,0.27082055,0.94354906,2.8707983,0,0,9.5051714
8552,189,16391,2341,6ofr_BOG_A_802,4,gnina,0.41076645,0.94233711,3.101989,0,0.00027605543,4.7617952
8553,189,16419,2345,6ofr_BOG_A_806,4,gnina,0.40854994,0.93597666,3.1354048,0,2.1324041e-05,4.5212869
8554,189,16405,2343,6ofr_BOG_A_804,4,gnina,0.52418686,0.93489264,3.2546017,0,0.00071881402,5.3617663
8555,189,16384,2340,6ofr_BOG_A_801,4,gnina,0.40886128,0.92921637,3.2546017,0,0.023062997,4.4711265
8556,189,16398,2342,6ofr_BOG_A_803,4,gnina,0.40854994,0.92864201,3.2248521,0,0.00027012175,4.4837395
8557,189,16426,2346,6ofr_BOG_A_807,4,gnina,0.51841636,0.91894132,3.4532583,0,2.4961561e-07,4.6866315
8558,189,16412,2344,6ofr_BOG_A_805,4,gnina,0.40854994,0.89491371,3.6871204,0,2.2532843e-10,4.7311932
8559,189,5485,783,2vlf_PLI_B_1459,4,gnina,0.40855031,0.86910673,4.0808067,0,0.99144917,4.9419212
8560,189,5823,831,2xyj_WLM_A_1442,6,smina,0.27082055,0.86859607,3.87237,0,0,13.601991
8561,189,5744,820,2xta_TPP_B_2001,4,gnina,0.67732297,0.86730596,5.1828232,0,0,31.389462
8562,189,13913,1987,5vut_9OG_B_803,4,gnina,0.40854994,0.86715503,4.0267773,0,2.4527493e-13,6.407593
8563,189,5837,833,2xyj_WLM_B_1442,6,smina,0.27628878,0.8667474,3.9124823,0,0,11.233129
8564,189,15754,2250,6jyg_FLC_E_401,4,gnina,0.40917561,0.86650517,4.1461244,0,0.32452613,6.0837207
8565,189,15761,2251,6jyg_FLC_E_402,4,gnina,0.40861082,0.86531045,4.1542974,0,1.9979184e-06,6.3412933
8566,189,5737,819,2xta_TPP_A_2001,4,gnina,0.66821387,0.86431236,5.1971812,0,0.11317086,16.577634
8567,189,5751,821,2xta_TPP_C_2001,4,gnina,0.65338705,0.86169228,5.1971812,0,0,16.944621
8568,189,17336,2476,6tt4_FT8_B_711,4,gnina,0.39594912,0.85850147,4.0963326,0,0.99176423,6.4831171
8569,189,14270,2038,5xvt_8FL_A_709,4,gnina,0.43632289,0.85387127,4.3855433,0,1.273413e-09,7.1311861
8570,189,11904,1700,5fli_QUE_G_301,4,gnina,0.53408332,0.85297131,4.4627733,0,0.92247166,7.3092218
8571,189,6182,883,3qfx_CP6_B_702,1,unimol,0.85415646,0.84924509,7.1836228,0,0.99489177,22.62
8572,189,13920,1988,5vuu_9OJ_A_805,4,gnina,0.40855414,0.84580889,4.4684629,0,0,5.3134771
8573,189,16202,2314,6ngp_KKY_A_803,4,gnina,0.55294044,0.84572502,4.598413,0,4.7234139e-06,5.3050388
8574,189,8166,1166,4dvw_0M4_A_512,4,gnina,0.57623254,0.84451728,4.630444,0,0.43757487,3.7972729
8575,189,11911,1701,5fli_QUE_J_301,4,gnina,0.40854994,0.84020261,4.4627733,0,0,7.4141179
8576,189,3523,503,1zng_HE4_A_202,2,diffdock,0.14872765,0.8400815,4.129077,0,0.0069309607,13.276244
8577,189,11897,1699,5fli_QUE_F_301,4,gnina,0.40854994,0.84003028,4.4656963,0,0.96909891,12.770812
8578,189,11883,1697,5fli_QUE_A_301,4,gnina,0.40854994,0.83990703,4.4677873,0,4.0423739e-08,7.6699675
8579,189,11890,1698,5fli_QUE_C_301,4,gnina,0.40854994,0.83990703,4.4677873,0,0.97037544,7.2920287
8580,189,851,121,1h1m_KMP_A_1360,4,gnina,0.40854994,0.82903863,4.6558409,0,0.98710826,4.8766871
8581,189,14272,2038,5xvt_8FL_A_709,6,smina,0.20797208,0.82769252,4.5038419,0,0,8.5922428
8582,189,12058,1722,5g6k_M94_A_904,4,gnina,0.40854994,0.82724762,4.687542,0,9.852619e-06,4.0784482
8583,189,8091,1155,4dd8_BAT_D_1000,6,smina,0.27082055,0.82158586,4.6415739,0,0,21.928187
8584,189,8084,1154,4dd8_BAT_C_1000,6,smina,0.20539334,0.82102508,4.6167707,0,0,17.720911
8585,189,13801,1971,5unx_8F1_A_803,4,gnina,0.6040627,0.81953858,5.1094403,0,8.3994277e-06,6.237691
8586,189,5816,830,2xyj_WLM_A_1441,6,smina,0.20855619,0.81562107,4.7193499,0,0,12.257722
8587,189,2440,348,1rf2_BV4_H_108,4,gnina,0.41494852,0.8152005,5.0476151,0,0.78308449,6.4210959
8588,189,5830,832,2xyj_WLM_B_1441,6,smina,0.19575485,0.81508035,4.7193499,0,0,11.996656
8589,189,491,70,1eyw_TEN_A_403,1,unimol,0.92493865,0.81383136,8.300478,0,0,24.08
8590,189,13948,1992,5vv5_9OJ_B_803,4,gnina,0.40854994,0.81353136,5.0131207,0,3.090196e-10,5.797696
8591,189,2426,346,1rf2_BV4_F_106,4,gnina,0.40855322,0.81319001,5.0476151,0,0.45889408,4.5296868
8592,189,6542,934,3tyn_CXW_A_800,4,gnina,0.40854994,0.81164938,4.9725685,0,3.4146513e-07,6.7044193
8593,189,6549,935,3tyn_CXW_B_800,4,gnina,0.40854994,0.81164938,4.9725685,0,0,7.3027069
8594,189,8070,1152,4dd8_BAT_A_1000,6,smina,0.27082055,0.81123179,4.8290811,0,0,11.609531
8595,189,5758,822,2xta_TPP_D_2001,4,gnina,0.48349635,0.81119109,5.1705384,0,0,17.64348
8596,190,16888,2412,6rgg_K3Q_B_402,4,gnina,0.40921297,0.86873805,4.1325121,0,0.00017064237,5.1465576
8597,190,7298,1042,4a8p_PAO_D_1340,4,gnina,0.55705674,0.86822932,4.2277188,0,0.1008177,8.6417413
8598,190,16881,2411,6rgg_K3Q_A_403,4,gnina,0.40900633,0.86033066,4.2514877,0,0.00022155766,5.2054792
8599,190,7305,1043,4a8p_PAO_F_1340,4,gnina,0.40900598,0.85955631,4.1890898,0,0.76571764,13.610535
8600,190,7291,1041,4a8p_PAO_C_1340,4,gnina,0.40900598,0.85492973,4.2634268,0,0.80080776,6.623323
8601,190,16545,2363,6pn9_OU7_B_803,4,gnina,0.43514124,0.84730952,4.5102248,0,7.8365214e-11,6.071904
8602,190,12634,1804,5j5i_6GM_G_302,6,smina,0.27004854,0.83123914,4.5381775,0,0,9.3924258
8603,190,12613,1801,5j5i_6GM_E_302,6,smina,0.26889817,0.83054731,4.5415807,0,0,9.642855
8604,190,12585,1797,5j5i_6GM_A_302,6,smina,0.26517229,0.83024826,4.5381775,0,0,9.3563026
8605,190,12620,1802,5j5i_6GM_F_302,6,smina,0.26889817,0.82690032,4.6052151,0,0,10.249036
8606,190,3826,546,2brk_CMF_A_1534,4,gnina,0.40900598,0.82249851,4.819952,0,1.9432917e-09,7.2929776
8607,190,12592,1798,5j5i_6GM_A_303,6,smina,0.26889817,0.82242536,4.6844511,0,0,6.9479858
8608,190,12648,1806,5j5i_6GM_I_303,6,smina,0.26889817,0.82242536,4.6844511,0,0,10.379299
8609,190,3893,556,2c3d_COM_B_1526,1,unimol,0.97834127,0.8136953,8.4635353,0,0.9832389,17.45
8610,190,305,43,1d7a_AIR_A_300,4,gnina,0.4742011,0.81307692,5.1365628,0,0.0020084039,4.2937594
8611,190,7683,1097,4cdt_M48_B_801,4,gnina,0.40900598,0.81216547,5.0114107,0,1.4228179e-13,5.4171681
8612,190,3872,553,2c3d_COM_A_1525,1,unimol,0.97702786,0.81215087,8.4843864,0,0.96119892,20.66
8613,190,16587,2369,6po9_OS7_A_803,4,gnina,0.40928322,0.81194331,5.1177154,0,8.3485485e-12,5.1688074
8614,190,16594,2370,6po9_OS7_B_804,4,gnina,0.41576586,0.81057124,5.1583204,0,8.5416241e-12,5.401732
8615,190,312,44,1d7a_AIR_C_400,4,gnina,0.40900615,0.80979753,5.1365628,0,1.1507757e-06,5.0408707
8616,190,5506,786,2vmw_PLP_A_501,4,gnina,0.40900626,0.80866024,5.1605482,0,0.036986506,5.3835308
8617,190,8033,1147,4d96_5PA_C_402,4,gnina,0.40900598,0.80628074,5.1237712,0,0.32340574,7.4577806
8618,190,8026,1146,4d96_5PA_A_501,4,gnina,0.40900598,0.80529838,5.1427693,0,0.9729376,6.6222907
8619,190,8040,1148,4d96_5PA_D_501,4,gnina,0.40900598,0.80529838,5.1427693,0,0.80265359,6.7881425
8620,190,379,54,1dxy_COI_A_404,1,unimol,0.760042,0.80377209,7.0678115,0,0.94556853,21.86
8621,190,12557,1793,5ita_6DC_B_801,6,smina,0.4597081,0.80298443,5.3317075,0,0,9.2058911
8622,190,16188,2312,6ng5_KMD_B_803,4,gnina,0.40900598,0.80187604,5.2095098,0,3.2003711e-10,5.1660656
8623,190,10973,1567,5a8k_TP7_D_554,4,gnina,0.81850187,0.79999597,7.9175196,0,0.98925938,17.533088
8624,190,14802,2114,6av2_BY7_A_803,4,gnina,0.41902318,0.79310901,5.5107503,0,9.2788243e-09,6.1250292
8625,190,10147,1449,4ug6_XFJ_A_904,4,gnina,0.41013386,0.79168114,5.5274463,0,4.008391e-09,4.6112421
8626,190,8833,1261,4i9n_1E6_G_401,6,smina,0.26889817,0.78547813,5.3914676,0,0.9515381,9.6246632
8627,190,8819,1259,4i9n_1E6_C_401,6,smina,0.28842743,0.78460671,5.4254279,0,0.93120851,10.022802
8628,190,8812,1258,4i9n_1E6_B_401,6,smina,0.27170096,0.78192475,5.476707,0,0.89966543,9.9865287
8629,190,9860,1408,4r08_URI_A_901,4,gnina,0.40900598,0.78090041,5.6381788,0,2.557471e-05,19.661906
8630,190,683,97,1gck_PLP_A_413,4,gnina,0.40900598,0.78050988,5.7198334,0,0,7.3737775
8631,190,8840,1262,4i9n_1E6_H_401,6,smina,0.24135669,0.78037427,5.4852924,0,0.21311731,9.997608
8632,190,13665,1952,5uap_82S_B_505,1,unimol,0.76510263,0.77952928,7.8305154,0,0.93715165,20.53
8633,190,8826,1260,4i9n_1E6_F_401,6,smina,0.26889817,0.7774492,5.5587344,0,0.93153309,10.111533
8634,190,13031,1861,5m0e_7CR_A_922,4,gnina,0.56366613,0.77736572,5.9368091,0,0.92014125,8.1763124
8635,190,6287,898,3r3z_GOA_D_305,1,unimol,0.93028303,0.77697991,9.4027767,0,0.95215468,18.05
8636,190,13248,1892,5o3g_9J8_A_501,4,gnina,0.40900598,0.77557924,5.7525926,0,0.87278345,6.7122019
8637,190,16195,2313,6nga_KL7_B_804,4,gnina,0.40900598,0.77532803,5.7580533,0,4.6654064e-06,5.1512299
8638,190,4568,652,2ihu_TP9_A_600,4,gnina,0.81848323,0.77468429,8.6302004,0,0.99581896,14.641986
8639,190,4575,653,2ihu_TP9_B_600,4,gnina,0.81848063,0.77459626,8.6302004,0,0.87192247,13.721914
8640,190,14984,2140,6dl7_ONC_E_301,4,gnina,0.55190768,0.77457384,5.9922967,0,0.99356315,6.1368092
8641,190,6266,895,3r3z_GOA_A_305,1,unimol,0.91659073,0.77345961,9.4555721,0,0.970365,19.05
8642,190,8411,1201,4g1q_T27_A_601,4,gnina,0.40900598,0.77332968,5.8016901,0,2.6334242e-07,5.7852543
8643,190,6280,897,3r3z_GOA_C_305,1,unimol,0.91642985,0.77320446,9.4555721,0,0.96495594,24.58
8644,190,14991,2141,6dl7_ONC_G_301,4,gnina,0.40900599,0.7728183,5.8944864,0,0,6.5093711
8645,190,8432,1204,4gcq_0JM_A_401,4,gnina,0.35233854,0.77107344,5.7542462,0,0.87789235,4.7088284
8646,191,8969,1281,4jmz_1M2_A_302,2,diffdock,0.14360086,1.0727248,0.83001679,0,0,14.563499
8647,191,4139,591,2eus_ABN_A_400,2,diffdock,0.14318171,0.98262805,1.1485313,0,0,11.891589
8648,191,5048,721,2q6m_P34_A_1001,1,unimol,0.73736666,0.97751422,3.7639418,0,0,20.72
8649,191,8381,1197,4fh7_TBP_A_202,2,diffdock,0.14290126,0.9671533,0.88171011,0,1.7316457e-49,11.698448
8650,191,7779,1111,4cle_JR2_A_1270,2,diffdock,0.14614059,0.96322746,2.6800656,0,7.8034841e-52,37.879905
8651,191,7800,1114,4cle_JR2_D_1270,2,diffdock,0.14613396,0.96297056,2.6800656,0,1.5553938e-43,38.935917
8652,191,7793,1113,4cle_JR2_C_1270,2,diffdock,0.14613236,0.96284212,2.6800656,0,1.0869925e-45,39.422018
8653,191,15395,2199,6gck_EUB_C_302,2,diffdock,0.14600029,0.96161822,2.5043271,0,0,44.007514
8654,191,15388,2198,6gck_EUB_B_302,2,diffdock,0.14599429,0.9594797,2.512008,0,0,43.661958
8655,191,17236,2462,6tbx_N0Z_C_303,2,diffdock,0.14562281,0.95026111,2.2940929,0,0,30.149476
8656,191,4624,660,2ixi_TYD_A_1182,4,gnina,0.40631849,0.94924982,2.9886796,0,0.0060292577,4.6633699
8657,191,12343,1763,5i5s_NVU_B_402,2,diffdock,0.14602798,0.93397824,2.9548118,0,0,29.009855
8658,191,15381,2197,6gck_EUB_A_302,2,diffdock,0.14541643,0.92588422,2.5052865,0,1.8911639e-38,46.680358
8659,191,17224,2460,6t9c_MX8_A_501,4,gnina,0.40631849,0.92058029,3.3483396,0,0,5.8446991
8660,191,11342,1620,5cpp_ADO_A_422,2,diffdock,0.14537943,0.91842039,2.5758564,0,0.98984296,16.720685
8661,191,14886,2126,6bvl_EBY_B_2001,4,gnina,0.40631849,0.90730463,3.5261362,0,0,8.8132559
8662,191,12293,1756,5hxi_5HN_A_403,1,unimol,0.79946691,0.89346207,5.7225914,0,0.98846321,14.57
8663,191,8817,1259,4i9n_1E6_C_401,4,gnina,0.97897613,0.89278354,6.5387635,0,0.8655176,12.727864
8664,191,14569,2081,5z9p_AX7_A_301,2,diffdock,0.14545813,0.89051132,2.9403234,0,0.99840107,16.233537
8665,191,8810,1258,4i9n_1E6_B_401,4,gnina,0.94803517,0.88424795,6.6335568,0,0.83042756,57.085794
8666,191,527,75,1foi_14W_A_810,2,diffdock,0.14271994,0.88214102,1.1669797,0,0,34.751254
8667,191,534,76,1foi_14W_B_810,2,diffdock,0.14271897,0.8813864,1.1669797,0,0,32.563735
8668,191,13624,1946,5u5x_TP5_A_302,2,diffdock,0.14366905,0.87509697,2.7025065,0,0,15.141668
8669,191,1560,222,1knu_YPA_A_1001,6,smina,0.21058515,0.87505471,3.8857486,0,0,6.4550858
8670,191,12006,1715,5g44_I6G_A_1510,1,unimol,0.85083797,0.87348739,6.5699492,0,0.0014132077,24.43
8671,191,7699,1099,4cjs_L0Y_B_1217,6,smina,0.27108888,0.8729926,3.923723,0,0,9.6768597
8672,191,13960,1994,5vyr_B62_B_301,2,diffdock,0.14321139,0.87259768,2.2597466,0,0.98958523,19.428001
8673,191,6351,907,3rop_NCA_A_302,2,diffdock,0.14590904,0.8658052,3.5262213,0,0,18.318374
8674,191,14109,2015,5x23_LSN_A_503,4,gnina,0.54050396,0.86239706,4.3192821,0,0.00042723731,7.0588699
8675,191,14105,2015,5x23_LSN_A_503,0,surfdock,0.40665344,0.86101565,4.2834163,0,0,3.7762575
8676,191,6617,945,3v1s_0LH_B_401,2,diffdock,0.14597368,0.85997652,3.7325113,0,7.1860377e-68,20.581291
8677,191,8831,1261,4i9n_1E6_G_401,4,gnina,0.81790778,0.85906653,6.4762235,0,0.098695396,13.567005
8678,191,12336,1762,5i5s_NVU_A_402,2,diffdock,0.14373583,0.8569194,2.9548118,0,0,28.548482
8679,191,1150,164,1ia1_TQ3_B_196,2,diffdock,0.14291989,0.85391179,2.0626609,0,0,20.370437
8680,191,4509,644,2ht8_G39_A_800,1,unimol,0.8447719,0.85381003,6.8188438,0,0.95885985,23.47
8681,191,17060,2437,6sux_BEN_A_302,1,unimol,0.9834137,0.85333388,7.5033746,0,0.99561953,14.39
8682,191,17067,2438,6svu_BEN_A_302,1,unimol,0.98303205,0.85296105,7.5033746,0,0.99658208,20.84
8683,191,12252,1750,5hss_64Z_A_402,2,diffdock,0.14464519,0.85275182,3.2277369,0,0,38.130982
8684,191,14576,2082,5z9p_AX7_B_301,2,diffdock,0.14354047,0.85212073,2.9403234,0,3.9690855e-42,16.499987
8685,191,14841,2120,6b6r_BEN_A_302,1,unimol,0.98341345,0.85143003,7.5471501,0,0.99287871,18.85
8686,191,7961,1137,4d06_NAR_F_302,2,diffdock,0.14609555,0.84619142,4.2511358,0,0,42.407528
8687,191,8824,1260,4i9n_1E6_F_401,4,gnina,0.81757163,0.84484089,6.7860866,0,0.80910911,13.983468
8688,191,9671,1381,4p8c_Y22_A_502,4,gnina,0.61155921,0.84339649,4.6884761,0,2.6849032e-09,6.5088709
8689,191,13631,1947,5u5z_7VP_A_302,2,diffdock,0.14284276,0.83776127,1.8893473,0,1.9133469e-33,13.070621
8690,191,17707,2529,7ak3_RH8_A_501,4,gnina,0.40631849,0.83667354,4.6153245,0,0.99069143,5.1088756
8691,191,14116,2016,5x23_LSN_A_504,4,gnina,0.52173654,0.83521939,4.772769,0,9.8855416e-12,6.5503912
8692,191,15138,2162,6f76_CVK_B_203,4,gnina,0.41568092,0.83352467,4.7602677,0,2.4457992e-09,5.821548
8693,191,3810,544,2bk3_FOF_A_1503,2,diffdock,0.14442984,0.83269139,3.4575651,0,0,35.894904
8694,191,13995,1999,5vys_GMP_B_303,2,diffdock,0.14596224,0.82498379,4.2487102,0,0,26.235759
8695,191,17469,2495,6vei_9UO_B_502,4,gnina,0.40631849,0.82414042,4.8380947,0,0.97403451,7.6523956
8696,192,426,60,1e5f_PLP_A_405,6,smina,0.13885038,1.0120835,2.2625682,0,0.44513473,2.5662221
8697,192,11521,1645,5dw3_TRP_B_402,6,smina,0.13536633,0.92792365,1.9327331,0,0.54824948,1.7719086
8698,192,396,56,1e26_GPB_A_208,4,gnina,0.45385587,0.89053359,4.0724707,0,0.90321794,8.0515796
8699,192,14660,2094,6a1f_9OF_A_807,2,diffdock,0.13891097,0.86165587,4.111414,0,0.95298978,21.281209
8700,192,14930,2132,6cdy_EY1_B_501,6,smina,0.14039989,0.85893054,4.3018818,0,0,6.6124605
8701,192,11589,1655,5edh_5MF_A_803,4,gnina,0.40517361,0.85717374,4.4970207,0,7.7184361e-05,8.6306142
8702,192,5632,804,2wu4_HBP_A_1544,4,gnina,0.40483446,0.85564953,4.4776888,0,0.0026006642,8.1736599
8703,192,11596,1656,5edh_5MF_B_803,4,gnina,0.40517361,0.85493348,4.5333796,0,0.99529393,6.5782587
8704,192,4008,572,2d1j_D01_A_700,4,gnina,0.40517361,0.8548938,4.5340261,0,0.73997009,5.0754426
8705,192,751,107,1gxu_2HP_A_1092,2,diffdock,0.13553605,0.85414153,3.1110575,0,0,5.2828316
8706,192,4435,633,2gyv_HBP_A_1409,4,gnina,0.40517361,0.8524782,4.5735555,0,0.28789459,6.1351547
8707,192,14092,2013,5x0j_SEP_A_302,1,unimol,0.87562666,0.85225679,7.345902,0,0,17.62
8708,192,11379,1625,5ddu_PMP_A_601,4,gnina,0.61297421,0.84313646,5.0316639,0,0.016526033,6.5139666
8709,192,5646,806,2wzv_FMN_A_801,4,gnina,0.51882959,0.84174483,4.8695607,0,0.95121793,6.7372999
8710,192,4442,634,2gyv_HBP_B_545,4,gnina,0.40517361,0.83848535,4.8092475,0,0.35360649,7.0892713
8711,192,14659,2094,6a1f_9OF_A_807,1,unimol,0.8522449,0.83253931,7.6555109,0,0.99073044,17.36
8712,192,14452,2064,5ybq_8T0_B_303,4,gnina,0.40517361,0.82661821,5.0185547,0,0.38189765,5.0117092
8713,192,6537,933,3tye_YTZ_B_902,6,smina,0.13181189,0.82575612,1.3205801,0,0,2.3164056
8714,192,13899,1985,5vrj_R07_A_204,4,gnina,0.4058404,0.82440657,5.1359463,0,0.76275858,6.0344
8715,192,2552,364,1sff_IK2_D_450,4,gnina,0.60703865,0.8228921,5.2619739,0,0.98031553,8.5710482
8716,192,9020,1288,4k5g_Q13_A_803,4,gnina,0.40582135,0.82028813,5.2100949,0,6.8728764e-13,7.6330832
8717,192,7669,1095,4cb5_93G_A_1484,4,gnina,0.40517361,0.81419669,5.2475376,0,0.00011797458,4.1025466
8718,192,2538,362,1sff_IK2_A_450,4,gnina,0.40517361,0.8141498,5.2484212,0,0.9751447,6.421024
8719,192,9027,1289,4k5g_Q13_B_803,4,gnina,0.40441171,0.81138665,5.2498102,0,2.6709003e-13,6.9986632
8720,192,14382,2054,5yb7_ORN_B_602,4,gnina,0.40531211,0.81135728,5.3771753,0,0.12745456,35.101254
8721,192,3945,563,2c6q_IMP_G_1338,4,gnina,0.61191064,0.8102563,5.6433926,0,0.94479226,10.145394
8722,192,8352,1193,4f06_PHB_A_401,1,unimol,0.85215373,0.81005725,8.2261982,0,0.99116736,19.7
8723,192,14098,2014,5x23_LSN_A_502,0,surfdock,0.57912631,0.80736536,5.5346723,0,0,4.8955941
8724,193,17280,2468,6to7_SUV_B_401,4,gnina,0.34884335,0.84533976,4.4534049,0,0.99734801,5.909122
8725,193,17273,2467,6to7_SUV_A_401,4,gnina,0.34882472,0.84522723,4.4534049,0,0.9977419,5.8757869
8726,193,10112,1444,4uch_OLW_A_800,4,gnina,0.40749419,0.83782535,4.6661868,0,1.6165646e-08,4.8628674
8727,193,10119,1445,4uch_OLW_B_800,4,gnina,0.40749419,0.8347108,4.7210817,0,1.0721144e-06,5.2067726
8728,193,10273,1467,4v3w_E2Z_B_800,4,gnina,0.40620365,0.82646754,4.8284869,0,1.3316878e-13,5.2490657
8729,193,4827,689,2nu7_COA_E_1025,4,gnina,0.4335207,0.82383291,4.9973288,0,1.0251491e-10,5.5456509
8730,193,4813,687,2nu7_COA_B_1025,4,gnina,0.40749419,0.8215155,5.0082054,0,3.4650486e-10,5.3936059
8731,193,4603,657,2ij7_TPF_F_2474,4,gnina,0.61458199,0.82140555,5.794693,0,8.8298915e-06,10.01731
8732,193,3938,562,2c6q_IMP_F_1337,4,gnina,0.61209068,0.82087789,5.2472978,0,0.95371906,9.875515
8733,193,12004,1714,5g21_YN4_A_1002,6,smina,0.39560538,0.81856941,4.9719777,0,0,11.206625
8734,193,7522,1074,4b98_PXG_D_470,4,gnina,0.65794445,0.81649363,6.138761,0,0.99261867,8.4283664
8735,193,2862,408,1u1g_BBB_E_7300,6,smina,0.18353949,0.815611,4.9592032,0,0,10.08576
8736,193,3917,559,2c6q_IMP_A_1337,4,gnina,0.59565219,0.81425963,5.2472978,0,0.93292619,10.264015
8737,193,3924,560,2c6q_IMP_D_1337,4,gnina,0.59516641,0.81415289,5.2472978,0,0.92395518,13.224582
8738,193,3931,561,2c6q_IMP_E_1337,4,gnina,0.4334138,0.81063026,5.2472978,0,0.90639228,10.39836
8739,193,7130,1018,3wzo_ZOE_A_201,4,gnina,0.40749419,0.80889744,5.2007809,0,0.89958725,7.3195626
8740,193,7137,1019,3wzo_ZOE_B_201,4,gnina,0.40749419,0.80889744,5.2007809,0,0.94276517,8.3839595
8741,193,3952,564,2c6q_IMP_H_1337,4,gnina,0.40749419,0.80652054,5.2472978,0,0.68776263,10.76228
8742,193,3170,452,1x2a_PDG_B_1413,6,smina,0.22087243,0.80506964,5.1699071,0,0,6.9194466
8743,193,2869,409,1u1g_BBB_F_8300,6,smina,0.18353949,0.8027075,5.2067037,0,0,8.3030602
8744,193,3156,450,1x29_PMG_B_1413,6,smina,0.2696083,0.80217039,5.2299066,0,0.88389943,6.3966713
8745,193,16104,2300,6n0z_DP6_F_401,4,gnina,0.54572969,0.80063778,5.487186,0,0,6.5771969
8746,193,15131,2161,6f76_CVK_A_203,4,gnina,0.34951796,0.79786148,5.3358316,0,0.22856339,6.9733956
8747,193,12576,1796,5ivg_FPS_A_704,4,gnina,0.40749419,0.79628881,5.4523706,0,0.013631731,8.4068881
8748,193,9083,1297,4kux_FPS_B_405,4,gnina,0.40749419,0.79269071,5.5264082,0,0.53266792,7.2634926
8749,193,3161,451,1x2a_PDG_A_413,4,gnina,0.55934406,0.79197808,5.6735048,0,0.97851814,7.3680452
8750,193,9890,1412,4r2n_PLP_B_401,6,smina,0.29305207,0.79160167,5.445816,0,0.98065689,6.1945054
8751,193,3168,452,1x2a_PDG_B_1413,4,gnina,0.44376901,0.78307354,5.8199563,0,0.97005908,8.9573418
8752,193,6850,978,3w7f_FPS_B_301,4,gnina,0.40749419,0.78222544,5.7476921,0,5.4395098e-05,5.8360184
8753,193,6836,976,3w7f_FPS_A_301,4,gnina,0.40749419,0.77997573,5.7964516,0,1.0788732e-06,5.7709886
8754,193,6003,857,2z6j_TUI_A_501,4,gnina,0.349535,0.77950211,5.7203751,0,2.109236e-13,8.8261721
8755,193,4596,656,2ij7_TPF_D_2473,4,gnina,0.37111148,0.77728465,5.8022456,0,9.3657847e-05,8.1061892
8756,193,7480,1068,4b1f_KRH_B_1257,4,gnina,0.35021183,0.77722778,5.780941,0,1.8713326e-07,7.5547904
8757,193,4582,654,2ij7_TPF_A_2472,4,gnina,0.3803166,0.77714093,5.8076448,0,1.0580889e-05,8.0800761
8758,193,1439,205,1jyx_IPT_A_2002,4,gnina,0.4075821,0.7762843,5.9513307,0,0.012471473,18.065182
8759,193,1467,209,1jyx_IPT_D_2002,4,gnina,0.40756036,0.776182,5.9513307,0,0.010063584,18.506762
8760,193,6843,977,3w7f_FPS_A_302,4,gnina,0.59878708,0.77515962,6.0727878,0,0,6.6969536
8761,193,6857,979,3w7f_FPS_B_302,4,gnina,0.40749419,0.77217745,5.9688611,0,0.13398375,5.7598385
8762,193,2288,326,1pvc_ILE_0_7,6,smina,0.19011023,0.77098253,5.8730626,0,0,12.443189
8763,193,10854,1550,4zvv_GN0_B_404,4,gnina,0.53178146,0.77029241,6.1421785,0,0.99547552,10.169628
8764,193,10847,1549,4zvv_GN0_A_405,4,gnina,0.41526142,0.76651527,6.1803699,0,0.97904804,7.5220161
8765,193,10868,1552,4zvv_GN0_D_403,4,gnina,0.40749419,0.76567251,6.1168284,0,0.97973805,12.513572
8766,193,10861,1551,4zvv_GN0_C_403,4,gnina,0.40749419,0.76539803,6.1231585,0,0.99384059,7.6917585
8767,193,7508,1072,4b98_PXG_A_470,4,gnina,0.35026175,0.76277054,6.1077724,0,0,10.123621
8768,193,3154,450,1x29_PMG_B_1413,4,gnina,0.48205901,0.76111081,6.3249321,0,0.88123728,7.3705224
8769,193,7515,1073,4b98_PXG_B_470,4,gnina,0.34876581,0.76075694,6.1238947,0,0.98518196,7.8789823
8770,193,17350,2478,6u6c_P1T_B_502,4,gnina,0.60341517,0.76013321,6.4283276,0,0.97823644,9.9920726
8771,193,17357,2479,6u6c_P1T_D_505,4,gnina,0.60202605,0.76003361,6.4283276,0,0.97890094,9.9329761
8772,193,17371,2481,6u6c_P1T_H_504,4,gnina,0.58371558,0.75943602,6.4283276,0,0.97754211,10.278772
8773,193,14102,2014,5x23_LSN_A_502,4,gnina,0.40749419,0.75878435,6.2778039,0,0.98204509,9.5322494
8774,194,11792,1684,5faj_DCS_A_401,4,gnina,0.35397036,0.85240101,4.7264519,0,3.6731228e-07,6.4915077
8775,194,11806,1686,5faj_DCS_C_401,4,gnina,0.35374117,0.85127913,4.7429552,0,0,6.9669172
8776,194,11799,1685,5faj_DCS_B_401,4,gnina,0.35308877,0.85050667,4.7481933,0,0.99189618,8.0216131
8777,194,15334,2190,6fs7_E4Z_D_903,4,gnina,0.56556839,0.82339074,5.3511915,0,0,6.0947445
8778,194,16118,2302,6n9r_OHN_P_308,4,gnina,0.41002736,0.82083746,5.3100524,0,0.41667752,5.9291252
8779,194,15341,2191,6fs7_E4Z_E_903,4,gnina,0.51078837,0.81995219,5.3957801,0,7.9319298e-05,7.4701527
8780,194,6763,966,3vq5_MMJ_A_1007,1,unimol,0.83463728,0.81692275,7.843205,0,0.99052549,14.39
8781,194,12923,1846,5l1v_7PF_A_401,1,unimol,0.79309123,0.81584709,7.6284146,0,0,22.28
8782,194,16111,2301,6n9r_OHN_A_303,4,gnina,0.41002736,0.81394471,5.4383826,0,0,6.4801741
8783,194,13220,1888,5o3b_9HZ_C_501,4,gnina,0.41002736,0.80846423,5.542789,0,0,7.1275231
8784,194,9888,1412,4r2n_PLP_B_401,4,gnina,0.99619993,0.80730541,9.005724,0,0.98075028,9.4628174
8785,194,15327,2189,6fs7_E4Z_C_903,4,gnina,0.57020987,0.80434688,5.7189755,0,0.95085,6.9260885
8786,194,6367,909,3rsc_TYD_A_397,4,gnina,0.41002736,0.80309484,5.6471806,0,0.95452215,5.7692464
8787,194,16125,2303,6n9r_OHN_X_305,4,gnina,0.41002736,0.80282371,5.6525078,0,0,9.535105
8788,194,7204,1029,3zwt_KFZ_A_1401,1,unimol,0.76844726,0.80179092,7.5512719,0,0,16.34
8789,194,15348,2192,6fs7_E4Z_F_903,4,gnina,0.51082474,0.80123343,5.7661457,0,0.97452401,6.185947
8790,194,7239,1034,3zzv_FUC_B_401,1,unimol,0.79398855,0.79874162,8.0973482,0,0.97359332,20.95
8791,194,7197,1028,3zwe_FUC_A_110,1,unimol,0.79392307,0.79855522,8.0973482,0,0.97461679,17.4
8792,194,12128,1732,5gzz_GSH_E_301,4,gnina,0.57263586,0.7985525,5.8370576,0,0,13.513908
8793,194,15320,2188,6fs7_E4Z_A_903,4,gnina,0.51078837,0.79741548,5.8334088,0,0.96536331,6.0914055
8794,194,6770,967,3vq5_MMJ_B_307,1,unimol,0.75849308,0.79425545,7.5243897,0,0.99671805,19.8
8795,194,2731,390,1tl2_NDG_A_237,1,unimol,0.98005094,0.79411561,9.2779608,0,0.96795077,19.26
8796,194,13227,1889,5o3b_9HZ_D_501,4,gnina,0.4100294,0.79104594,5.9325905,0,0,6.4627545
8797,194,2745,392,1tl2_NDG_A_240,1,unimol,0.9118068,0.78852334,9.2048302,0,0.95031599,17.39
8798,194,2752,393,1tl2_NDG_A_241,1,unimol,0.91639533,0.78783528,9.2701855,0,0.96463607,16.06
8799,194,7921,1131,4cx6_Q16_A_800,4,gnina,0.41002736,0.77577673,6.2466416,0,1.8974404e-07,6.915329
8800,194,8392,1198,4fm6_TYR_C_259,6,smina,0.26888728,0.77252307,6.2164664,0,0,18.438141
8801,194,2477,353,1rvz_NAG_A_3321,6,smina,0.13105154,0.77161088,1.5344691,0,3.5141672e-07,1.6913799
8802,194,13010,1858,5lwy_OLB_A_406,4,gnina,0.51078837,0.77062544,6.413372,0,7.6217506e-08,10.818552
8803,194,16276,2325,6nni_CP6_A_203,1,unimol,0.85257454,0.7701088,9.5687103,0,0.989564,18.65
8804,194,16283,2326,6nni_CP6_B_203,1,unimol,0.85191841,0.76686568,9.6299105,0,0.99058239,22.16
8805,194,15695,2242,6jme_BVU_A_409,1,unimol,0.85269179,0.7662343,9.7055559,0,0.99573727,23.72
8806,194,12739,1819,5jfx_6K4_A_4000,6,smina,0.20703643,0.76623124,6.3539176,0,0,14.472708
8807,194,7928,1132,4cx6_Q16_B_800,4,gnina,0.41002737,0.76618844,6.4655328,0,2.5222448e-13,6.8953312
8808,194,17774,2539,7jo3_VGS_A_302,1,unimol,0.98375173,0.76440104,10.274546,0,0.97441824,23.92
8809,194,15635,2233,6jc7_F0G_A_601,4,gnina,0.6179344,0.75835051,7.5606351,0,2.7980336e-05,7.4776471
8810,194,2738,391,1tl2_NDG_A_238,1,unimol,0.78892956,0.75737345,9.1619825,0,0.95188419,19.66
8811,194,15033,2147,6e40_BBJ_B_502,4,gnina,0.35567194,0.7517779,6.7245426,0,9.0146057e-07,8.4822137
8812,194,15670,2238,6jk9_BU0_A_501,4,gnina,0.41002736,0.75115391,6.7779508,0,3.6679374e-05,8.5871187
8813,194,15677,2239,6jk9_BU0_B_501,4,gnina,0.41002736,0.74612479,6.9005375,0,0.9916343,8.1948233
8814,194,2860,408,1u1g_BBB_E_7300,4,gnina,0.51078837,0.74567207,6.9962053,0,0.87536247,8.20382
8815,194,10431,1490,4xh4_PPI_A_504,1,unimol,0.83207023,0.74556409,9.8866863,0,0.98414873,22.29
8816,194,5824,832,2xyj_WLM_B_1441,0,surfdock,0.57922719,0.74503619,7.0477839,0,0.85546994,5.0574008
8817,194,6920,988,3wca_FPS_C_402,4,gnina,0.41002736,0.74347844,6.966083,0,2.990651e-06,8.4004759
8818,194,10340,1477,4ws1_URF_A_301,1,unimol,0.61560452,0.74332504,7.9341083,0,0,17.18
8819,194,5821,831,2xyj_WLM_A_1442,4,gnina,0.41002736,0.74149403,7.0157146,0,9.7046703e-05,9.8089649
8820,194,5835,833,2xyj_WLM_B_1442,4,gnina,0.58569886,0.74098458,7.152791,0,0.9293051,8.4520375
8821,194,2832,404,1u1g_BBB_A_3300,4,gnina,0.35265011,0.73970985,6.9962053,0,3.6819806e-05,8.5094203
8822,194,5230,747,2qxf_TMP_A_3000,1,unimol,0.76605744,0.73953781,9.2119131,0,0,19.07
8823,194,6927,989,3wca_FPS_D_401,4,gnina,0.41002736,0.73889854,7.0812588,0,0.062996951,7.4972447
8824,195,5147,735,2qhv_OC9_A_1001,2,diffdock,0.14414461,0.84048671,3.2430966,0,0.98689578,16.541175
8825,195,5867,838,2ye5_2A7_A_1224,1,unimol,0.80685522,0.83737435,6.9494214,0,0.8793011,20.28
8826,195,14851,2121,6b9p_D0J_A_1001,4,gnina,0.58085165,0.83457529,4.8764668,0,2.260473e-08,13.173976
8827,195,8542,1220,4hey_4MZ_A_308,2,diffdock,0.14414997,0.8241112,3.4854271,0,5.8945623e-28,15.420601
8828,195,12478,1782,5ijz_AKG_D_502,4,gnina,0.61789291,0.81605932,5.9527946,0,0.55462288,29.454953
8829,195,9717,1388,4pik_MAN_C_503,1,unimol,0.95918901,0.81341953,8.4082699,0,0.98020728,20.28
8830,195,715,102,1giu_ADE_A_300,1,unimol,0.77259972,0.80481445,7.4266586,0,0,12.77
8831,195,10244,1463,4uzi_IMD_B_1456,3,diffdock_l,0.12291897,0.79767634,0.83417654,0,2.6379113e-61,19.762775
8832,195,10193,1456,4uqs_INE_A_904,1,unimol,0.77259431,0.79315128,7.7269769,0,0.98460568,23.54
8833,195,5868,838,2ye5_2A7_A_1224,2,diffdock,0.14698153,0.78027388,4.9886956,0,0.85305357,13.726115
8834,195,12457,1779,5ijz_AKG_A_502,4,gnina,0.41135273,0.77819529,5.9784975,0,0,28.682882
8835,195,12464,1780,5ijz_AKG_B_502,4,gnina,0.4093149,0.77792398,5.982244,0,0.00096094983,37.732935
8836,195,12471,1781,5ijz_AKG_C_502,4,gnina,0.40730999,0.77613686,5.9841185,0,0,32.376318
8837,195,12492,1784,5ijz_AKG_H_502,4,gnina,0.40730999,0.7760531,5.985992,0,0.48527209,31.873275
8838,195,10189,1455,4upd_7P9_B_1550,4,gnina,0.40732042,0.7724139,6.1041632,0,0,12.363922
8839,195,10182,1454,4upd_7P9_A_1550,4,gnina,0.40731361,0.77231139,6.1041632,0,0.76024999,12.875462
8840,195,9703,1386,4pik_MAN_A_502,1,unimol,0.77446141,0.77150092,8.3841314,0,0.97879827,17.9
8841,195,17434,2490,6uxr_K6G_B_202,4,gnina,0.35328704,0.7647373,6.219944,0,0.00034241582,5.9163127
8842,195,2108,301,1opr_ORO_A_220,1,unimol,0.75778466,0.75926179,8.2110376,0,0,19.49
8843,195,17410,2487,6ur0_ETM_B_401,1,unimol,0.76801263,0.75302013,8.6127939,0,0.96809039,21.65
8844,195,11411,1630,5del_ORO_A_602,1,unimol,0.61192943,0.75050909,6.7908683,0,0.85510364,21.87
8845,195,9654,1379,4p7q_NAG_A_703,1,unimol,0.87659079,0.73806307,10.585714,0,0,19.32
8846,195,9710,1387,4pik_MAN_B_503,1,unimol,0.70478082,0.7370861,8.3992167,0,0.97859407,17.61
8847,195,11698,1671,5eo8_TFU_A_403,1,unimol,0.9859437,0.73529694,11.099742,0,0,14.81
8848,195,12989,1855,5lwy_OLB_A_402,4,gnina,0.52563503,0.7349619,7.0551705,0,0.0050600677,11.234698
8849,195,9696,1385,4pik_MAN_A_501,1,unimol,0.69385486,0.73454352,8.3791094,0,0.96623289,19.48
8850,195,11719,1674,5eo8_TFU_A_406,1,unimol,0.96150258,0.73203771,11.105091,0,0,16.8
8851,195,17403,2486,6ur0_ETM_A_401,1,unimol,0.70822807,0.73113157,8.6436462,0,0.76054029,16.53
8852,195,15975,2282,6ly4_TES_A_501,1,unimol,0.85612464,0.73080718,10.613127,0,0.98696943,28.22
8853,195,5289,755,2r5e_QLP_A_430,4,gnina,0.40730999,0.72991488,7.1215734,0,3.0195434e-07,8.1944577
8854,195,1299,185,1j3i_WRA_A_609,4,gnina,0.34918106,0.7276266,7.1323156,0,0.60342269,11.473046
8855,195,11642,1663,5eo7_SFU_B_402,1,unimol,0.98654086,0.72577858,11.489837,0,0.94413689,24.02
8856,195,11691,1670,5eo8_TFU_A_402,1,unimol,0.90958493,0.72531719,11.153303,0,0,19.05
8857,195,9199,1314,4lol_1YE_A_401,1,unimol,0.84224611,0.72478013,10.47064,0,0.97465019,16.14
8858,195,10310,1472,4wdx_WDX_A_402,6,smina,0.1309789,0.72440781,1.7696421,0,0,2.9739626
8859,195,17187,2455,6t10_M6Z_A_601,2,diffdock,0.14904301,0.72227343,6.8926601,0,0,17.391485
8860,195,11628,1661,5eo7_SFU_A_405,1,unimol,0.96372159,0.72215531,11.505425,0,0.95290717,17.57
8861,195,9724,1389,4pik_MAN_D_503,1,unimol,0.62107209,0.72182723,8.3992167,0,0.97858034,17.81
8862,195,13024,1860,5lwy_OLB_A_409,4,gnina,0.40730999,0.72155784,7.3519549,0,0,9.4281311
8863,195,10791,1541,4zsy_RW2_D_502,4,gnina,0.40731221,0.72081322,7.4093766,0,0,10.136621
8864,195,8345,1192,4evs_PHB_A_408,1,unimol,0.85875917,0.71984563,11.204996,0,0.98997319,17.99
8865,195,11670,1667,5eo7_SFU_C_403,1,unimol,0.92452943,0.71858723,11.555793,0,0.73820063,18.15
8866,195,5296,756,2r5e_QLP_B_430,4,gnina,0.51389481,0.71732026,7.5362611,0,0,8.7995841
8867,195,8961,1280,4jm8_26D_A_302,1,unimol,0.75917349,0.7172224,9.5859518,0,0.99634861,20.95
8868,195,6890,984,3wat_BMA_A_404,2,diffdock,0.14533342,0.71629127,5.8380003,0,0,24.330134
8869,195,6897,985,3wat_BMA_B_404,2,diffdock,0.14531259,0.71608308,5.8380003,0,1.3485223e-82,22.562384
8870,195,11656,1665,5eo7_SFU_B_404,1,unimol,0.87670122,0.71469392,11.512362,0,0.95250126,23.42
8871,195,8077,1153,4dd8_BAT_B_1000,6,smina,0.20543333,0.71416769,7.5064468,0,0,13.585846
8872,195,11635,1662,5eo7_SFU_B_401,1,unimol,0.86053637,0.71212313,11.541878,0,0.93659269,19.53
8873,195,8009,1144,4d4u_FUC_A_950,1,unimol,0.98715107,0.71190199,12.092994,0,0.96898335,18.41
8874,196,11831,1690,5fc5_PC_A_516,1,unimol,0.83674818,0.83008017,7.3054891,0,0.93064361,22.49
8875,196,8121,1160,4dt8_ADN_B_401,1,unimol,0.85067312,0.82564788,7.5599532,0,0.98551584,16.23
8876,196,8149,1164,4dtb_GMP_B_401,1,unimol,0.83076702,0.80959335,7.7788939,0,0,18.84
8877,196,7899,1128,4cpp_ADM_A_422,3,diffdock_l,0.11736924,0.79260967,0.83483577,0,0.97028445,36.770343
8878,196,8128,1161,4dta_ADN_A_401,1,unimol,0.76375085,0.79110732,7.5079174,0,0.97481296,24.16
8879,196,8135,1162,4dta_ADN_B_401,1,unimol,0.75795547,0.78353905,7.6190944,0,0.95390452,16.4
8880,196,10405,1486,4x36_CHT_A_409,3,diffdock_l,0.11805922,0.7738543,1.1212313,0,1.9339561e-33,8.5437877
8881,196,15660,2237,6jea_NAG_A_501,1,unimol,0.70840243,0.77048594,7.5698385,0,0.80222474,22.19
8882,196,8507,1215,4gy9_ZIP_A_201,2,diffdock,0.15742479,0.76779693,4.9893799,0,0.92142292,14.141184
8883,196,4041,577,2e1a_MSE_D_301,2,diffdock,0.15927157,0.76618919,5.7637243,0,0,14.819395
8884,196,8142,1163,4dtb_GMP_A_401,1,unimol,0.71010909,0.76383819,7.7959666,0,0,15.42
8885,196,3865,552,2bxh_IOS_A_1001,1,unimol,0.85498309,0.76224277,9.5174589,0,0.98585939,18.25
8886,196,17061,2437,6sux_BEN_A_302,2,diffdock,0.15976191,0.75885475,6.4240041,0,0.99909272,14.440727
8887,196,17068,2438,6svu_BEN_A_302,2,diffdock,0.15973876,0.75865201,6.4240041,0,0.99914967,15.163147
8888,196,14842,2120,6b6r_BEN_A_302,2,diffdock,0.15975637,0.75811402,6.4394407,0,0.99704817,13.63849
8889,196,14683,2097,6a2m_9QR_A_701,4,gnina,0.4068383,0.75714234,6.5392718,0,3.3245888e-08,15.201989
8890,196,7442,1063,4aql_TXC_A_1452,1,unimol,0.70326012,0.75269738,7.9967198,0,0,23.03
8891,196,8114,1159,4dt8_ADN_A_401,1,unimol,0.61214354,0.75017675,7.3948669,0,0.99032548,20.25
8892,196,4657,665,2j1s_FUL_B_1153,2,diffdock,0.15935743,0.74444703,6.3770571,0,6.6907831e-66,12.093809
8893,196,2290,327,1pwz_RSO_B_256,1,unimol,0.91772866,0.7391438,10.746114,0,0.93489993,15.09
8894,196,2696,385,1tiw_TFB_A_2002,1,unimol,0.91369252,0.7383997,10.720411,0,0.97161368,16.86
8895,196,746,106,1gsq_GDN_A_203,4,gnina,0.49849695,0.73584001,7.0951991,0,1.0867999e-07,11.528214
8896,196,2143,306,1p5g_G6P_X_658,1,unimol,0.76860018,0.7356982,9.3075018,0,0.89572445,22.63
8897,196,6218,888,3qk1_BEN_A_1010,2,diffdock,0.15976303,0.73386884,7.0614281,0,0.99778288,14.23213
8898,196,1049,149,1h82_GZZ_B_590,6,smina,0.35211656,0.73359607,7.0845017,0,2.0652725e-10,15.494406
8899,196,4635,662,2iyq_SKM_A_201,1,unimol,0.84780975,0.73121396,10.392964,0,0.96253333,18.67
8900,196,690,98,1gck_PLP_B_913,4,gnina,0.40683829,0.73116246,7.2085476,0,0,10.35101
8901,196,1047,149,1h82_GZZ_B_590,4,gnina,0.71072065,0.73051203,8.809001,0,0.43630952,13.467225
8902,197,17364,2480,6u6c_P1T_F_805,4,gnina,0.50973871,0.79579922,5.698936,0,0.97996394,10.783724
8903,197,11481,1640,5dnx_5LD_B_201,1,unimol,0.77762098,0.77749867,8.0836878,0,0.98562376,12.8
8904,197,7253,1036,4a3u_NCA_A_1359,1,unimol,0.77975779,0.75730907,8.7909908,0,0.98028514,23.23
8905,197,6913,987,3wca_FPS_B_401,4,gnina,0.40339579,0.75657919,6.5649753,0,0.040585563,8.19618
8906,197,11474,1639,5dnx_5LD_A_203,1,unimol,0.76289095,0.75242798,8.4987402,0,0.97989056,15.71
8907,197,7690,1098,4cjs_L0Y_A_1217,4,gnina,0.34456165,0.74910996,6.7147198,0,0.000219282,7.9415662
8908,197,3382,483,1zb6_DIN_A_401,1,unimol,0.78070795,0.74752725,9.1900749,0,0.98006294,25.57
8909,197,8590,1227,4hoz_GLC_A_703,1,unimol,0.85890549,0.74399198,10.145893,0,0,17.31
8910,197,13308,1901,5ocm_9RH_E_302,1,unimol,0.81742624,0.73757847,9.9113045,0,0.94805926,28.63
8911,197,13518,1931,5tdt_MBN_A_504,1,unimol,0.78100813,0.7367073,9.5658808,0,0.098557181,17.92
8912,197,10669,1524,4zbc_FRU_A_409,1,unimol,0.78022621,0.73340236,9.6433287,0,0.94106988,22.54
8913,197,9920,1417,4rje_PYR_B_402,1,unimol,0.98632759,0.73110457,11.296331,0,0.92116628,22.19
8914,197,67,9,1aiq_CB3_A_266,4,gnina,0.58715325,0.72576407,7.4263835,0,0.18852995,10.181382
8915,197,11929,1704,5fqf_NGA_A_1588,1,unimol,0.98288532,0.71954529,11.733125,0,0,23.06
8916,197,13315,1902,5ocm_9RH_F_302,1,unimol,0.77554294,0.71755018,9.9113045,0,0.99175557,27.14
8917,197,1898,271,1ne4_RP1_A_401,1,unimol,0.85798609,0.71728748,11.111055,0,0.97117567,19.02
8918,197,11488,1641,5dnx_5LD_B_205,1,unimol,0.62441038,0.71631436,8.7075682,0,0.91687414,25.13
8919,197,7151,1021,3zcm_PX3_A_1214,4,gnina,0.40339579,0.70750437,7.90587,0,0.00011806347,10.5597
8920,197,7158,1022,3zcm_PX3_B_1216,4,gnina,0.40339579,0.70750437,7.90587,0,0,11.916876
8921,197,13980,1997,5vys_1YJ_A_301,1,unimol,0.9897795,0.70734559,12.382321,0,0.98434714,17.53
8922,197,13973,1996,5vyr_GMP_B_303,1,unimol,0.78113661,0.70680389,10.667639,0,0.99382816,17.7
8923,197,347,49,1dna_CB3_A_601,4,gnina,0.40339579,0.70635899,7.9407349,0,1.4744818e-11,9.8809829
8924,197,13987,1998,5vys_1YJ_B_301,1,unimol,0.98494363,0.70629472,12.332965,0,0.9774128,21.32
8925,197,11341,1620,5cpp_ADO_A_422,1,unimol,0.7714457,0.70287604,10.346205,0,0.96500324,20.42
8926,197,3172,453,1x7j_GEN_A_201,1,unimol,0.78027496,0.69945457,10.92044,0,0.99433284,23.71
8927,197,5028,718,2q1a_2KT_X_295,2,diffdock,0.20441673,0.69713555,6.5044951,0,0,13.067582
8928,197,6126,875,2zvq_1NP_X_501,1,unimol,0.7353438,0.69645616,10.231758,0,0.064714539,19.97
8929,197,5898,842,2ynf_WHU_A_1563,4,gnina,0.40339579,0.69553197,8.2794409,0,0.99553311,9.600867
8930,197,11743,1677,5ew8_5SF_B_802,4,gnina,0.59708172,0.6947991,8.364213,0,0.98871276,7.7974296
8931,197,9927,1418,4rje_PYR_D_402,1,unimol,0.7930105,0.6946452,11.303915,0,0.8902379,22
8932,197,15051,2150,6ezf_C6Z_A_1003,1,unimol,0.858463,0.69450053,12.101503,0,0,18.58
8933,197,17137,2448,6t02_M5E_A_601,1,unimol,0.62202584,0.69443079,9.4326439,0,0,20.8
8934,197,10389,1484,4x2f_3WJ_A_601,1,unimol,0.86329492,0.69371131,12.39822,0,0.98539369,22.52
8935,197,6581,940,3uu7_2OH_A_1,1,unimol,0.86219618,0.6937027,12.325731,0,0,19.86
8936,197,6588,941,3uu7_2OH_B_1,1,unimol,0.8617649,0.69266649,12.325731,0,0,24.2
8937,197,17186,2455,6t10_M6Z_A_601,1,unimol,0.85650963,0.69262646,12.113572,0,0,18.69
8938,197,11482,1640,5dnx_5LD_B_201,2,diffdock,0.19030966,0.69159159,5.150733,0,0,27.455185
8939,197,13301,1900,5ocm_9RH_D_302,1,unimol,0.67475998,0.68945856,9.9113045,0,0.9926915,20.66
8940,197,13287,1898,5ocm_9RH_B_302,1,unimol,0.67541692,0.6883708,9.9622421,0,0.91880368,24.91
8941,197,13959,1994,5vyr_B62_B_301,1,unimol,0.86286335,0.68762839,12.648112,0,0.96035943,17.29
8942,197,8591,1227,4hoz_GLC_A_703,2,diffdock,0.20880505,0.68658963,7.7386551,0,0,26.439824
8943,197,12349,1764,5i5t_67X_A_402,1,unimol,0.92701445,0.6857927,13.101521,0,0.990089,17.88
8944,197,13504,1929,5tde_FLC_A_501,1,unimol,0.81646559,0.68420247,12.040516,0,0.97183955,22.51
8945,197,10676,1525,4zbc_FRU_B_408,1,unimol,0.61350477,0.6840205,9.6519117,0,0.97584926,17.52
8946,197,5923,846,2z26_DOR_A_1410,1,unimol,0.61285222,0.68323174,9.3147535,0,0,18.97
8947,197,10084,1440,4u8y_MIY_B_1102,4,gnina,0.34555385,0.68256322,8.6786623,0,0,15.126139
8948,197,13511,1930,5tdt_MBN_A_502,1,unimol,0.62435968,0.68220283,9.9036636,0,0.18263659,23.95
8949,197,17165,2452,6t0a_M58_A_601,1,unimol,0.61301192,0.68114959,9.7002144,0,0.99388745,16.55
8950,197,9605,1372,4ocj_NDG_A_401,1,unimol,0.79996275,0.67973052,12.046366,0,0,17.64
8951,197,17144,2449,6t02_M5E_A_602,1,unimol,0.61288673,0.67785341,9.7816229,0,0,21.02
8952,198,9556,1365,4npm_SIN_B_301,1,unimol,0.8585316,0.87525543,6.8217206,0,0.68122719,15.84
8953,198,9549,1364,4npm_SIN_A_301,1,unimol,0.86094555,0.87283684,6.9273267,0,0.40064671,15.96
8954,198,3767,538,2bdg_PBZ_B_302,1,unimol,0.86543015,0.83062619,8.0195713,0,0.99566928,18.75
8955,198,3760,537,2bdg_PBZ_A_301,1,unimol,0.86496042,0.82976315,8.0195713,0,0.99621974,21.88
8956,198,8212,1173,4e7v_CRS_K_101,1,unimol,0.9839271,0.78345427,9.775404,0,0.9820967,19.96
8957,198,15555,2222,6hqr_3DM_A_502,1,unimol,0.86079156,0.75837215,9.9335041,0,0.9589593,21.61
8958,198,5335,762,2tio_BEN_A_247,1,unimol,0.80714451,0.75511197,9.5041552,0,0.98993655,19.87
8959,198,16629,2375,6q4r_HJ5_A_1009,4,gnina,0.42005678,0.75151005,7.1422467,0,0,12.286203
8960,198,162,23,1bit_BEN_A_246,1,unimol,0.91344678,0.74970925,10.605907,0,0.94326616,19.15
8961,198,6987,998,3wlf_FEH_D_401,1,unimol,0.86503514,0.74686691,10.481647,0,0,20.07
8962,198,10662,1523,4zb5_GLC_A_403,1,unimol,0.82102969,0.74311208,10.037728,0,0.034694196,21.35
8963,198,3879,554,2c3d_COM_A_1526,1,unimol,0.79021726,0.74300876,9.4547348,0,0.97824818,16.48
8964,198,6966,995,3wlf_FEH_A_401,1,unimol,0.86008281,0.74150548,10.482069,0,0,16.81
8965,198,3886,555,2c3d_COM_B_1525,1,unimol,0.78716156,0.74097884,9.4390459,0,0.94499902,20.42
8966,198,6973,996,3wlf_FEH_B_401,1,unimol,0.85612327,0.73842911,10.481012,0,0,18.13
8967,198,16717,2388,6qnj_GLC_A_402,1,unimol,0.80083373,0.73644031,10.037728,0,0,16.68
8968,198,14904,2129,6c1x_DNX_A_203,1,unimol,0.71114799,0.72643982,9.2645922,0,0.9296904,22.24
8969,198,6980,997,3wlf_FEH_C_401,1,unimol,0.80406703,0.72525426,10.48628,0,0,19.77
8970,198,15649,2235,6jc7_F0G_C_601,4,gnina,0.60077963,0.7237438,7.9037385,0,2.9693368e-05,7.5176181
8971,198,15642,2234,6jc7_F0G_B_601,4,gnina,0.39541593,0.72277945,7.9037385,0,1.1831009e-05,8.4030035
8972,198,13357,1908,5oo4_URI_A_201,1,unimol,0.8616458,0.72235004,11.25443,0,0,17.52
8973,198,17249,2464,6tfb_N6W_B_202,1,unimol,0.72374074,0.72218068,9.590971,0,0.95043155,18.73
8974,198,4670,667,2j5b_TYE_B_1338,1,unimol,0.75801782,0.72055945,9.7843151,0,0.95071983,18.52
8975,198,13164,1880,5n8c_8Q8_B_403,4,gnina,0.51654781,0.71899518,8.0199003,0,0.47305032,8.1925457
8976,198,13157,1879,5n8c_8Q8_A_403,4,gnina,0.39541591,0.71420455,8.1340351,0,0.39065277,8.425088
8977,198,13609,1944,5u5g_7VD_B_302,1,unimol,0.9426192,0.71128029,12.251987,0,0.93180979,22.47
8978,198,13602,1943,5u5g_7VD_A_302,1,unimol,0.93262256,0.71071302,12.251987,0,0.91119604,16.38
8979,198,3208,458,1xdj_HCS_A_1050,2,diffdock,0.21158498,0.70970171,7.888783,0,0,34.718105
8980,198,6154,879,2zyv_NPO_X_1602,1,unimol,0.79636327,0.70058741,11.316621,0,0.9939377,21.57
8981,198,17557,2508,6x9d_HYP_A_2002,1,unimol,0.86200629,0.69853308,12.253032,0,0,22.86
8982,198,10760,1537,4zo7_GLC_A_806,1,unimol,0.98507991,0.69801053,13.084906,0,0.8277337,23.72
8983,198,4306,615,2fyd_BGC_B_403,1,unimol,0.87873164,0.69520944,12.721994,0,0,18.62
8984,198,4663,666,2j5b_TYE_A_1336,1,unimol,0.61392792,0.69218049,9.7843151,0,0,20
8985,198,470,67,1ei6_PPF_D_412,1,unimol,0.98349262,0.69195065,13.30312,0,0.88534888,20.28
8986,198,10655,1522,4zb2_GLC_A_403,1,unimol,0.6250251,0.68912343,10.037728,0,0.75531922,15.5
8987,198,8338,1191,4evq_PHB_B_402,1,unimol,0.86502756,0.68879655,12.814732,0,0.99211104,16.7
8988,198,13994,1999,5vys_GMP_B_303,1,unimol,0.78744669,0.68654132,11.440096,0,0,22.49
8989,198,13616,1945,5u5g_7VD_C_302,1,unimol,0.8250102,0.68648232,12.251987,0,0.88341962,21.47
8990,198,1485,212,1kar_HSM_A_502,1,unimol,0.62145824,0.68477827,10.175471,0,0,32.35
8991,198,13588,1941,5tvr_AKG_B_402,1,unimol,0.9194394,0.68398144,13.396358,0,0.91276923,17.37
8992,198,13581,1940,5tvr_AKG_A_402,1,unimol,0.91926198,0.6838357,13.395844,0,0.94842987,19.21
8993,198,10704,1529,4zbc_GLC_B_407,1,unimol,0.62052511,0.67596335,10.497563,0,0,20.03
8994,198,911,130,1h48_CDI_E_902,1,unimol,0.97964575,0.67588802,14.047755,0,0.97437693,21.32
8995,198,5828,832,2xyj_WLM_B_1441,4,gnina,0.55076659,0.67502698,9.4299803,0,1.1398137e-07,8.9497115
8996,198,8838,1262,4i9n_1E6_H_401,4,gnina,0.55341774,0.6748676,9.4387817,0,0.66821738,24.380176
8997,198,15429,2204,6hgl_TES_A_401,1,unimol,0.86280419,0.67486382,13.383458,0,0,19
8998,198,17263,2466,6tgi_N8Z_B_508,1,unimol,0.79287299,0.67363216,12.20295,0,0,17.74
8999,198,10690,1527,4zbc_GLC_A_407,1,unimol,0.62528131,0.67271793,10.665291,0,0.038054895,19.86
9000,198,13399,1914,5r9u_JMM_A_401,1,unimol,0.85713487,0.67221225,13.283154,0,4.6928444e-07,21.12
9001,198,8213,1173,4e7v_CRS_K_101,2,diffdock,0.21775714,0.67186472,9.3032608,0,2.1668553e-31,21.335051
9002,199,4722,674,2ji6_TPW_A_1566,4,gnina,0.38800088,0.95943704,3.498322,0,0.85297273,7.1400679
9003,199,10095,1442,4uc9_ASP_C_1300,1,unimol,0.89324669,0.88173019,6.937089,0,0,23.04
9004,199,10599,1514,4z1d_PEP_B_300,1,unimol,0.91047377,0.81612758,8.5258646,0,0.94770958,18.28
9005,199,3502,500,1zk0_SS2_A_1260,2,diffdock,0.18607309,0.80619251,4.0468235,0,0.031028663,12.272942
9006,199,10102,1443,4uc9_ASP_D_1300,1,unimol,0.60992046,0.78176288,7.0218344,0,2.9363854e-06,18.96
9007,199,17046,2435,6sj8_44V_B_901,1,unimol,0.78961744,0.77066983,8.8836384,0,0,21.74
9008,199,1912,273,1nf0_13P_A_5001,1,unimol,0.83380588,0.76227543,9.4164591,0,0.9324785,21.82
9009,199,8758,1251,4i6w_1CO_B_1001,1,unimol,0.91221716,0.74991077,10.58785,0,0.97242646,17.8
9010,199,5853,836,2y4j_LAC_A_400,1,unimol,0.85457609,0.73294167,10.6246,0,0.86898395,22.93
9011,199,17039,2434,6sj8_44V_A_901,1,unimol,0.70664391,0.73244236,9.0326862,0,0,17.87
9012,199,2846,406,1u1g_BBB_C_5300,4,gnina,0.33618045,0.73085179,7.6985016,0,0.32774737,8.2151757
9013,199,2867,409,1u1g_BBB_F_8300,4,gnina,0.5413865,0.72945662,7.7684493,0,0.92910913,10.11728
9014,199,2839,405,1u1g_BBB_B_4300,4,gnina,0.33426333,0.72892962,7.7491808,0,0.14448488,8.2785793
9015,199,2853,407,1u1g_BBB_D_6300,4,gnina,0.3341003,0.72873474,7.7491808,0,0.98137212,8.5963545
9016,199,10452,1493,4xpq_FUL_A_1003,1,unimol,0.87349563,0.72782858,11.302557,0,0,21.16
9017,199,5216,745,2qx4_ML1_B_233,1,unimol,0.77687314,0.72184466,10.159453,0,0.95711943,23.22
9018,199,5552,793,2wch_B7M_A_1145,1,unimol,0.60992033,0.72114485,8.3808231,0,0.98608675,21.51
9019,199,5636,805,2wzh_NGO_A_1589,1,unimol,0.98473558,0.7167997,12.179312,0,0.98723503,21.32
9020,199,11117,1588,5b4o_6DQ_B_201,1,unimol,0.83894791,0.71564043,11.110137,0,0.98808155,17.19
9021,199,15492,2213,6hmw_FUL_F_202,1,unimol,0.98498974,0.71407332,12.302863,0,0.96677423,17.71
9022,199,15471,2210,6hmw_FUL_B_204,1,unimol,0.98414735,0.71350447,12.302863,0,0.97755438,16.45
9023,199,17487,2498,6vmz_NAG_C_402,1,unimol,0.60988655,0.71145735,8.518259,0,0,22.05
9024,199,15499,2214,6hmw_FUL_G_202,1,unimol,0.97268285,0.71131032,12.302863,0,0.97047051,22.65
9025,199,15485,2212,6hmw_FUL_E_204,1,unimol,0.91861938,0.708141,12.302863,0,0.97489835,22.29
9026,199,15478,2211,6hmw_FUL_D_204,1,unimol,0.91775617,0.70781594,12.302863,0,0.963058,22.22
9027,199,15464,2209,6hmw_FUL_A_203,1,unimol,0.92084214,0.7076124,12.336443,0,0.97812596,21.75
9028,199,6190,884,3qgz_ADN_A_127,2,diffdock,0.21266264,0.70723047,8.30021,0,0,12.133944
9029,199,15520,2217,6hmw_FUL_J_201,1,unimol,0.91876627,0.7068169,12.364071,0,0.97262845,20.46
9030,199,1919,274,1nf0_13P_B_1150,1,unimol,0.6122196,0.70617141,9.394639,0,0,16.5
9031,199,15506,2215,6hmw_FUL_H_201,1,unimol,0.91518437,0.70554508,12.373594,0,0.97175853,20.19
9032,199,17480,2497,6vmz_NAG_A_402,1,unimol,0.60719994,0.70549787,8.5488491,0,0,29.87
9033,199,435,62,1e7h_PLM_A_1001,1,unimol,0.79726769,0.70395682,11.231441,0,0.97538283,25.48
9034,199,50,7,1aia_PMP_A_411,1,unimol,0.8735651,0.7019732,12.38093,0,0,25.11
9035,199,5860,837,2y4j_LAC_B_400,1,unimol,0.75123614,0.69988952,10.58055,0,0.94610881,15.24
9036,199,8751,1250,4i6w_1CO_A_501,1,unimol,0.73972586,0.69970401,10.518616,0,0.97878582,19.34
9037,199,13141,1877,5n5k_HAE_A_306,2,diffdock,0.18462775,0.69860163,6.0367045,0,0,9.1706744
9038,199,17424,2489,6uvj_QJ1_A_205,1,unimol,0.85039375,0.69754376,11.96314,0,0.99132732,14.98
9039,199,6406,915,3se2_LDR_A_1,1,unimol,0.86890134,0.69726681,12.510974,0,0,19.15
9040,199,8611,1230,4hxk_1AJ_A_201,1,unimol,0.60992093,0.69556304,9.5551729,0,0.94145401,20.02
9041,199,10445,1492,4xpq_FUL_A_1002,1,unimol,0.78113737,0.69494781,11.454555,0,0.97736956,17.54
9042,199,8068,1152,4dd8_BAT_A_1000,4,gnina,0.38800088,0.6930221,8.8516493,0,0.80441982,9.8537383
9043,199,9997,1428,4tq4_DMA_C_403,1,unimol,0.91220451,0.6918267,12.95421,0,0.55932884,23.13
9044,199,10004,1429,4tq4_DMA_D_403,1,unimol,0.91400041,0.69123921,13.000325,0,0.91636666,21.69
9045,199,12356,1765,5i5t_67X_B_402,1,unimol,0.91801316,0.68978674,13.128754,0,0.98907564,19.68
9046,199,9990,1427,4tq4_DMA_A_403,1,unimol,0.91460229,0.68957385,13.090028,0,0.83452901,21.09
9047,199,4971,710,2pir_DHT_A_931,1,unimol,0.86854726,0.68890673,12.87103,0,0.99759974,20.61
9048,199,8089,1155,4dd8_BAT_D_1000,4,gnina,0.38800088,0.68442275,9.1397171,0,0.0018555858,10.009256
9049,199,15513,2216,6hmw_FUL_I_201,1,unimol,0.83331963,0.68439602,12.336443,0,0.96987268,21.82
9050,199,9731,1390,4ptx_BGC_A_501,1,unimol,0.85983523,0.68198445,12.873798,0,0.98803223,23.75
9051,199,8082,1154,4dd8_BAT_C_1000,4,gnina,0.44125931,0.68119771,9.2681799,0,0,15.540186
9052,200,661,94,1g8z_GAL_F_104,3,diffdock_l,0.14687264,0.81796687,0.83917087,0,0.98617233,16.060104
9053,200,668,95,1g8z_GAL_G_104,3,diffdock_l,0.1435268,0.79389447,0.83917087,0,6.4172584e-36,16.082089
9054,200,1599,228,1kwu_MMA_B_601,3,diffdock_l,0.14415044,0.79226663,0.90294152,0,0.0079223065,12.492577
9055,200,1592,227,1kwu_MMA_A_501,3,diffdock_l,0.14398789,0.79046788,0.90294152,0,0.010664225,13.481812
9056,200,1606,229,1kwu_MMA_C_701,3,diffdock_l,0.14382797,0.78981379,0.90294152,0,4.221683e-66,13.055421
9057,200,2094,299,1o8a_NXA_A_702,1,unimol,0.9931132,0.76393307,10.207413,0,0,22.33
9058,200,1857,265,1mrj_ADN_A_300,2,diffdock,0.17717196,0.74792848,4.3498573,0,0.99601041,16.214531
9059,200,2914,416,1uqx_MMA_A_1116,2,diffdock,0.19103716,0.74787477,6.0998912,0,0.983635,7.7082565
9060,200,10048,1435,4u2a_A2G_A_303,3,diffdock_l,0.14150359,0.74607943,0.83917087,0,0.95718719,12.811893
9061,200,15494,2213,6hmw_FUL_F_202,3,diffdock_l,0.14145599,0.74541992,0.83917087,0,1.2531867e-50,19.125814
9062,200,5979,854,2z48_NGA_B_2003,1,unimol,0.96363172,0.74294009,10.845744,0,0.98603065,23.27
9063,200,15473,2210,6hmw_FUL_B_204,3,diffdock_l,0.14134323,0.73882474,0.83917087,0,1.1297595e-19,20.020829
9064,200,14872,2124,6bmm_OLB_A_404,4,gnina,0.38403828,0.73093963,7.5912209,0,2.8375525e-13,10.306762
9065,200,5993,856,2z48_NGA_B_2006,1,unimol,0.87464265,0.72891615,10.892518,0,0,24.98
9066,200,17399,2485,6uqd_QF4_B_501,4,gnina,0.33428761,0.72849241,7.6417184,0,1.4150074e-07,11.217717
9067,200,4658,665,2j1s_FUL_B_1153,3,diffdock_l,0.14106743,0.72612902,0.83917087,0,1.5360511e-53,9.4717367
9068,200,5965,852,2z48_NGA_A_1006,1,unimol,0.87166544,0.7257603,10.892518,0,0,19.67
9069,200,5930,847,2z48_A2G_A_1005,1,unimol,0.8675698,0.72442953,10.841302,0,0.95606889,19.79
9070,200,15501,2214,6hmw_FUL_G_202,3,diffdock_l,0.14103841,0.72167728,0.83917087,0,8.7329055e-82,19.901625
9071,200,17392,2484,6uqd_QF4_A_501,4,gnina,0.33344979,0.71872008,7.9258537,0,4.0563183e-10,11.830351
9072,200,7043,1006,3wsg_CIT_F_302,1,unimol,0.93468597,0.71863473,11.764536,0,0.82511065,27.07
9073,200,4413,630,2gnm_MAN_A_253,3,diffdock_l,0.14106596,0.71583161,0.94639224,0,0,28.001163
9074,200,11700,1671,5eo8_TFU_A_403,3,diffdock_l,0.14386306,0.71365433,1.7658939,0,0,28.076052
9075,200,9033,1290,4k5u_GAL_A_301,3,diffdock_l,0.1409139,0.71260891,0.83917087,0,5.4105822e-45,29.236691
9076,200,5951,850,2z48_NGA_A_1003,1,unimol,0.80456217,0.71179253,10.840933,0,0.98669889,25.02
9077,200,14309,2044,5y7a_KYN_A_502,1,unimol,0.82665608,0.7116632,10.96137,0,0,21.22
9078,200,5622,803,2wj4_HQD_D_1278,1,unimol,0.83970016,0.71061028,11.174884,0,0.99555117,21.08
9079,200,11721,1674,5eo8_TFU_A_406,3,diffdock_l,0.1430471,0.70978353,1.7547144,0,1.6346823e-37,20.04556
9080,201,16942,2420,6rum_TOP_A_301,2,diffdock,0.20876869,0.83053385,4.7232442,0,0,24.631743
9081,201,17109,2444,6sz3_M1H_B_601,1,unimol,0.60400347,0.79087066,6.1904955,0,0.9731615,19.02
9082,201,1927,275,1ngp_NPA_H_302,2,diffdock,0.20315954,0.76444312,5.1690688,0,0,19.029719
9083,201,11118,1588,5b4o_6DQ_B_201,2,diffdock,0.20675913,0.75427398,6.1352634,0,0,20.661799
9084,201,3200,457,1x8x_TYR_A_952,1,unimol,0.79188095,0.74440295,9.4939442,0,0.95203449,14.29
9085,201,5202,743,2qvr_CIT_A_335,1,unimol,0.75874294,0.73985266,9.1282482,0,0.9596157,18.65
9086,201,1030,147,1h70_CIR_A_500,1,unimol,0.83601944,0.73916565,10.109909,0,0,19.18
9087,201,212,30,1ca7_ENO_B_601,2,diffdock,0.22389719,0.72958941,7.6521931,0,0,18.129696
9088,201,184,26,1bqp_MAN_B_401,2,diffdock,0.22218954,0.72903856,7.5668664,0,1.596685e-82,16.064562
9089,201,2116,302,1ovk_NYL_A_405,2,diffdock,0.22205386,0.72707925,7.6089158,0,0.99604344,10.643697
9090,201,16613,2373,6q4b_HHN_A_301,2,diffdock,0.19288108,0.72422644,5.1707501,0,0.99720815,13.805557
9091,201,9032,1290,4k5u_GAL_A_301,2,diffdock,0.21990014,0.71641812,7.7488074,0,0.9316385,32.059142
9092,201,12531,1790,5ip6_6C9_A_301,1,unimol,0.8431858,0.71554796,11.0645,0,0,20.99
9093,201,226,32,1cdk_MYR_B_403,2,diffdock,0.21777442,0.71088653,7.8764362,0,0,17.379861
9094,201,8520,1217,4h4c_10D_B_402,1,unimol,0.60439405,0.7103658,8.3639317,0,0.90521305,22.01
9095,201,14484,2069,5ykt_PMP_A_501,1,unimol,0.92827406,0.7096336,12.190135,0,0.99035337,20.87
9096,201,14491,2070,5ykt_PMP_B_501,1,unimol,0.92700478,0.70955157,12.190135,0,0.99484012,21.01
9097,201,15527,2218,6hnz_GH5_A_301,1,unimol,0.98827235,0.70849459,12.401382,0,0.98294524,23.79
9098,201,13204,1886,5nov_93B_A_201,2,diffdock,0.19664652,0.70790242,5.8932509,0,0.04623621,8.9397808
9099,201,8506,1215,4gy9_ZIP_A_201,1,unimol,0.82544285,0.70760714,11.186587,0,0.98823186,15.7
9100,201,16297,2328,6nnp_G6P_A_502,1,unimol,0.91624191,0.70586245,12.285032,0,0.88132966,15.73
9101,201,8850,1264,4ioq_BAQ_A_201,2,diffdock,0.19311825,0.70235277,5.7090335,0,0.99114081,8.7472827
9102,201,11439,1634,5die_5CJ_A_601,1,unimol,0.76722086,0.70106056,10.58569,0,0.99384331,20.92
9103,201,14582,2083,5zg2_9C0_A_902,1,unimol,0.79302631,0.70043207,11.220335,0,0.99583963,18.3
9104,201,15226,2175,6fld_NAG_A_602,1,unimol,0.68723999,0.69911821,10.0174,0,0.71453914,19.94
9105,201,3432,490,1zei_CRS_E_54,2,diffdock,0.22249826,0.69795686,8.5979929,0,1.9347893e-21,14.553811
9106,201,1899,271,1ne4_RP1_A_401,2,diffdock,0.20895777,0.69752225,7.87955,0,0,21.552376
9107,201,5055,722,2qab_EI1_A_1,1,unimol,0.87885556,0.6954672,12.502,0,0.98420168,21.74
9108,201,5020,717,2pvy_ACP_D_802,1,unimol,0.78758746,0.69524999,11.146716,0,0.96954153,22.74
9109,201,15877,2268,6l7v_3PO_A_302,1,unimol,0.63552601,0.69474651,9.951973,0,0.90889819,21.97
9110,201,11614,1659,5eo7_SFU_A_402,1,unimol,0.83209806,0.69454595,11.826042,0,0.93662884,19.29
9111,201,11677,1668,5eo7_SFU_C_405,1,unimol,0.84284102,0.69405273,11.968553,0,0.89753061,18.31
9112,201,17130,2447,6szt_M4Q_B_601,1,unimol,0.61029057,0.68867343,9.997344,0,0.98712058,18.56
9113,201,191,27,1bqp_MAN_C_402,2,diffdock,0.20595026,0.68846546,7.5668664,0,0.98846009,14.060778
9114,201,9395,1342,4mux_2E4_A_402,1,unimol,0.66466386,0.68693808,10.367791,0,0,19.93
9115,201,11621,1660,5eo7_SFU_A_403,1,unimol,0.85702001,0.68671547,12.402456,0,0.93299468,22.52
9116,201,6994,999,3wqs_KBK_B_503,1,unimol,0.86736268,0.68669721,12.501881,0,0.89480911,24.57
9117,201,8184,1169,4dwv_PFB_B_378,1,unimol,0.98997428,0.68619683,13.477224,0,0.98198648,16.19
9118,201,8177,1168,4dwv_PFB_A_378,1,unimol,0.98865784,0.68596019,13.477224,0,0.98319331,18.1
9119,201,3418,488,1zei_CRS_B_56,2,diffdock,0.20966174,0.68538089,8.4321442,0,9.9315382e-23,15.049617
9120,201,6784,969,3vqe_FMQ_B_306,1,unimol,0.7915804,0.68531913,11.760258,0,0.47430214,20.15
9121,201,11663,1666,5eo7_SFU_B_405,1,unimol,0.81836251,0.68526853,12.096557,0,0.95929019,21.55
9122,201,11705,1672,5eo8_TFU_A_404,1,unimol,0.8246419,0.68457277,12.173267,0,0,19.24
9123,201,3425,489,1zei_CRS_C_56,2,diffdock,0.21101178,0.68352348,8.5979929,0,3.0760446e-26,12.89686
9124,201,3446,492,1zei_CRS_F_54,2,diffdock,0.21020984,0.68249253,8.5979929,0,0,13.043315
9125,201,11839,1691,5fe1_12Q_B_901,2,diffdock,0.20955991,0.68184574,8.5091228,0,0.99532545,13.074222
9126,201,2514,359,1s6h_4BZ_A_1,1,unimol,0.87816976,0.68159919,13.13749,0,0.97821881,18.9
9127,201,1808,258,1mex_RAC_H_601,2,diffdock,0.20161807,0.68113924,7.094954,0,0,28.100587
9128,201,16983,2426,6s4h_KUQ_A_901,1,unimol,0.94437578,0.68094709,13.575535,0,0,23.07
9129,201,14351,2050,5yaq_ISE_C_402,1,unimol,0.94776894,0.68075877,13.593178,0,0.85006194,22.35
9130,202,4972,710,2pir_DHT_A_931,2,diffdock,0.22744823,0.82796316,4.7077117,0,0,19.888964
9131,202,2620,374,1t5z_DHT_A_931,2,diffdock,0.22721133,0.82315588,4.7315316,0,0.99328837,22.308506
9132,202,12321,1760,5i0m_UMP_A_201,1,unimol,0.83253752,0.81702553,7.7120881,0,0,17.53
9133,202,9613,1373,4ofu_DHT_A_1001,2,diffdock,0.22727275,0.81163091,4.9618101,0,0,20.039219
9134,202,9172,1310,4lcq_URQ_A_603,2,diffdock,0.22959844,0.80010708,5.4381595,0,0,30.149476
9135,202,4229,604,2fhn_BNI_X_501,1,unimol,0.88242722,0.79612159,8.7812567,0,0.96658839,17.99
9136,202,12755,1822,5jj2_MLI_A_301,1,unimol,0.85899437,0.78283992,8.8092489,0,0.95185752,16.15
9137,202,12770,1824,5jj2_MLI_A_303,2,diffdock,0.2337373,0.76931949,6.2800941,0,1.5480729e-09,12.941461
9138,202,12706,1815,5je5_AZ9_A_302,1,unimol,0.61005939,0.76629911,7.4511547,0,0,19.26
9139,202,5401,771,2uza_HTL_B_1236,4,gnina,0.54478806,0.75724946,6.9881735,0,0.89493172,12.53679
9140,202,7057,1008,3wug_XYP_C_2,1,unimol,0.6359936,0.7569409,7.9800582,0,0,20.01
9141,202,12762,1823,5jj2_MLI_A_302,1,unimol,0.76864047,0.74761086,8.94806,0,0.86098166,22.18
9142,202,4236,605,2fhn_BNI_Y_502,1,unimol,0.71816552,0.74513613,8.7812567,0,0.95546413,18.65
9143,202,12756,1822,5jj2_MLI_A_301,2,diffdock,0.22534189,0.74388583,6.1799135,0,0,11.499043
9144,202,6504,929,3tky_N7I_C_369,1,unimol,0.80037753,0.74383658,9.4873991,0,0.98836349,23.72
9145,202,9095,1299,4kwl_3SS_A_302,2,diffdock,0.23662641,0.72416132,7.5075459,0,0,10.534922
9146,202,16367,2338,6ock_9KL_A_601,1,unimol,0.76333048,0.71743129,9.9582081,0,0.98199323,24.7
9147,202,3697,528,2ajv_COC_L_501,1,unimol,0.80293343,0.70726867,10.954112,0,0.96674051,23.66
9148,202,5412,773,2v32_BEZ_C_1222,1,unimol,0.8814081,0.70622876,11.979478,0,0.98394586,20.75
9149,202,5405,772,2v32_BEZ_A_1222,1,unimol,0.88111053,0.70173667,12.163199,0,0.97463072,19.26
9150,202,6567,938,3u3o_3QV_A_296,1,unimol,0.61001761,0.70156572,9.0197773,0,0.99201587,22.9
9151,202,16374,2339,6ock_9KL_A_602,1,unimol,0.80422234,0.69947713,11.344414,0,0.98425859,16.77
9152,202,3473,496,1zha_PEP_A_1268,1,unimol,0.80193554,0.69829265,11.269474,0,0.97795636,15.99
9153,202,2697,385,1tiw_TFB_A_2002,2,diffdock,0.23203858,0.69452484,8.3036518,0,0.0026559453,19.464203
9154,202,6490,927,3tky_N7I_A_369,1,unimol,0.61001773,0.69317462,9.5204105,0,0.96752933,23.19
9155,202,3704,529,2ajx_TGN_L_501,1,unimol,0.70998821,0.69195491,10.48579,0,0,24.34
9156,202,16857,2408,6rbx_JYT_A_301,1,unimol,0.80729236,0.68685327,12.002637,0,0.97331559,23.26
9157,202,5419,774,2v32_BEZ_D_1221,1,unimol,0.81476229,0.68414369,12.163199,0,0.9540522,21.42
9158,202,5307,758,2rbx_3AY_X_2001,1,unimol,0.73971983,0.68310342,11.184382,0,0.73531767,15.68
9159,202,16962,2423,6s23_KSW_B_402,1,unimol,0.6334423,0.68304028,10.454008,0,0.97933453,20.16
9160,202,1163,166,1ij8_BNI_A_501,1,unimol,0.72792195,0.68246525,11.17163,0,0.95511663,21.52
9161,202,10047,1435,4u2a_A2G_A_303,2,diffdock,0.26209233,0.68130127,9.2885618,0,0.99352688,12.693844
9162,202,904,129,1h48_CDI_D_201,1,unimol,0.82884526,0.68001781,12.453866,0,0.91815537,17.56
9163,202,5671,810,2x0u_X0U_B_1291,1,unimol,0.71857476,0.6794545,11.230889,0,0.99578285,18.04
9164,202,11348,1621,5cr1_STL_B_201,1,unimol,0.61001771,0.67867547,9.9013691,0,0.99110272,22.18
9165,202,17292,2470,6tog_NQH_A_201,2,diffdock,0.22687556,0.67798248,8.2003241,0,1.2335192e-30,10.700263
9166,202,11565,1652,5e4o_L57_B_201,1,unimol,0.8264235,0.67663808,12.594799,0,0.97697248,23.08
9167,202,11110,1587,5b4o_6DQ_A_201,1,unimol,0.65756236,0.67588434,10.845403,0,0.93239412,20.53
9168,202,11131,1590,5b4o_6DQ_C_201,1,unimol,0.65146009,0.67571433,10.841689,0,0.93000866,22.5
9169,202,11124,1589,5b4o_6DQ_B_202,1,unimol,0.6345112,0.67421821,10.83204,0,0.94140142,19.91
9170,202,281,40,1d6u_HY1_A_2001,1,unimol,0.88733518,0.67253213,13.802775,0,0.99667157,22.35
9171,202,5300,757,2rbu_273_X_4001,1,unimol,0.8035499,0.67065219,12.600544,0,0.9861965,21.2
9172,202,12538,1791,5irw_D9P_A_202,1,unimol,0.95797982,0.66965814,14.231487,0,0.96752547,21.67
9173,202,288,41,1d6u_HY1_B_3001,1,unimol,0.88294711,0.66938725,13.802775,0,0.99613863,23.85
9174,202,5531,790,2w1a_TSA_D_1091,1,unimol,0.84371797,0.6677767,13.254342,0,0.99394766,17.24
9175,202,596,85,1fwn_PEP_A_1268,1,unimol,0.7042746,0.66765922,11.452738,0,0.97246389,16.34
9176,202,12944,1849,5l9v_OGA_B_502,1,unimol,0.80526856,0.66746799,12.883017,0,0.84530028,21.95
9177,202,13205,1886,5nov_93B_A_201,3,diffdock_l,0.15328792,0.66718542,2.9038887,0,0.047941477,9.2441127
9178,202,14169,2024,5x86_TMP_B_207,1,unimol,0.88596771,0.66696409,14.019332,0,0,21.51
9179,202,2291,327,1pwz_RSO_B_256,2,diffdock,0.2284392,0.66638969,8.9259443,0,0,18.586472
9180,203,15205,2172,6fgv_D9T_A_1901,1,unimol,0.78844071,0.81670834,7.1804605,0,0.8918838,23.85
9181,203,414,59,1e48_13P_P_302,1,unimol,0.8339864,0.79831931,8.1884565,0,0,19.05
9182,203,16614,2373,6q4b_HHN_A_301,3,diffdock_l,0.28633823,0.76382866,6.864409,0,0.99741224,12.134323
9183,203,1157,165,1if4_FBS_A_555,2,diffdock,0.50759494,0.75041572,7.2588506,0,0.9935181,18.469049
9184,203,2150,307,1p7c_THM_B_501,1,unimol,0.89146682,0.74227132,10.65369,0,0,22.36
9185,203,7498,1071,4b5v_E8U_B_1254,1,unimol,0.77935237,0.72675018,9.730752,0,0.97506043,19.06
9186,203,1870,267,1msv_PUT_B_355,1,unimol,0.97892253,0.71729558,11.981672,0,0.91313909,20.3
9187,203,2465,352,1rvt_NDG_H_742,1,unimol,0.61494839,0.71375054,9.1936474,0,0,22.22
9188,203,5279,754,2r4t_GLC_A_502,1,unimol,0.70680896,0.71266143,9.7358084,0,0.97573251,16.81
9189,203,7407,1058,4al9_GLA_B_1123,1,unimol,0.99577634,0.7052641,12.676393,0,0.97171405,20.26
9190,203,7428,1061,4al9_GLA_E_1123,1,unimol,0.99444553,0.70460972,12.676393,0,0.98367711,21.05
9191,203,7400,1057,4al9_GLA_A_1123,1,unimol,0.98699653,0.70281016,12.676393,0,0.982636,21.23
9192,203,7421,1060,4al9_GLA_D_1123,1,unimol,0.98203992,0.70223757,12.676393,0,0.96796943,21.84
9193,203,2515,359,1s6h_4BZ_A_1,2,diffdock,0.22644598,0.70072219,7.717968,0,0.99763888,13.257023
9194,203,2129,304,1p1w_AMQ_A_428,1,unimol,0.88841738,0.70054957,12.290696,0,0,21.45
9195,203,5069,724,2qb3_PMP_A_700,1,unimol,0.87932557,0.70038251,12.05656,0,0.98104076,17.41
9196,203,9871,1410,4r2n_PHE_D_402,1,unimol,0.73053586,0.69944659,10.544575,0,0.96054985,23.91
9197,203,2136,305,1p1w_AMQ_B_427,1,unimol,0.87706865,0.69638316,12.198153,0,0,23.17
9198,203,12034,1719,5g4r_LF1_C_1739,1,unimol,0.89306353,0.69329552,12.758396,0,0.20596405,21.31
9199,203,7435,1062,4al9_GLA_G_1123,1,unimol,0.88860152,0.69233999,12.676393,0,0.96471079,21.49
9200,203,8296,1185,4ek1_CAM_B_502,1,unimol,0.61844035,0.69213937,10.072698,0,0,17.54
9201,203,8289,1184,4ek1_CAM_A_502,1,unimol,0.61759141,0.69115603,10.093197,0,0.98567145,19.51
9202,203,13952,1993,5vyr_B62_A_301,1,unimol,0.89308927,0.6905749,12.891639,0,0.98331507,20.4
9203,203,7414,1059,4al9_GLA_C_1123,1,unimol,0.88188218,0.68857727,12.676393,0,0.97494753,20.87
9204,203,2101,300,1om5_INE_B_791,1,unimol,0.63396175,0.68669896,10.397852,0,0.98772575,18.72
9205,203,9745,1392,4pxd_1AL_A_502,1,unimol,0.8478143,0.68440817,12.459487,0,0.97824081,25.58
9206,203,16906,2415,6rgr_RM4_A_403,1,unimol,0.88353499,0.68360533,12.957631,0,0.96693027,20.13
9207,203,4271,610,2fr6_CTN_C_1003,1,unimol,0.89411924,0.68354489,13.294127,0,0,20.78
9208,203,4278,611,2fr6_CTN_D_1004,1,unimol,0.89400654,0.68330401,13.294127,0,0.98414229,18.99
9209,203,17641,2520,6yk5_PVK_A_312,1,unimol,0.89518285,0.68268275,13.381329,0,0,17.37
9210,203,17648,2521,6yk6_OUB_A_311,1,unimol,0.89449064,0.68212213,13.381329,0,0,21.6
9211,203,3725,532,2b3f_GAL_B_3311,1,unimol,0.99457148,0.68152984,13.809468,0,0.98933276,25.35
9212,203,15772,2253,6jz4_EVA_B_701,1,unimol,0.88586528,0.67979991,13.196373,0,0.54291179,17.75
9213,203,3753,536,2b3f_GAL_F_3315,1,unimol,0.9867136,0.67963121,13.809468,0,0.98768118,23.25
9214,203,4264,609,2fr6_CTN_A_1001,1,unimol,0.88967466,0.67936899,13.338458,0,0.98471502,19.66
9215,203,12713,1816,5jeh_EVF_B_302,1,unimol,0.88361465,0.67932377,13.17199,0,0.9302559,20.98
9216,203,12720,1817,5jep_EVF_B_302,1,unimol,0.99530435,0.67828262,13.999858,0,0.99046955,15.58
9217,203,7491,1070,4b5v_E8U_A_1253,1,unimol,0.6138639,0.67820356,9.730752,0,0.97680147,20.69
9218,203,5869,838,2ye5_2A7_A_1224,3,diffdock_l,0.26346783,0.67672003,9.4765177,0,0.8317069,13.888955
9219,203,9115,1302,4l4d_CAM_A_503,1,unimol,0.61111981,0.67506396,9.7743282,0,0.97883744,20.54
9220,203,12685,1812,5jdv_EVF_B_302,1,unimol,0.89476488,0.67297857,13.876366,0,0.98593701,19.62
9221,203,15373,2196,6g5q_EMZ_B_402,1,unimol,0.88777747,0.66457537,14.047354,0,0.97977599,20.92
9222,203,6140,877,2zwt_CAM_A_422,1,unimol,0.6111585,0.66333309,10.237943,0,0,23.09
9223,203,5790,827,2xul_AKG_E_201,1,unimol,0.82054112,0.66198827,13.2713,0,0.9127243,20.89
9224,203,5769,824,2xul_AKG_B_201,1,unimol,0.84523072,0.66178446,13.505774,0,0.90914845,24.05
9225,203,9186,1312,4lo1_GAL_A_301,2,diffdock,0.24259945,0.66175483,9.7820425,0,0.99458905,17.994313
9226,203,14344,2049,5yaq_ISE_B_402,1,unimol,0.78314238,0.65925224,12.585736,0,0,25.01
9227,203,3718,531,2b3f_GAL_A_3310,1,unimol,0.84783755,0.65864823,13.75118,0,0.9895783,26.51
9228,203,4460,637,2gzm_DGL_A_501,1,unimol,0.99428656,0.65851531,15.057867,0,0.98553003,23.13
9229,203,7561,1080,4bu7_25F_C_2165,1,unimol,0.89453357,0.65821532,14.663337,0,0,16.59
9230,204,8851,1264,4ioq_BAQ_A_201,3,diffdock_l,0.45807336,0.87784095,4.6298118,0,0.9878123,5.9908009
9231,204,7898,1128,4cpp_ADM_A_422,2,diffdock,0.7413979,0.83115132,6.7264304,0,1.6323646e-20,16.797923
9232,204,17069,2438,6svu_BEN_A_302,3,diffdock_l,0.4499071,0.81384,5.8187866,0,0.99661402,44.102818
9233,204,17062,2437,6sux_BEN_A_302,3,diffdock_l,0.44988456,0.81373017,5.8187866,0,0.99707313,11.618814
9234,204,14843,2120,6b6r_BEN_A_302,3,diffdock_l,0.44911319,0.81257666,5.8384719,0,0.99670949,36.109684
9235,204,6219,888,3qk1_BEN_A_1010,3,diffdock_l,0.4493396,0.79646296,6.1917772,0,0.99742764,24.835906
9236,204,2523,360,1s83_4HA_A_5,3,diffdock_l,0.41327534,0.7888378,6.343462,0,0.87638016,10.47665
9237,204,14192,2027,5xh2_NPO_A_305,3,diffdock_l,0.45882912,0.78433167,6.4957852,0,0.98894457,11.081136
9238,204,9836,1405,4qxc_OGA_A_600,1,unimol,0.80822129,0.76092515,9.2881908,0,0.98663997,24.1
9239,204,6792,970,3vv5_SLZ_A_300,2,diffdock,0.24880782,0.73924912,6.8719316,0,0.97123865,20.647531
9240,204,2915,416,1uqx_MMA_A_1116,3,diffdock_l,0.45676502,0.73584017,7.7507644,0,0.9479257,21.272351
9241,204,10124,1446,4ud9_FQI_H_1257,2,diffdock,0.24934856,0.73289227,7.1566424,0,0,30.149476
9242,204,6799,971,3vv5_SLZ_B_301,2,diffdock,0.24409957,0.71565155,6.865386,0,1.0541514e-37,22.343337
9243,204,1382,197,1jhv_PCR_A_990,3,diffdock_l,0.25846778,0.71369813,7.9527569,0,3.4426449e-19,12.78791
9244,204,10809,1544,4zu3_4SD_B_302,1,unimol,0.97462239,0.70967183,12.359971,0,0.81490058,27.64
9245,204,16759,2394,6qot_6SD_A_301,1,unimol,0.89621499,0.69919126,12.588043,0,0.99076658,21.1
9246,204,13119,1874,5mot_HBD_A_402,1,unimol,0.79110897,0.69823914,11.103397,0,0.90821287,22.11
9247,204,9187,1312,4lo1_GAL_A_301,3,diffdock_l,0.44806407,0.69661775,8.9564981,0,9.2426196e-63,15.896632
9248,204,1115,159,1hq2_PH2_A_181,2,diffdock,0.24865215,0.6925119,8.1862946,0,0.98919954,13.963002
9249,204,12153,1736,5h8f_GLU_A_302,1,unimol,0.61723661,0.69229711,9.9409208,0,0,21.15
9250,204,4173,596,2f78_BEZ_A_1001,1,unimol,0.99549725,0.69144599,13.356669,0,0.98845297,22.09
9251,204,14652,2093,5zpt_HY1_B_703,1,unimol,0.88570478,0.69080476,12.706489,0,0.99297244,16.34
9252,204,12167,1738,5h8q_GLU_A_302,1,unimol,0.61723666,0.68968612,10.046872,0,0,23.91
9253,204,10746,1535,4zjz_BEZ_B_601,1,unimol,0.89734535,0.6893949,13.095642,0,0.98838298,16.17
9254,204,5489,784,2vmg_MBG_A_1179,1,unimol,0.9852548,0.68859742,13.406037,0,0,18.07
9255,204,10739,1534,4zjz_BEZ_A_1001,1,unimol,0.89600543,0.68825661,13.095642,0,0.98938959,25.56
9256,204,1339,191,1j54_TMP_A_2000,2,diffdock,0.23593481,0.68820168,6.8791718,0,1.7047586e-05,15.598141
9257,204,12825,1832,5kcj_GLU_A_302,1,unimol,0.61723667,0.68653128,10.171787,0,0,18.14
9258,205,752,107,1gxu_2HP_A_1092,3,diffdock_l,0.33008083,0.97018538,3.2659078,0,0,5.1874571
9259,205,6261,894,3qxx_8AC_A_221,3,diffdock_l,0.30585137,0.865532,4.6230659,0,6.3484244e-09,11.777255
9260,205,13499,1928,5tde_2HP_B_901,3,diffdock_l,0.3032285,0.85416002,4.7065482,0,0,20.731701
9261,205,6352,907,3rop_NCA_A_302,3,diffdock_l,0.30539693,0.85310604,4.8367987,0,9.2707081e-42,40.44593
9262,205,9558,1365,4npm_SIN_B_301,3,diffdock_l,0.29181768,0.85012654,3.9213405,0,0.9719343,25.581652
9263,205,13112,1873,5mot_HBD_A_401,1,unimol,0.71341121,0.83600694,6.4227562,0,0.92876472,21.09
9264,205,2117,302,1ovk_NYL_A_405,3,diffdock_l,0.66460457,0.82791411,6.4131546,0,0.9959169,24.309909
9265,205,9551,1364,4npm_SIN_A_301,3,diffdock_l,0.28955257,0.82648946,4.0248055,0,0.94138917,17.794613
9266,205,3515,502,1zmt_RNO_D_1004,1,unimol,0.61558154,0.81320797,6.312151,0,0.95191147,21.95
9267,205,13373,1910,5r0i_SYV_A_2501,3,diffdock_l,0.28973504,0.806592,4.4352312,0,3.8967219e-39,17.538546
9268,205,13492,1927,5tde_2HP_A_502,3,diffdock_l,0.291472,0.80350831,4.6814051,0,6.3358105e-51,26.29279
9269,205,3508,501,1zmt_RNO_A_1002,1,unimol,0.61557485,0.80280834,6.312151,0,0.93791651,26.3
9270,205,13142,1877,5n5k_HAE_A_306,3,diffdock_l,0.30750474,0.79972357,5.9053321,0,0,7.718951
9271,205,3279,468,1y2x_NAG_D_3144,3,diffdock_l,0.30290315,0.79201263,5.8844643,0,2.6117491e-70,17.948772
9272,205,6175,882,3mk1_NPO_A_913,1,unimol,0.81106557,0.78095824,8.6475344,0,0.99051552,35.56
9273,205,6168,881,3mk1_NPO_A_911,1,unimol,0.80486513,0.77522654,8.627202,0,0.77704057,17.27
9274,205,3272,467,1y2x_NAG_C_2144,3,diffdock_l,0.29494891,0.77312119,5.8844643,0,3.8351744e-27,18.591093
9275,205,2451,350,1rqh_PYR_A_602,1,unimol,0.67251967,0.76689973,7.9931087,0,0.94853187,14.85
9276,205,3216,459,1xid_ASC_A_389,3,diffdock_l,0.28831098,0.76320905,4.9023347,0,0,18.980757
9277,205,3384,483,1zb6_DIN_A_401,3,diffdock_l,0.28954755,0.75966456,5.261488,0,2.9908743e-05,28.545288
9278,205,10090,1441,4ubp_HAE_C_800,3,diffdock_l,0.28168296,0.74502569,4.1375556,0,0,28.001163
9279,205,1674,239,1lqp_FCN_A_4002,1,unimol,0.81151316,0.73756255,10.117694,0,0,21.4
9280,205,11404,1629,5del_D59_A_603,1,unimol,0.80964182,0.73737874,10.014282,0,0.97301067,16.09
9281,205,7717,1102,4cjv_IV2_A_1212,3,diffdock_l,0.29520116,0.73424352,6.9483695,0,0.98529708,17.803787
9282,205,1634,233,1l5o_2MP_A_990,3,diffdock_l,0.31680709,0.73378081,7.6636019,0,1.0583874e-18,13.486533
9283,205,8963,1280,4jm8_26D_A_302,3,diffdock_l,0.29062191,0.73077188,6.1106949,0,2.5803253e-31,11.526674
9284,205,4418,631,2gue_NAG_B_122,1,unimol,0.60845563,0.73035826,7.9927979,0,0.01964754,17.87
9285,205,7724,1103,4cjv_IV2_B_1215,3,diffdock_l,0.2954449,0.73006998,7.0769153,0,1.1954892e-17,28.017384
9286,205,8984,1283,4jwx_1N4_A_301,3,diffdock_l,0.294742,0.72533883,7.0151224,0,0,17.719483
9287,205,10404,1486,4x36_CHT_A_409,2,diffdock,0.29557693,0.72139734,7.3334193,0,4.8820899e-93,10.639103
9288,205,13506,1929,5tde_FLC_A_501,3,diffdock_l,0.29283728,0.71907591,6.8988028,0,0.92475169,29.797585
9289,205,1858,265,1mrj_ADN_A_300,3,diffdock_l,0.67199233,0.71573899,9.6126728,0,0,14.412774
9290,205,582,83,1fuq_CIT_B_1002,1,unimol,0.66788103,0.70263588,10.057404,0,0.9669304,37.81
9291,205,8492,1213,4gps_CIT_A_501,1,unimol,0.61719333,0.69358431,10.088834,0,0.76290794,19.27
9292,205,8970,1281,4jmz_1M2_A_302,3,diffdock_l,0.32523842,0.69122802,9.0948591,0,1.251797e-32,12.367236
9293,205,17739,2534,7bzm_GIM_B_501,1,unimol,0.70805272,0.69108452,10.726523,0,0.8692706,23.77
9294,205,528,75,1foi_14W_A_810,3,diffdock_l,0.29502019,0.69060138,8.1221151,0,2.4450212e-12,31.478733
9295,205,535,76,1foi_14W_B_810,3,diffdock_l,0.29499654,0.69011166,8.1221151,0,8.7901622e-14,30.093498
9296,205,3137,448,1x09_IPE_A_902,1,unimol,0.78332225,0.68710304,11.508351,0,0.88982967,22.46
9297,205,2969,424,1v5y_4HC_B_1201,1,unimol,0.61581001,0.68483563,10.362333,0,0.98407117,20.71
9298,205,16815,2402,6r5o_BGC_B_801,1,unimol,0.92483094,0.68285962,13.57754,0,0.90896179,24.59
9299,205,4140,591,2eus_ABN_A_400,3,diffdock_l,0.32469343,0.68155635,9.4209223,0,4.5266302e-32,11.828758
9300,205,15849,2264,6kxh_DY9_D_402,1,unimol,0.81154552,0.68139374,12.428946,0,0.99574082,17.93
9301,205,7409,1058,4al9_GLA_B_1123,3,diffdock_l,0.30386326,0.67931897,9.188139,0,9.1392623e-38,29.45975
9302,205,7430,1061,4al9_GLA_E_1123,3,diffdock_l,0.30382586,0.67875771,9.188139,0,1.1337308e-86,13.111518
9303,205,10354,1479,4wua_3UL_A_701,1,unimol,0.80867371,0.67849011,12.377419,0,0,26.68
9304,205,7402,1057,4al9_GLA_A_1123,3,diffdock_l,0.3028522,0.67426758,9.188139,0,4.5873886e-43,18.375075
9305,205,13121,1874,5mot_HBD_A_402,3,diffdock_l,0.28751918,0.67344662,6.9500809,0,3.670827e-12,14.331543
9306,205,7423,1060,4al9_GLA_D_1123,3,diffdock_l,0.30202308,0.67211606,9.188139,0,0,16.570453
9307,205,1676,239,1lqp_FCN_A_4002,3,diffdock_l,0.28694583,0.67180152,6.8656712,0,6.3492603e-33,12.113286
9308,206,9934,1419,4rkz_3S4_A_402,1,unimol,0.83578433,0.78080035,8.8228083,0,0.91618871,18.15
9309,206,8247,1178,4e9z_651_A_301,1,unimol,0.77704618,0.75905265,8.8564939,0,0,16.04
9310,206,8254,1179,4ea0_651_B_305,1,unimol,0.7761292,0.75248558,9.0582314,0,0.99105793,26.33
9311,206,16892,2413,6rgg_K3Q_B_405,1,unimol,0.73750333,0.75180284,8.9073772,0,0,20.74
9312,206,13210,1887,5nuk_Z80_A_201,1,unimol,0.80445026,0.74322692,9.7143087,0,0.96381253,18.69
9313,206,16864,2409,6rgg_K3Q_A_401,1,unimol,0.62310425,0.72788983,8.9849386,0,0,25.52
9314,206,16871,2410,6rgg_K3Q_A_402,1,unimol,0.6183598,0.72689803,8.9268551,0,0,21.76
9315,206,9227,1318,4lxi_22J_A_301,1,unimol,0.95885838,0.71340321,12.252037,0,0,20.68
9316,206,5029,718,2q1a_2KT_X_295,3,diffdock_l,0.28273845,0.7131034,8.3244019,0,0.64243295,13.114073
9317,206,6085,869,2ztl_3HL_C_301,2,diffdock,0.25392917,0.71070847,6.8945608,0,0,26.662638
9318,206,7933,1133,4cxr_2BG_A_502,2,diffdock,0.2740447,0.71065027,8.2999353,0,0.98641354,32.809868
9319,206,6071,867,2ztl_3HL_A_301,2,diffdock,0.2537774,0.70892882,6.8945608,0,3.3048107e-35,26.270995
9320,206,12048,1721,5g6g_H8B_A_1367,1,unimol,0.808204,0.70841769,11.163139,0,0.98773209,19.52
9321,206,227,32,1cdk_MYR_B_403,3,diffdock_l,0.29428431,0.70251951,8.7560425,0,2.8557033e-85,15.318599
9322,206,6078,868,2ztl_3HL_B_301,2,diffdock,0.25294738,0.70156059,6.869627,0,0,28.072119
9323,206,8989,1284,4jxh_HRC_A_301,1,unimol,0.81941173,0.69937829,11.729671,0,0,23.48
9324,206,8390,1198,4fm6_TYR_C_259,4,gnina,0.36588657,0.6989084,8.9686117,0,0,12.82683
9325,206,6133,876,2zvq_1NP_X_502,1,unimol,0.6178329,0.69529629,9.7584362,0,2.6746594e-06,15.73
9326,206,12939,1848,5l9v_OGA_A_502,3,diffdock_l,0.24617629,0.68893451,5.5789571,0,0.9962153,17.907422
9327,206,14295,2042,5xz7_F6P_A_407,1,unimol,0.87410796,0.68851569,12.594476,0,0.97935305,20.61
9328,206,4649,664,2izf_BTN_D_301,1,unimol,0.90299186,0.68151348,13.574017,0,0.96010645,23.1
9329,206,4642,663,2izf_BTN_B_300,1,unimol,0.90298613,0.68143239,13.574017,0,0.28789159,21.21
9330,206,3564,509,1zuw_DGL_C_3301,1,unimol,0.87641952,0.67806662,13.200835,0,0.98853667,24.92
9331,206,15977,2282,6ly4_TES_A_501,3,diffdock_l,0.25420597,0.67125697,8.1938448,0,2.033707e-16,25.73643
9332,206,3550,507,1zuw_DGL_A_1301,1,unimol,0.87315262,0.66983744,13.452239,0,0.98705009,22.27
9333,206,16605,2372,6pvi_OZ7_A_501,1,unimol,0.6178329,0.66894291,10.79759,0,0,23.79
9334,206,11215,1602,5c8w_PCG_A_302,1,unimol,0.90319004,0.66482691,14.475543,0,0,21.81
9335,206,827,118,1h1i_QUE_A_1358,1,unimol,0.90289375,0.66320424,14.544067,0,0.99337223,23.91
9336,206,3557,508,1zuw_DGL_B_2301,1,unimol,0.85111994,0.66308419,13.596375,0,0.98594309,18.07
9337,206,15121,2160,6f6a_CU5_B_301,1,unimol,0.98341952,0.66119555,14.934932,0,0.97649721,18.68
9338,206,11229,1604,5c8w_PCG_C_302,1,unimol,0.90193017,0.65880338,14.757532,0,0,21.61
9339,206,12363,1766,5i7r_68W_A_402,1,unimol,0.8641108,0.65810836,13.943474,0,0.98304264,23.37
9340,206,12160,1737,5h8q_5YE_B_302,1,unimol,0.90178116,0.65775675,14.813059,0,0.99544219,21.57
9341,206,6147,878,2zyv_NPO_X_1601,1,unimol,0.61783206,0.65246924,11.219432,0,0.90029235,24.7
9342,206,7554,1079,4bu7_25F_A_2165,1,unimol,0.90285146,0.65241724,15.16133,0,0,19.4
9343,206,9557,1365,4npm_SIN_B_301,2,diffdock,0.74023717,0.65142731,12.980185,0,0.98045042,20.45833
9344,206,11236,1605,5c8w_PCG_E_302,1,unimol,0.88510377,0.6513473,14.757532,0,0,20.11
9345,206,10432,1490,4xh4_PPI_A_504,2,diffdock,0.25026195,0.65133857,7.6048203,0,0.0018171173,14.669785
9346,206,15947,2278,6lql_F0C_A_702,1,unimol,0.80526905,0.64996868,13.787378,0,0,17.24
9347,206,9066,1295,4kqx_HIO_A_402,1,unimol,0.81443618,0.6489294,14.18003,0,0.95520729,26.37
9348,206,8949,1278,4jh6_FCN_A_202,3,diffdock_l,0.6628936,0.64730537,12.455246,0,0,12.042535
9349,206,16899,2414,6rgr_RM4_A_402,1,unimol,0.667169,0.64668012,12.519546,0,0.94657568,16.28
9350,206,13667,1952,5uap_82S_B_505,3,diffdock_l,0.26969107,0.6452174,10.408237,0,0,23.914023
9351,206,15114,2159,6f6a_CU5_A_301,1,unimol,0.87451031,0.64479065,14.934932,0,0.99413742,19.87
9352,206,9010,1287,4jzx_IPE_B_401,1,unimol,0.80674787,0.64446396,14.144245,0,0.97311959,21.87
9353,206,6637,948,3v8n_5NB_A_301,1,unimol,0.64310252,0.64437501,12.513455,0,0.96570269,17
9354,206,2082,297,1o68_KIV_D_275,3,diffdock_l,0.26295866,0.64356474,9.9847031,0,1.5945075e-45,27.826287
9355,206,9550,1364,4npm_SIN_A_301,2,diffdock,0.7178285,0.64126195,13.144405,0,0.96929739,20.145686
9356,206,8044,1149,4dab_HPA_A_301,1,unimol,0.7601344,0.64121884,13.643949,0,0.99653745,17.25
9357,206,12727,1818,5jep_EVF_B_303,1,unimol,0.82165861,0.64083409,14.683576,0,0.96962177,24.08
9358,207,3795,542,2bgc_DTU_A_1238,1,unimol,0.71573577,0.8013698,7.7989683,0,0,26.62
9359,207,5252,750,2r3d_ACM_A_303,2,diffdock,0.2801833,0.76410881,7.1489878,0,0.99452321,12.26187
9360,207,12440,1777,5igs_GMP_A_403,1,unimol,0.90135375,0.7634212,10.464193,0,0,19.33
9361,207,12238,1748,5hpu_IPH_A_101,2,diffdock,0.26472445,0.76141273,6.7364488,0,0,30.149476
9362,207,5692,813,2xh0_PEP_B_1440,1,unimol,1.0019508,0.74358291,11.523399,0,0.98057397,23.32
9363,207,9500,1357,4nir_6DH_A_307,1,unimol,0.80141997,0.73697464,10.572976,0,0,17.4
9364,207,660,94,1g8z_GAL_F_104,2,diffdock,0.76466011,0.72420544,10.471088,0,6.3816835e-59,15.584422
9365,207,14015,2002,5w7b_MYR_B_208,1,unimol,0.79762324,0.71532338,11.200498,0,0.7064787,30.36
9366,207,15298,2185,6flu_DTK_B_404,3,diffdock_l,0.26312461,0.71482518,7.6512341,0,2.0410375e-20,20.124898
9367,207,6749,964,3vq4_0NX_A_304,1,unimol,0.72251134,0.70661595,10.762199,0,0.98286377,16.24
9368,207,15291,2184,6flu_DTK_B_403,3,diffdock_l,0.26112843,0.70484196,7.6403174,0,4.416488e-27,20.70968
9369,207,15940,2277,6lj7_EFR_A_301,1,unimol,0.79060291,0.70059696,11.61975,0,0.93139768,23.22
9370,207,6793,970,3vv5_SLZ_A_300,3,diffdock_l,0.64042975,0.69214465,10.883531,0,2.1955596e-37,19.591916
9371,207,2081,297,1o68_KIV_D_275,2,diffdock,0.32538971,0.69181807,9.7030287,0,0,29.063402
9372,207,8996,1285,4jzx_476_A_402,1,unimol,0.89366036,0.68694776,13.3858,0,0.88049137,17.13
9373,207,5693,813,2xh0_PEP_B_1440,2,diffdock,0.28564696,0.6759569,10.050312,0,0,38.625696
9374,207,9829,1404,4qpe_37E_A_901,1,unimol,0.83038967,0.67554061,13.284008,0,0,23
9375,207,9507,1358,4nir_6DH_A_308,1,unimol,0.6165492,0.67517158,10.56771,0,0,23.68
9376,207,2088,298,1o68_KIV_E_275,2,diffdock,0.27535194,0.67510338,9.7030287,0,0.74090119,30.830814
9377,207,15270,2181,6flu_DTK_A_406,3,diffdock_l,0.25430437,0.67256909,7.6067138,0,3.0088143e-41,20.312603
9378,207,13372,1910,5r0i_SYV_A_2501,2,diffdock,0.2732213,0.67155489,9.7798939,0,3.8176685e-85,15.809028
9379,207,16704,2386,6qhu_FAH_A_401,2,diffdock,0.2745197,0.6704113,9.8454399,0,0,20.224077
9380,207,667,95,1g8z_GAL_G_104,2,diffdock,0.29167819,0.66777989,10.503598,0,0,18.394116
9381,207,2906,415,1um4_SH4_H_1001,1,unimol,0.83580619,0.66710917,13.723903,0,0.98374385,20.17
9382,207,8681,1240,4i0b_CMP_A_302,1,unimol,0.90162432,0.66604548,14.639883,0,0.97654145,21.22
9383,207,1366,195,1jho_RMB_A_990,1,unimol,0.89720201,0.66566668,14.548512,0,0,19.71
9384,207,8962,1280,4jm8_26D_A_302,2,diffdock,0.28287254,0.66381478,10.294716,0,4.6102418e-31,11.741687
9385,207,17285,2469,6tof_NQE_A_201,2,diffdock,0.2730742,0.66305079,10.08052,0,4.0419044e-33,9.3607368
9386,207,4859,694,2o1o_RIS_B_400,1,unimol,0.8701482,0.66300014,14.080564,0,0.97295504,22.69
9387,207,16311,2330,6ny7_L8J_A_303,1,unimol,0.61907481,0.66243204,11.923794,0,0,19.08
9388,207,7716,1102,4cjv_IV2_A_1212,2,diffdock,0.76428692,0.6616633,13.067998,0,1.467248e-17,19.252405
9389,207,8725,1246,4i4v_NGA_D_201,3,diffdock_l,0.2867646,0.6615171,10.667633,0,9.7153738e-84,47.421392
9390,207,14323,2046,5y8k_SER_A_301,1,unimol,0.61753515,0.66084179,11.832738,0,0.0080345712,20.02
9391,207,11840,1691,5fe1_12Q_B_901,3,diffdock_l,0.66906802,0.66004645,12.373589,0,0.99476662,11.088677
9392,207,3074,439,1w55_C_A_1373,1,unimol,0.89471603,0.65946506,14.824701,0,0.9810874,15.76
9393,207,8711,1244,4i4v_NGA_A_202,3,diffdock_l,0.2943486,0.65881674,10.871261,0,2.5026288e-49,20.406556
9394,207,15976,2282,6ly4_TES_A_501,2,diffdock,0.30624678,0.65626814,11.02025,0,0,27.532705
9395,207,5981,854,2z48_NGA_B_2003,3,diffdock_l,0.25671832,0.65409969,8.5508089,0,6.7314819e-50,24.030586
9396,207,12020,1717,5g44_YTZ_A_1512,1,unimol,0.7089329,0.65276023,12.942615,0,0.98901905,14.49
9397,207,1289,184,1j3i_UMP_C_611,1,unimol,0.89186893,0.65198601,15.177588,0,0,22.05
9398,207,12539,1791,5irw_D9P_A_202,2,diffdock,0.27385686,0.65142283,10.557795,0,1.4235067e-32,25.03215
9399,207,5491,784,2vmg_MBG_A_1179,3,diffdock_l,0.25505959,0.65050493,8.4298325,0,0.95537606,8.4041014
9400,207,8688,1241,4i0b_CMP_B_301,1,unimol,0.88565048,0.64958845,15.139059,0,0.99509246,17.16
9401,207,12853,1836,5kcp_PFB_B_379,1,unimol,0.92118432,0.64897472,15.81435,0,0.045693112,22.91
9402,207,5490,784,2vmg_MBG_A_1179,2,diffdock,0.26483187,0.64843787,10.174523,0,0.97902629,11.017735
9403,207,14570,2081,5z9p_AX7_A_301,3,diffdock_l,0.66135976,0.64838093,12.873335,0,0.99808314,20.660301
9404,207,5699,814,2xh0_PEP_C_1440,1,unimol,1.0013447,0.64810542,16.128038,0,0.9482127,26.14
9405,207,6021,860,2zgw_ADN_B_1302,1,unimol,0.89289076,0.64637379,15.516626,0,0.74508115,23.04
9406,207,6007,858,2z7s_P01_A_1,1,unimol,0.90366644,0.64608762,15.820345,0,0.95488661,19.5
9407,207,15493,2213,6hmw_FUL_F_202,2,diffdock,0.32691825,0.6458143,11.522815,0,1.4767862e-57,22.01542
9408,208,6191,884,3qgz_ADN_A_127,3,diffdock_l,0.29926509,0.78692188,6.584208,0,0.97870258,22.225556
9409,208,14820,2117,6ayv_MLI_A_409,1,unimol,0.87143544,0.77358178,9.3356314,0,0.96546027,23.28
9410,208,3811,544,2bk3_FOF_A_1503,3,diffdock_l,0.28086698,0.75258028,7.3146091,0,6.5068983e-60,33.057776
9411,208,1851,264,1moo_4MZ_A_265,3,diffdock_l,0.27410406,0.74920457,7.0799661,0,9.4926285e-11,24.517058
9412,208,8543,1220,4hey_4MZ_A_308,3,diffdock_l,0.2700692,0.74902731,7.0178061,0,7.6705531e-28,15.970573
9413,208,1961,280,1now_IFG_B_558,1,unimol,1.0039623,0.74555693,11.139667,0,0.98739446,21.65
9414,208,507,72,1fds_EST_A_350,3,diffdock_l,0.27543293,0.73384729,7.5764675,0,0,19.409856
9415,208,8548,1221,4hez_1MZ_A_302,1,unimol,0.61591232,0.7325943,8.6057348,0,0.98590196,18.1
9416,208,10433,1490,4xh4_PPI_A_504,3,diffdock_l,0.28926295,0.71990769,8.3033543,0,0,14.402406
9417,208,2003,286,1nuw_F6P_A_2336,1,unimol,0.87509225,0.71851731,11.396,0,0.94570488,18.65
9418,208,5148,735,2qhv_OC9_A_1001,3,diffdock_l,0.65086861,0.71619161,9.7769251,0,0.96366805,36.757598
9419,208,2010,287,1nux_F6P_A_2339,1,unimol,0.85397466,0.71446336,11.396,0,0.96440473,19.73
9420,208,820,117,1h18_PYR_B_1001,1,unimol,0.61829744,0.7077013,9.9063215,0,0,19.04
9421,208,13098,1871,5mdh_MAK_A_335,1,unimol,0.68244262,0.69698141,10.648218,0,0.84825966,18.77
9422,208,8534,1219,4hey_4MZ_A_307,1,unimol,0.62464479,0.69676769,10.387636,0,0,22.93
9423,208,10585,1512,4ywb_OXD_C_704,1,unimol,0.79554519,0.69432074,12.029737,0,0.84385435,17.05
9424,208,13105,1872,5mdh_MAK_B_335,1,unimol,0.67563462,0.69352426,10.739876,0,0.50144035,18.72
9425,208,8863,1266,4iph_1FJ_A_202,1,unimol,0.61543086,0.6919036,9.7104931,0,0,32.35
9426,208,3503,500,1zk0_SS2_A_1260,3,diffdock_l,0.2738623,0.68685356,8.954834,0,0.0097332709,43.172099
9427,208,4308,615,2fyd_BGC_B_403,3,diffdock_l,0.26074971,0.6847354,7.7946768,0,0,25.077525
9428,208,12384,1769,5i95_AKG_A_508,1,unimol,0.74176595,0.68203438,11.819967,0,0.92387108,22.83
9429,208,9437,1348,4n4j_HG1_A_607,1,unimol,0.61590771,0.68038123,10.279993,0,0.90865764,26.55
9430,208,2262,323,1pr6_XYA_B_1246,1,unimol,0.8354472,0.67737894,13.033801,0,0,16.93
9431,208,17571,2510,6xim_XLS_A_397,1,unimol,0.90823877,0.67384095,14.162169,0,0.96216152,18.56
9432,208,575,82,1fsa_F6P_B_338,1,unimol,0.89817084,0.67373535,13.916517,0,0.97265526,23.86
9433,208,2621,374,1t5z_DHT_A_931,3,diffdock_l,0.68614484,0.67061136,11.813866,0,0.98631843,47.762057
9434,208,2255,322,1pr6_XYA_A_1245,1,unimol,0.8058815,0.66858369,13.346257,0,0,18.09
9435,208,9824,1403,4qe1_RUU_A_403,3,diffdock_l,0.67108793,0.66453912,11.973656,0,0.99666776,18.304765
9436,209,3132,447,1x09_IPE_A_901,3,diffdock_l,0.26539204,0.80694981,4.4702225,0,0,26.998681
9437,209,2180,311,1pbd_PAB_A_396,3,diffdock_l,0.27046197,0.78898236,5.3809633,0,0.0011915953,18.429436
9438,209,5253,750,2r3d_ACM_A_303,3,diffdock_l,0.69556948,0.77116914,8.2440968,0,0.0018423821,11.057761
9439,209,10496,1499,4xz9_G3P_B_302,3,diffdock_l,0.25763447,0.75240799,4.6318192,0,0,21.684512
9440,209,12757,1822,5jj2_MLI_A_301,3,diffdock_l,0.30582825,0.7503068,7.5711932,0,0.15744219,39.114918
9441,209,1814,259,1ml4_PAL_A_385,1,unimol,1.0000828,0.74055915,11.332679,0,0.96753583,17.18
9442,209,15590,2227,6i4b_ORO_A_602,1,unimol,0.63786683,0.7402083,8.9831419,0,0,20.47
9443,209,4539,648,2i6p_4NP_A_401,3,diffdock_l,0.28399528,0.73824143,7.7355223,0,0,10.228515
9444,209,913,130,1h48_CDI_E_902,3,diffdock_l,0.27913843,0.73558724,7.4705219,0,4.7541062e-84,18.13175
9445,209,15597,2228,6i4b_ORO_B_602,1,unimol,0.61629175,0.73408828,9.0185518,0,0,21.1
9446,209,17599,2514,6xu3_PLG_B_401,1,unimol,0.89601998,0.7324412,11.167618,0,0.97019812,20.94
9447,209,12771,1824,5jj2_MLI_A_303,3,diffdock_l,0.30526177,0.7264818,8.2430477,0,5.415015e-10,32.17597
9448,209,4188,598,2f78_BEZ_B_1002,2,diffdock,0.2806464,0.71193302,8.4595833,0,2.0760699e-36,16.016739
9449,209,4174,596,2f78_BEZ_A_1001,2,diffdock,0.28083834,0.7104667,8.5196371,0,1.3856879e-17,17.229692
9450,209,11145,1592,5bk9_SIN_A_301,1,unimol,0.89541951,0.70761537,12.175869,0,0,19.38
9451,209,3529,504,1zoy_UQ1_B_1201,1,unimol,0.79160565,0.70198863,11.695297,0,0.96770075,19.58
9452,209,2367,338,1q92_DRM_A_1001,1,unimol,0.88904094,0.70179677,12.297578,0,0,21.34
9453,209,1928,275,1ngp_NPA_H_302,3,diffdock_l,0.29056064,0.70001252,8.9823732,0,0.011958437,17.090707
9454,209,17606,2515,6xu3_PLP_D_401,1,unimol,0.89152713,0.69919662,12.45106,0,0.98993726,21.95
9455,209,4327,618,2fyd_NGA_D_529,1,unimol,0.80131037,0.69458676,12.144587,0,0.9702943,18.02
9456,209,2516,359,1s6h_4BZ_A_1,3,diffdock_l,0.71715237,0.68957717,11.225569,0,0.99597389,12.953786
9457,209,1541,220,1ki2_GA2_B_2,1,unimol,0.78983047,0.68865689,12.190418,0,0,21.81
9458,209,4320,617,2fyd_NGA_B_404,1,unimol,0.78633077,0.68687551,12.145655,0,0.47133659,19.34
9459,209,17011,2430,6s9g_L1Q_A_305,1,unimol,1.0057834,0.68618576,13.822185,0,0.97132235,16.52
9460,209,876,125,1h48_C5P_C_901,1,unimol,0.90232787,0.68293921,13.528212,0,0.97198425,19.93
9461,209,890,127,1h48_C5P_E_901,1,unimol,0.89887891,0.68124251,13.538687,0,0.95238654,24.14
9462,209,883,126,1h48_C5P_D_204,1,unimol,0.89727083,0.68045429,13.528212,0,0.92967262,17.7
9463,209,2894,413,1uay_ADN_B_1002,3,diffdock_l,0.28005087,0.67839633,9.5360794,0,2.2281517e-62,75.559524
9464,209,5889,841,2yjd_YJD_B_1498,2,diffdock,0.72760004,0.67831027,11.91205,0,7.1695638e-37,26.634485
9465,209,12414,1773,5iav_MLI_A_302,3,diffdock_l,0.26394104,0.6751928,7.4208345,0,1.1018941e-38,24.42478
9466,209,6183,883,3qfx_CP6_B_702,2,diffdock,0.72645327,0.67346025,12.094699,0,1.522812e-32,23.008866
9467,209,2887,412,1uay_ADN_A_1001,3,diffdock_l,0.2791995,0.67298566,9.5257521,0,0.97471557,23.44476
9468,209,3209,458,1xdj_HCS_A_1050,3,diffdock_l,0.31174497,0.67192239,10.226077,0,4.592652e-63,29.76866
9469,209,9480,1354,4nf4_2JK_A_301,2,diffdock,0.25353034,0.67158343,5.3347721,0,0,29.21443
9470,209,13498,1928,5tde_2HP_B_901,2,diffdock,0.32141829,0.66406801,10.602961,0,9.5814212e-07,21.90813
9471,209,6511,930,3tky_N7I_D_369,1,unimol,0.76862776,0.66312108,12.981245,0,0.93677682,20.19
9472,209,8983,1283,4jwx_1N4_A_301,2,diffdock,0.29845515,0.66302146,10.423003,0,0,17.304513
9473,209,3580,511,227l_BNZ_A_169,3,diffdock_l,0.28506624,0.66264893,10.355425,0,0.99750473,34.4084
9474,209,11483,1640,5dnx_5LD_B_201,3,diffdock_l,0.28454208,0.65648569,10.596451,0,0.50427798,23.673891
9475,209,9173,1310,4lcq_URQ_A_603,3,diffdock_l,0.29383978,0.65606349,10.679785,0,0,28.001163
9476,209,3419,488,1zei_CRS_B_56,3,diffdock_l,0.30558644,0.65576179,10.847713,0,4.8117263e-27,13.624226
9477,209,1116,159,1hq2_PH2_A_181,3,diffdock_l,0.71246638,0.65574572,12.736917,0,0.98967745,10.882398
9478,209,2059,294,1o29_UFP_D_818,1,unimol,0.81580204,0.65548279,14.165201,0,0,24.68
9479,209,3433,490,1zei_CRS_E_54,3,diffdock_l,0.31649543,0.65522879,10.944935,0,5.5476296e-23,28.866012
9480,209,11418,1631,5di7_5CQ_A_601,1,unimol,0.8223255,0.65485784,14.222364,0,0,21.16
9481,209,897,128,1h48_CDI_A_201,1,unimol,0.72788115,0.65393274,13.119684,0,0,22.48
9482,209,3426,489,1zei_CRS_C_56,3,diffdock_l,0.30623,0.65379011,10.944935,0,2.3886776e-21,13.058228
9483,209,2031,290,1o28_UFP_D_718,1,unimol,0.80012974,0.65338121,14.191532,0,0,21.03
9484,209,3447,492,1zei_CRS_F_54,3,diffdock_l,0.30527648,0.65298085,10.944935,0,0.82999001,12.755505
9485,209,7213,1030,3zwt_ORO_A_1398,3,diffdock_l,0.26475045,0.65219141,8.2413759,0,4.0425503e-05,10.816253
9486,210,14183,2026,5xdt_ZI7_A_403,1,unimol,0.85599293,0.76319094,9.7004805,0,0.9912725,25.8
9487,210,3242,463,1xkw_188_A_1001,1,unimol,0.72461935,0.74640591,9.4119072,0,0,25.35
9488,210,8382,1197,4fh7_TBP_A_202,3,diffdock_l,0.2577038,0.73541373,5.7978301,0,0,11.723446
9489,210,4425,632,2gx5_PCG_C_514,1,unimol,0.75102447,0.7341863,9.9598722,0,0,20.92
9490,210,16047,2292,6mry_FLC_B_101,3,diffdock_l,0.30517412,0.72982082,8.2834177,0,8.7353205e-31,33.914198
9491,210,16068,2295,6mry_FLC_K_101,3,diffdock_l,0.28548764,0.69471687,9.2591829,0,2.8582639e-21,23.381752
9492,210,3004,429,1vl1_CIT_A_300,1,unimol,0.74061855,0.69276904,11.537516,0,0.9080658,23.37
9493,210,9213,1316,4luu_BTM_A_704,1,unimol,0.61335368,0.68849738,10.727584,0,0,20.24
9494,210,4117,588,2ef9_PEP_B_2268,1,unimol,0.82094764,0.6860065,12.710404,0,0.96732874,17.49
9495,210,17228,2461,6tbx_N0Z_B_302,1,unimol,0.76898157,0.68263954,12.173237,0,0.98663721,17
9496,210,4110,587,2ef9_A5P_B_2269,1,unimol,0.85346877,0.67690702,13.238599,0,0,18.42
9497,210,8499,1214,4gt9_MEF_A_304,1,unimol,0.61330327,0.67218124,10.898357,0,0,20.88
9498,210,12721,1817,5jep_EVF_B_302,2,diffdock,0.26731399,0.67164004,8.5145426,0,0.99739866,19.005243
9499,210,1954,279,1nmz_NYM_A_301,1,unimol,0.76892104,0.67053777,12.743237,0,0,18.36
9500,210,15989,2284,6m92_J8V_A_601,1,unimol,0.60204676,0.66929539,10.637126,0,0.91713175,19.8
9501,210,4103,586,2ef9_A5P_A_1269,1,unimol,0.82712028,0.66747899,13.666677,0,0,20.71
9502,210,17256,2465,6tgi_N8Z_A_508,1,unimol,0.78516072,0.66546022,13.29445,0,0,20.78
9503,210,14526,2075,5z54_0HZ_A_303,1,unimol,0.75499374,0.664431,12.935735,0,0.9839039,21.72
9504,210,4376,625,2g5v_22M_A_301,1,unimol,0.70655706,0.66206058,12.512608,0,0.98495266,21.42
9505,210,7743,1106,4cjw_CBJ_B_1217,1,unimol,0.78747171,0.66065981,13.618313,0,0.9296023,18.42
9506,210,12632,1804,5j5i_6GM_G_302,4,gnina,0.55798703,0.65758416,11.051198,0,0.99487807,10.063555
9507,210,12611,1801,5j5i_6GM_E_302,4,gnina,0.35208528,0.65752104,11.036186,0,0.95712634,10.743257
9508,210,12583,1797,5j5i_6GM_A_302,4,gnina,0.54705772,0.65749388,11.051198,0,0.99439326,9.9496792
9509,210,12618,1802,5j5i_6GM_F_302,4,gnina,0.35208528,0.65709705,11.054739,0,1.1065327e-06,10.931289
9510,210,12590,1798,5j5i_6GM_A_303,4,gnina,0.35208528,0.65640804,11.084971,0,0.994948,10.237436
9511,210,12646,1806,5j5i_6GM_I_303,4,gnina,0.35208528,0.65640804,11.084971,0,7.1498723e-10,13.90196
9512,210,11152,1593,5bkd_AKG_A_502,1,unimol,0.82726128,0.6561601,14.283018,0,0.98298466,19.57
9513,210,13896,1985,5vrj_R07_A_204,1,unimol,0.67536292,0.65551412,12.631709,0,0.81204554,25.75
9514,210,11159,1594,5bkd_AKG_B_502,1,unimol,0.81572225,0.65526113,14.283018,0,0.89527235,16.85
9515,210,14533,2076,5z54_0HZ_B_303,1,unimol,0.72419564,0.65388008,13.249704,0,0,18.48
9516,210,1054,150,1h82_GZZ_C_590,4,gnina,0.35143472,0.65214889,11.264169,0,0.25737024,12.630439
9517,210,5050,721,2q6m_P34_A_1001,3,diffdock_l,0.2573409,0.65199463,8.1116886,0,0.27869325,17.857612
9518,210,4845,692,2nz5_226_B_432,1,unimol,0.78834218,0.64716695,14.408118,0,0.97319403,20.12
9519,210,13961,1994,5vyr_B62_B_301,3,diffdock_l,0.73960278,0.64702334,13.747948,0,0.99176251,19.571628
9520,210,16054,2293,6mry_FLC_C_102,3,diffdock_l,0.29701593,0.6448641,11.371364,0,1.7366967e-30,23.313313
9521,210,17242,2463,6tbx_N0Z_D_302,1,unimol,0.6060113,0.63821925,12.082419,0,0.98290155,24.43
9522,210,416,59,1e48_13P_P_302,3,diffdock_l,0.26473681,0.63710248,9.3742933,0,0.0027905706,11.511754
9523,210,12447,1778,5ihe_D5M_A_701,1,unimol,0.61447358,0.6369014,13.221663,0,0,22.01
9524,210,4047,578,2e40_LGC_A_1001,1,unimol,0.79194155,0.63571919,15.275268,0,0.00092158409,18.73
9525,210,6609,944,3v1m_HPK_A_288,1,unimol,0.6602194,0.63477237,13.631717,0,0.44562483,18.3
9526,210,12239,1748,5hpu_IPH_A_101,3,diffdock_l,0.3040695,0.6342595,11.968553,0,0,28.001163
9527,210,10298,1471,4wdd_CIT_A_401,1,unimol,0.75885821,0.63311586,14.663128,0,0.92971153,27.3
9528,210,6385,912,3ryd_SRT_C_268,1,unimol,0.72300743,0.6319438,14.364992,0,0.91538844,18.87
9529,210,14043,2006,5wcz_NOJ_A_601,1,unimol,0.61460658,0.63175928,13.504109,0,0,20.06
9530,210,15765,2252,6jz4_EVA_A_701,1,unimol,0.78228692,0.63146259,15.115788,0,0.59333139,21.51
9531,210,1905,272,1ne4_RP1_A_601,1,unimol,0.70813146,0.63141267,14.150088,0,0.88313417,18.18
9532,210,5447,778,2vag_V25_A_1482,1,unimol,0.91215412,0.63027065,16.913956,0,0.9788465,20.49
9533,210,7533,1076,4bdr_CYS_B_804,1,unimol,0.61330397,0.62928719,13.246225,0,0.64059435,15.76
9534,210,4285,612,2fr6_URI_B_1002,1,unimol,0.72381882,0.62887938,14.597522,0,0,23.56
9535,210,2248,321,1pr0_NOS_C_1247,1,unimol,1.0091036,0.62864102,17.365788,0,0,21.66
9536,211,5797,828,2xul_AKG_F_201,1,unimol,0.78621739,0.84081404,7.2680812,0,0.89667176,15.71
9537,211,5776,825,2xul_AKG_C_201,1,unimol,0.76888904,0.83146429,7.234488,0,0.93619629,20.47
9538,211,4467,638,2gzm_DGL_C_503,1,unimol,0.90024534,0.80626895,8.6894884,0,0.98808556,18.09
9539,211,8569,1224,4hmx_WUB_A_302,1,unimol,0.61074988,0.80597442,6.614213,0,0,22.56
9540,211,4474,639,2gzm_DGL_D_504,1,unimol,0.90004663,0.80416509,8.7391958,0,0.98563287,24.25
9541,211,6296,899,3r51_MMA_A_200,3,diffdock_l,0.27493924,0.79728605,6.2128019,0,0.88493867,10.822829
9542,211,5762,823,2xul_AKG_A_201,1,unimol,0.61093054,0.79642093,7.2680812,0,0,17.87
9543,211,12335,1762,5i5s_NVU_A_402,1,unimol,0.86030281,0.78570468,8.9871645,0,0.99177429,16.41
9544,211,5783,826,2xul_AKG_D_201,1,unimol,0.61093013,0.78101926,7.6589494,0,1.7462243e-05,19.89
9545,211,12342,1763,5i5s_NVU_B_402,1,unimol,0.78138588,0.7734219,8.9871645,0,0.99177946,15.1
9546,211,4462,637,2gzm_DGL_A_501,3,diffdock_l,0.27568312,0.75739041,7.3522997,0,0,47.910284
9547,211,5272,753,2r4t_250_A_503,1,unimol,0.61093006,0.74128255,8.5833311,0,0,23
9548,211,11243,1606,5cak_4Z9_A_802,1,unimol,0.9953512,0.72675506,11.927757,0,0,23.92
9549,211,4686,669,2j9e_AKG_C_1119,3,diffdock_l,0.30178549,0.72629944,8.4780703,0,1.0704697e-37,16.088238
9550,211,136,19,1axg_ETF_B_404,3,diffdock_l,0.27529793,0.72529062,8.1758099,0,1.6435668e-48,26.166344
9551,211,11971,1710,5g03_OE2_A_1263,1,unimol,0.79357204,0.72481218,10.944143,0,0.95915618,22.63
9552,211,16038,2291,6mpa_NAG_B_502,1,unimol,0.61263631,0.7247803,9.5565166,0,0,19.3
9553,211,15177,2168,6f7r_CIT_A_1002,1,unimol,0.73885746,0.72326629,10.372632,0,0.15752996,26.44
9554,211,143,20,1axg_ETF_C_404,3,diffdock_l,0.2735875,0.71861855,8.1397705,0,0,26.443367
9555,211,17508,2501,6vo2_R67_A_403,1,unimol,0.60389342,0.71659769,9.0079355,0,0.85925299,15.04
9556,211,10531,1504,4y6n_3PG_A_402,3,diffdock_l,0.26285879,0.71253186,7.0063577,0,0.10743043,17.439552
9557,211,4082,583,2eb5_OXL_B_2002,1,unimol,0.81923389,0.71121454,11.605563,0,0.96461801,18.51
9558,211,4075,582,2eb5_OXL_A_2001,1,unimol,0.81946695,0.71044436,11.641972,0,0.839325,26.19
9559,211,6295,899,3r51_MMA_A_200,2,diffdock,0.27477669,0.70978291,8.5511599,0,0.95059906,13.67054
9560,211,10025,1432,4trj_665_A_501,1,unimol,0.75160199,0.70968458,10.958382,0,0.97642702,18.98
9561,211,4089,584,2eb5_OXL_D_2004,1,unimol,0.79720621,0.70916391,11.605563,0,0.95054763,22.87
9562,211,8515,1216,4h0x_LAR_B_403,3,diffdock_l,0.25147844,0.70763416,5.6932383,0,1.6227145e-41,31.171455
9563,211,4096,585,2eb5_OXL_E_2005,1,unimol,0.80650794,0.70718225,11.724281,0,0.97439962,22.25
9564,211,220,31,1cdk_MYR_A_403,3,diffdock_l,0.2664302,0.70488464,8.0876522,0,6.8848392e-87,15.082037
9565,211,7542,1077,4bdr_KAI_B_900,3,diffdock_l,0.27272388,0.70483515,8.5361767,0,0.89038075,24.178465
9566,211,9815,1402,4qbz_D80_B_901,1,unimol,0.90355835,0.69801995,12.784397,0,0.9781326,28.07
9567,211,13966,1995,5vyr_GMP_B_302,1,unimol,0.61092976,0.69679402,10.04234,0,0,25.05
9568,211,9059,1294,4kp7_1UQ_B_502,1,unimol,0.90937681,0.69221836,13.144341,0,0.94583919,23.84
9569,211,135,19,1axg_ETF_B_404,2,diffdock,0.2748692,0.69093412,9.233283,0,0,29.738354
9570,211,4042,577,2e1a_MSE_D_301,3,diffdock_l,0.30450253,0.69005789,9.7500114,0,0.057508301,21.631586
9571,211,4125,589,2eup_LG4_A_400,2,diffdock,0.25526766,0.68717258,6.7201328,0,0,14.177978
9572,211,8011,1144,4d4u_FUC_A_950,3,diffdock_l,0.27537263,0.68647027,9.506835,0,0,28.001163
9573,211,9857,1408,4r08_URI_A_901,1,unimol,0.61092602,0.68542884,10.404004,0,0,26.17
9574,211,8625,1232,4hzf_CMP_A_302,1,unimol,0.89078557,0.68398115,13.19033,0,0.98035391,18.65
9575,211,17515,2502,6vo2_R67_B_403,1,unimol,0.61093007,0.68352422,10.804723,0,0.92688462,27.14
9576,211,142,20,1axg_ETF_C_404,2,diffdock,0.2712568,0.68096409,9.2807913,0,0,29.908349
9577,211,6861,980,3w8x_FTK_A_601,1,unimol,0.61153004,0.68085876,11.220909,0,0.9752265,19.77
9578,211,13597,1942,5tzr_MLI_A_2403,3,diffdock_l,0.2826645,0.68061478,9.9170704,0,3.4314125e-109,21.452112
9579,211,11077,1582,5aov_GLV_A_1336,3,diffdock_l,0.24802716,0.6788539,5.1829572,0,0,29.713603
9580,211,9843,1406,4qya_LU2_A_201,1,unimol,0.78463856,0.67671198,12.864314,0,0,21.11
9581,211,9073,1296,4kqx_HIO_B_401,1,unimol,0.74020235,0.6744016,12.451881,0,0.92153853,23.55
9582,211,3692,527,2aiq_BEN_A_401,3,diffdock_l,0.26569761,0.66754464,9.049243,0,0.98382002,19.204919
9583,211,17188,2455,6t10_M6Z_A_601,3,diffdock_l,0.29669629,0.66722108,10.55594,0,1.9525586e-20,14.415074
9584,211,9465,1352,4ndn_PPK_A_406,1,unimol,0.76412287,0.6669256,12.954703,0,0,24.44
9585,211,16936,2419,6rlt_MLI_B_512,3,diffdock_l,0.29688981,0.66691479,10.576299,0,7.3115205e-62,36.623535
9586,212,3691,527,2aiq_BEN_A_401,2,diffdock,0.704633,0.78780419,8.0626202,0,0.9883711,15.530841
9587,212,3844,549,2bs8_NAG_A_1177,1,unimol,0.79595674,0.78660986,8.8756104,0,0.87833032,19.5
9588,212,1618,231,1l4f_NCN_A_991,1,unimol,0.92048563,0.74362921,11.065809,0,0.99178363,16.02
9589,212,1639,234,1l5o_NCN_A_991,1,unimol,0.91959601,0.74289729,11.065809,0,0.9930576,24.75
9590,212,8422,1203,4g1x_TQU_A_410,1,unimol,0.76056004,0.71845321,10.756716,0,0.99486641,17.68
9591,212,10802,1543,4zu3_4SD_B_301,1,unimol,1.0031479,0.71163687,12.642276,0,0.17594275,21.22
9592,212,10837,1548,4zu3_4SD_F_301,1,unimol,1.0060799,0.70886871,12.777763,0,0.90510997,21.41
9593,212,10795,1542,4zu3_4SD_A_301,1,unimol,0.99362109,0.708436,12.777763,0,0,18.95
9594,212,10830,1547,4zu3_4SD_E_301,1,unimol,1.0102086,0.70618234,12.919377,0,0.30014726,20.72
9595,212,10991,1570,5adi_TUE_A_800,1,unimol,0.78442142,0.69735213,12.023442,0,0.98303656,20.7
9596,212,12692,1813,5je1_TOF_A_302,1,unimol,0.71618187,0.69533701,11.509601,0,0,16.39
9597,212,12699,1814,5je1_TOF_B_302,1,unimol,0.71611549,0.69527671,11.508318,0,0,13.76
9598,212,10823,1546,4zu3_4SD_D_301,1,unimol,0.89911453,0.69510847,12.777763,0,0.9617154,25.13
9599,212,8508,1215,4gy9_ZIP_A_201,3,diffdock_l,0.69285674,0.69396818,11.217582,0,0.94948693,17.313284
9600,212,1900,271,1ne4_RP1_A_401,3,diffdock_l,0.29753171,0.69250356,9.7153664,0,7.7974673e-43,17.47942
9601,212,5440,777,2v7o_DRN_A_1303,1,unimol,0.77126878,0.69146227,11.961687,0,0.90259409,21.17
9602,212,10816,1545,4zu3_4SD_C_301,1,unimol,0.87958005,0.68834466,12.919377,0,0.85692165,22.29
9603,212,5510,787,2vsu_V55_D_1251,1,unimol,0.62299038,0.68811407,11.168716,0,0.98219135,17.69
9604,212,10762,1537,4zo7_GLC_A_806,3,diffdock_l,0.2721629,0.68664764,9.3545933,0,7.1500792e-31,35.559133
9605,212,9332,1333,4mog_G3F_A_802,1,unimol,0.77154206,0.68517768,12.255273,0,0.92957132,22.35
9606,212,3846,549,2bs8_NAG_A_1177,3,diffdock_l,0.24973302,0.68505112,6.3076587,0,0.92809712,9.6714854
9607,212,8415,1202,4g1x_TQU_A_409,1,unimol,0.60964641,0.67777596,10.909926,0,0.94765954,21.49
9608,212,8737,1248,4i6s_FUC_B_101,1,unimol,0.94598237,0.67749501,14.270379,0,0.95106866,18.12
9609,212,15884,2269,6l86_LMR_B_302,1,unimol,0.86731421,0.67628823,13.402181,0,0.0055025462,24.59
9610,212,1962,280,1now_IFG_B_558,2,diffdock,0.27619481,0.67351068,10.260566,0,1.775775e-80,27.507563
9611,212,7723,1103,4cjv_IV2_B_1215,2,diffdock,0.29604393,0.66819988,10.668771,0,1.0049118e-17,18.470369
9612,212,12930,1847,5l7u_NGA_B_601,1,unimol,0.91624145,0.66463277,14.675168,0,0.97647665,26.81
9613,212,12790,1827,5jp9_DCM_B_401,1,unimol,0.92033144,0.66439492,14.781425,0,0.92004257,17.78
9614,213,2179,311,1pbd_PAB_A_396,2,diffdock,0.29748303,0.94752845,4.6778235,0,0,20.779499
9615,213,12938,1848,5l9v_OGA_A_502,2,diffdock,0.7141905,0.83519104,7.748847,0,0.99628737,20.843013
9616,213,10284,1469,4wbd_CIT_A_602,1,unimol,0.97077659,0.8199791,9.3221188,0,0.97166556,17.38
9617,213,267,38,1cq1_BGC_B_455,1,unimol,0.7051983,0.79826212,8.517395,0,0.94477314,20.24
9618,213,260,37,1cq1_BGC_A_455,1,unimol,0.62352375,0.78825845,8.4785995,0,0.96862762,23.23
9619,213,3571,510,1zwp_NIM_A_401,1,unimol,0.78173808,0.78819389,9.1737499,0,0.94488591,16.24
9620,213,5384,769,2uyv_TLA_C_1275,1,unimol,0.84042187,0.76099311,10.417794,0,0,25.7
9621,213,5391,770,2uyv_TLA_D_1275,1,unimol,0.86678073,0.76068662,10.475241,0,0,17.06
9622,213,4943,706,2p1e_LAC_A_303,1,unimol,0.60825756,0.74673933,8.9097281,0,0,13.77
9623,213,17103,2443,6syz_M1E_B_601,2,diffdock,0.26087248,0.74479765,6.8720703,0,6.350857e-20,14.395289
9624,213,10488,1498,4xv4_25T_A_303,2,diffdock,0.26798623,0.74249356,7.9870129,0,0.92683769,10.887471
9625,213,7232,1033,3zzm_JLN_A_1526,1,unimol,0.92035143,0.73270696,12.013408,0,0.95957127,20.05
9626,213,8051,1150,4dch_4DC_A_502,1,unimol,0.86020433,0.73076011,11.496437,0,0,24.92
9627,213,5377,768,2uyv_TLA_B_1275,1,unimol,0.67337471,0.72864106,10.417794,0,0,23.32
9628,213,3965,566,2cjz_PTR_A_1537,3,diffdock_l,0.26279399,0.72751821,7.527565,0,0.92034152,17.317527
9629,213,10286,1469,4wbd_CIT_A_602,3,diffdock_l,0.26774244,0.72720983,8.3098383,0,0.00024705773,23.606102
9630,213,5363,766,2uyv_TLA_A_1275,1,unimol,0.64390501,0.72401856,10.46805,0,0,24.19
9631,213,806,115,1h18_DTL_B_9009,1,unimol,0.78808856,0.7227888,11.424881,0,0,19.24
9632,213,813,116,1h18_DTL_B_9010,1,unimol,0.86889563,0.71988367,12.001802,0,0,19.29
9633,213,799,114,1h18_DTL_A_9010,1,unimol,0.79608279,0.71614809,11.923356,0,0,24.3
9634,213,792,113,1h18_DTL_A_9009,1,unimol,0.78508336,0.71206754,11.76789,0,0,28.84
9635,213,4153,593,2f3s_7GP_A_998,2,diffdock,0.26692901,0.70333284,8.7772074,0,0.97742187,40.750761
9636,213,204,29,1c9c_PP3_A_413,1,unimol,0.86774739,0.70300381,12.670436,0,0,21.24
9637,213,5370,767,2uyv_TLA_A_1277,1,unimol,0.61072378,0.69944694,10.504072,0,0,19.31
9638,213,4152,593,2f3s_7GP_A_998,1,unimol,0.98094849,0.69686144,13.777312,0,0.9892257,22.61
9639,213,13491,1927,5tde_2HP_A_502,2,diffdock,0.27370075,0.69682141,9.5938396,0,4.401849e-51,21.487614
9640,213,57,8,1aia_PMP_B_411,1,unimol,0.74350339,0.6926623,12.279937,0,0,22.7
9641,213,240,34,1cib_HDA_A_437,2,diffdock,0.25784199,0.68987647,7.6466932,0,8.2839379e-08,20.240095
9642,213,946,135,1h5r_G1P_B_1294,1,unimol,0.9190616,0.68896535,13.893635,0,0.94365805,25.65
9643,213,3131,447,1x09_IPE_A_901,2,diffdock,0.28777559,0.68768756,10.440823,0,0.95660742,15.302927
9644,213,13280,1897,5o72_9MH_A_303,1,unimol,0.78523761,0.68513626,12.905857,0,0.97380036,22.96
9645,213,16766,2395,6qot_6SD_B_301,1,unimol,0.71022149,0.68044349,12.639268,0,0.99433931,25.38
9646,213,939,134,1h5r_G1P_A_1294,1,unimol,0.86855094,0.67727828,13.87836,0,0.4854717,19.03
9647,213,1282,183,1j0y_BGC_D_4601,1,unimol,1.0261568,0.6734417,15.07307,0,0.9816682,24.6
9648,213,6378,911,3ryd_SRT_A_271,1,unimol,0.61132488,0.67319423,12.094415,0,0.4721969,18.22
9649,213,17776,2539,7jo3_VGS_A_302,3,diffdock_l,0.27685736,0.67247637,10.781526,0,0.97728643,17.424688
9650,213,4189,598,2f78_BEZ_B_1002,3,diffdock_l,0.31641581,0.67015321,11.33792,0,1.7697688e-16,22.550701
9651,213,1268,181,1j0y_BGC_B_2601,1,unimol,1.006737,0.66990201,15.17087,0,0.98244992,24.28
9652,213,4307,615,2fyd_BGC_B_403,2,diffdock,0.28796532,0.66989027,11.12107,0,0,24.781293
9653,213,4175,596,2f78_BEZ_A_1001,3,diffdock_l,0.31654269,0.66812825,11.435307,0,2.8891925e-35,16.379419
9654,213,11173,1596,5bwd_FUM_A_901,1,unimol,0.69829604,0.66314585,13.191077,0,0,18.69
9655,213,1275,182,1j0y_BGC_C_3601,1,unimol,0.9114956,0.66307853,15.07307,0,0.97767278,21.37
9656,213,1261,180,1j0y_BGC_A_1601,1,unimol,0.91137751,0.66291403,15.07307,0,0.97425925,22.46
9657,213,11068,1581,5ahn_IMP_A_1468,1,unimol,0.77179287,0.65973037,13.938775,0,0,20.38
9658,213,2374,339,1qjc_PNS_B_1163,1,unimol,0.68093352,0.65936606,13.284512,0,0,18.78
9659,213,1941,277,1nmm_NAG_B_403,2,diffdock,0.27709868,0.65929548,11.395783,0,2.5491765e-55,29.974285
9660,213,5153,736,2qim_ZEA_A_159,1,unimol,0.79298146,0.6580618,14.44556,0,0.97675144,14.74
9661,213,12413,1773,5iav_MLI_A_302,2,diffdock,0.28098828,0.6554238,11.646508,0,0.0056619726,17.954456
9662,213,92,13,1amq_PMP_A_413,1,unimol,0.60653298,0.65378565,12.230995,0,0,21.37
9663,213,9101,1300,4l1x_STR_A_402,1,unimol,0.79230097,0.65294878,14.695074,0,0.9838654,24.39
9664,214,16705,2386,6qhu_FAH_A_401,3,diffdock_l,0.31520726,0.75746836,8.7570829,0,0,13.303735
9665,214,17445,2492,6v1e_5SW_A_301,1,unimol,0.92316336,0.73606926,12.124022,0,0.97313131,21.7
9666,214,17657,2522,6ypv_AKG_A_302,3,diffdock_l,0.27023034,0.72728169,8.1627645,0,0.010750994,13.9138
9667,214,6238,891,3qt8_FM0_A_328,1,unimol,0.92547415,0.70937318,13.232561,0,0.95169809,21.07
9668,214,610,87,1g6n_CMP_A_621,1,unimol,0.70282073,0.7041852,11.992262,0,0.99572185,23.26
9669,214,617,88,1g6n_CMP_B_622,1,unimol,0.7020992,0.70308233,11.992262,0,0.99243928,17.44
9670,214,3845,549,2bs8_NAG_A_1177,2,diffdock,0.6749314,0.69621468,11.983963,0,0,12.168338
9671,214,7176,1025,3zp7_PRE_A_1118,1,unimol,0.69635511,0.6943366,12.213405,0,0,20.61
9672,214,10125,1446,4ud9_FQI_H_1257,3,diffdock_l,0.31018935,0.69239326,10.762794,0,0,28.001163
9673,214,15297,2185,6flu_DTK_B_404,2,diffdock,0.32702241,0.68566843,11.109961,0,5.9725366e-42,21.262234
9674,214,17293,2470,6tog_NQH_A_201,3,diffdock_l,0.30927726,0.68482057,11.010571,0,4.8532916e-31,6.6862986
9675,214,15290,2184,6flu_DTK_B_403,2,diffdock,0.32436389,0.68337788,11.160202,0,1.0980479e-33,21.223468
9676,214,9206,1315,4lol_1YE_A_402,1,unimol,0.78703492,0.67778705,13.830867,0,0.97010127,17.11
9677,214,15269,2181,6flu_DTK_A_406,2,diffdock,0.30896513,0.67646763,11.311612,0,4.6253608e-48,22.548269
9678,214,2234,319,1pr0_NOS_A_1245,1,unimol,0.8992126,0.67361648,14.506837,0,0,22.42
9679,214,2066,295,1o2i_655_A_246,1,unimol,0.90649137,0.67203762,14.726764,0,0,21.47
9680,214,8618,1231,4hzf_CMP_A_301,1,unimol,0.80564832,0.66913162,14.337183,0,0.99347446,22.57
9681,214,5314,759,2ri1_GLP_B_234,1,unimol,0.68264222,0.66597265,13.333077,0,0,21.87
9682,214,5090,727,2qca_DGP_A_200,1,unimol,0.77532251,0.66238624,14.223493,0,0,20.56
9683,214,16675,2382,6qdc_HXE_A_1003,1,unimol,0.77397214,0.66153386,14.248961,0,0.010210932,19.88
9684,214,1480,211,1kae_HSO_A_1001,3,diffdock_l,0.27343115,0.65980389,11.02629,0,0.00016543841,27.1924
9685,214,8632,1233,4hzf_CMP_B_301,1,unimol,0.70264972,0.65798225,14.013246,0,0.99239072,22.06
9686,214,13035,1862,5m0t_AKG_A_302,1,unimol,0.78673709,0.65728654,14.81626,0,0.97201306,20.65
9687,214,9661,1380,4p7q_NAG_A_704,1,unimol,0.60731429,0.6534282,12.878211,0,0,20.33
9688,214,4019,574,2d3n_GLC_A_608,1,unimol,0.6086493,0.65261651,13.562766,0,0.93914262,20.19
9689,214,1375,196,1jhv_NIO_A_991,3,diffdock_l,0.30111642,0.65092634,12.308599,0,2.8135394e-10,14.43586
9690,214,8653,1236,4i02_CMP_B_301,1,unimol,0.92534046,0.65087103,16.149586,0,0.99292378,19.74
9691,214,316,45,1d7a_AIR_D_450,1,unimol,0.78202862,0.65078107,14.961115,0,0.91292722,20.09
9692,214,4412,630,2gnm_MAN_A_253,2,diffdock,0.32296359,0.64876798,12.567451,0,0,30.149476
9693,214,4796,685,2ntk_IMP_B_206,1,unimol,0.93017055,0.64790354,16.422743,0,0,18.38
9694,214,14155,2022,5x5d_UMP_E_401,1,unimol,0.9255031,0.64759374,16.355516,0,0,21.23
9695,214,14141,2020,5x5d_UMP_A_401,1,unimol,0.9256196,0.64740058,16.371683,0,0,20.68
9696,214,16801,2400,6r5o_BGC_A_801,1,unimol,0.86882465,0.64655131,15.763235,0,0,22.78
9697,214,7358,1051,4ajj_88S_A_1332,1,unimol,0.91137176,0.6442246,16.293123,0,0.9830246,21.34
9698,214,3671,524,2ahc_VNL_C_366,3,diffdock_l,0.2549023,0.64352513,8.017477,0,7.384283e-82,20.542585
9699,214,477,68,1eow_U2G_A_130,1,unimol,0.61526678,0.64314871,14.111676,0,0,22.35
9700,214,3300,471,1yik_MM1_A_500,3,diffdock_l,0.28038216,0.6430583,11.996609,0,4.5144286e-33,7.7953384
9701,214,2899,414,1ubs_SER_B_398,1,unimol,1.0013733,0.64264385,16.934263,0,0.94124263,22.03
9702,214,8443,1206,4gh8_MTX_B_201,1,unimol,0.92689675,0.64239558,16.696064,0,0,28.08
9703,214,4292,613,2fu9_MP2_A_1410,1,unimol,0.91843042,0.64136414,16.574594,0,0.98259031,26.89
9704,214,15611,2230,6ijn_6MZ_A_401,1,unimol,0.92250534,0.64017095,16.734648,0,0.98973567,16.8
9705,214,3664,523,2ahc_VNL_B_266,3,diffdock_l,0.25476827,0.64013573,8.0366583,0,1.7798936e-38,19.147678
9706,214,3627,518,2a9z_26A_A_1001,1,unimol,0.93568167,0.64011358,17.027555,0,0,21.13
9707,214,11866,1695,5fiu_Y3J_C_1299,1,unimol,1.0343477,0.63935144,17.21912,0,0,24.73
9708,214,3278,468,1y2x_NAG_D_3144,2,diffdock,0.32577263,0.63896395,13.045948,0,9.0396132e-36,20.898316
9709,214,16521,2360,6pk1_PLP_B_501,1,unimol,0.91877959,0.63876175,16.738081,0,0.93665424,16.86
9710,214,17629,2518,6y4z_TLA_D_301,3,diffdock_l,0.30461355,0.63873691,12.885969,0,2.2365733e-32,31.435388
9711,214,302,43,1d7a_AIR_A_300,1,unimol,0.6999618,0.63766857,14.961115,0,0.96195378,21.78
9712,214,6525,932,3tye_XTZ_A_801,1,unimol,0.86562632,0.63698209,16.264002,0,0,22.79
9713,214,10251,1464,4v2z_Y70_B_151,3,diffdock_l,0.27266967,0.63680656,11.770694,0,3.4250439e-52,16.135603
9714,215,2675,382,1thc_FL9_A_130,1,unimol,0.60767806,0.76638989,8.9849939,0,0.92919813,21.72
9715,215,6399,914,3se2_3AB_D_3,1,unimol,0.9137786,0.72993074,12.020291,0,0.98617436,21.6
9716,215,7673,1096,4cdt_M48_A_801,1,unimol,0.6113633,0.7284538,10.35382,0,0.98176314,22.65
9717,215,7659,1094,4can_M7K_B_800,1,unimol,0.60767801,0.72556164,10.051369,0,0.9803628,26.77
9718,215,7652,1093,4can_M7K_A_800,1,unimol,0.60767801,0.72489131,10.114039,0,0.97516882,23.27
9719,215,7680,1097,4cdt_M48_B_801,1,unimol,0.60767801,0.71629765,10.422011,0,0.97329413,21.6
9720,215,14023,2003,5w8q_BU4_A_400,2,diffdock,0.26214397,0.71149138,9.1339798,0,3.3087885e-45,21.038526
9721,215,7484,1069,4b1y_LAB_B_1376,1,unimol,0.69279304,0.70401312,11.799789,0,0,23.61
9722,215,7974,1139,4d06_X8W_D_303,1,unimol,0.78522824,0.70050996,12.435643,0,0.035432403,23.38
9723,215,2689,384,1thc_FL9_B_130,1,unimol,0.60774434,0.69853228,11.354674,0,0.94444694,15.81
9724,215,2801,400,1tt6_DES_B_128,1,unimol,0.6219645,0.68716105,11.994823,0,0,26.42
9725,215,1345,192,1ja9_PYQ_A_406,1,unimol,0.60513335,0.67868666,11.437599,0,0.97089405,18.34
9726,215,13707,1958,5uda_CAE_B_502,1,unimol,0.65469233,0.67528082,12.635464,0,0.9871517,27.47
9727,215,11747,1678,5ezp_IPJ_A_201,1,unimol,0.78785051,0.6744456,13.723822,0,0.98455747,21.16
9728,215,14024,2003,5w8q_BU4_A_400,3,diffdock_l,0.26066111,0.67343242,10.362388,0,2.2766734e-45,19.588203
9729,215,13700,1957,5uda_CAE_A_502,1,unimol,0.63205794,0.67330893,12.635464,0,0.9961013,24.2
9730,215,4502,643,2hs3_FGR_A_2166,1,unimol,0.76910684,0.67196223,13.518606,0,0,21.67
9731,215,14435,2062,5ybp_AKG_A_302,1,unimol,0.9315715,0.66983168,15.112842,0,0.39162652,21.12
9732,215,3055,436,1w3t_3GR_A_1297,3,diffdock_l,0.27620466,0.66954879,11.336866,0,0.0036558844,25.897292
9733,215,10426,1489,4xf0_CYS_A_502,3,diffdock_l,0.26703499,0.66875607,10.85227,0,0.65520136,11.64186
9734,215,10998,1571,5adi_TUE_B_800,1,unimol,0.60767748,0.66766311,12.165908,0,0.98780125,26.07
9735,215,14421,2060,5ybl_AKG_C_302,1,unimol,0.92265533,0.66763794,15.059938,0,0.82885764,22.7
9736,215,7976,1139,4d06_X8W_D_303,3,diffdock_l,0.27152605,0.66739646,11.129725,0,9.4194364e-28,42.226928
9737,215,11768,1681,5ezp_IPJ_F_201,1,unimol,0.77431191,0.66685451,13.804099,0,1.7026874e-07,25.7
9738,215,11852,1693,5fiu_Y3J_A_1299,1,unimol,0.89964906,0.6635825,14.97631,0,0.68544196,19.15
9739,215,11859,1694,5fiu_Y3J_B_1299,1,unimol,0.89960471,0.66349896,14.97631,0,0.78350732,16.84
9740,215,3860,551,2bx7_34D_B_1313,3,diffdock_l,0.23782835,0.65535545,6.1479578,0,1.7424005e-14,38.903848
9741,215,16206,2315,6ngp_KKY_B_803,1,unimol,0.78193844,0.65501432,14.549197,0,0.98629407,19.39
9742,215,7008,1001,3wsg_CIT_A_302,1,unimol,0.88143893,0.65229465,15.387897,0,0.7378061,24.51
9743,215,4481,640,2hdk_COI_B_900,1,unimol,0.59563066,0.65153563,12.51806,0,0,23.42
9744,215,7022,1003,3wsg_CIT_C_302,1,unimol,0.82092977,0.65058753,15.259176,0,0.4838645,24.97
9745,215,7015,1002,3wsg_CIT_B_302,1,unimol,0.81355226,0.65025598,15.259176,0,0.98369108,21.89
9746,215,13625,1946,5u5x_TP5_A_302,3,diffdock_l,0.28951856,0.65002479,12.255437,0,1.1673882e-32,11.271049
9747,215,7387,1055,4ajj_MLI_A_1333,2,diffdock,0.25725097,0.64989998,10.71572,0,5.1059566e-37,28.202837
9748,215,10893,1556,5a02_GOL_B_1342,1,unimol,0.79082175,0.64983188,15.17053,0,0.75620879,22.16
9749,215,16199,2314,6ngp_KKY_A_803,1,unimol,0.75132025,0.64968832,14.549197,0,0.98926935,25.18
9750,215,10900,1557,5a02_GOL_C_1341,1,unimol,0.79063222,0.64941644,15.17053,0,0.84873149,25.93
9751,215,10907,1558,5a02_GOL_D_1341,1,unimol,0.79055585,0.64933335,15.17053,0,0.58751,20.04
9752,215,16318,2331,6nyo_U94_A_301,1,unimol,0.77502686,0.64850024,14.793252,0,0.98537485,22.12
9753,215,14456,2065,5ybq_AKG_A_302,1,unimol,0.79114465,0.64629166,15.376848,0,0.4460164,17.86
9754,215,8361,1194,4f8n_GAL_A_204,3,diffdock_l,0.26160904,0.64574493,11.536544,0,0,8.0036306
9755,215,3900,557,2c5b_5F1_A_500,1,unimol,0.60767801,0.6450745,13.507627,0,0,21.68
9756,215,3907,558,2c5b_5F1_B_500,1,unimol,0.60767801,0.64440644,13.541414,0,0,16.53
9757,215,10914,1559,5a02_GOL_F_1342,1,unimol,0.79072039,0.64414547,15.477032,0,0.84756922,21.16
9758,215,974,139,1h5r_THM_B_1293,1,unimol,0.81402327,0.64304972,15.68064,0,0,19.07
9759,215,365,52,1dpm_EBP_B_902,1,unimol,0.71978601,0.64165969,14.875044,0,0.91797723,21.44
9760,215,15898,2271,6l86_LMR_D_302,1,unimol,0.75509285,0.64164434,15.007544,0,0.030345472,17.82
9761,215,9718,1388,4pik_MAN_C_503,2,diffdock,0.2701608,0.64146507,12.227406,0,0,17.739795
9762,215,5085,726,2qb4_LEU_A_601,3,diffdock_l,0.2672085,0.64003124,12.092859,0,0.99837616,22.637759
9763,215,5160,737,2qim_ZEA_A_160,1,unimol,0.64530504,0.63912271,14.368655,0,0.99004032,22.36
9764,216,1646,235,1ldo_SNR_A_150,1,unimol,0.61006263,0.813719,7.1814456,0,0.94881019,20.12
9765,216,17025,2432,6si4_LEK_A_402,1,unimol,0.91550864,0.81331609,8.7686043,0,0.99375653,18.79
9766,216,17032,2433,6si4_LEK_B_402,1,unimol,0.77324641,0.78922922,8.7686043,0,0.99317932,22.42
9767,216,6618,945,3v1s_0LH_B_401,3,diffdock_l,0.27021861,0.77517733,7.2784562,0,8.8031993e-68,21.443906
9768,216,5209,744,2qvr_FDP_A_333,1,unimol,0.9143707,0.77412213,9.9931736,0,0,21.82
9769,216,1598,228,1kwu_MMA_B_601,2,diffdock,0.26761418,0.72591531,8.4793901,0,0,15.302731
9770,216,1605,229,1kwu_MMA_C_701,2,diffdock,0.26579181,0.72477377,8.4793901,0,0,14.279623
9771,216,1591,227,1kwu_MMA_A_501,2,diffdock,0.2654012,0.72435866,8.4793901,0,0,15.793962
9772,216,16990,2427,6s51_KVQ_A_901,1,unimol,0.91255835,0.71357252,12.334026,0,0.99396802,21.27
9773,216,9971,1424,4rql_SNE_B_502,3,diffdock_l,0.26879146,0.71115328,9.059495,0,1.6834462e-14,28.512973
9774,216,9964,1423,4rql_SNE_A_505,3,diffdock_l,0.26735391,0.70811547,9.059495,0,2.7235965e-28,22.574876
9775,216,14316,2045,5y7r_58K_B_403,1,unimol,0.61006263,0.70394628,10.624808,0,0.99361126,18.94
9776,216,9201,1314,4lol_1YE_A_401,3,diffdock_l,0.25545463,0.69201322,8.7492628,0,0.00054509134,25.724792
9777,216,2934,419,1uxi_FUM_B_1311,1,unimol,0.6921617,0.6885198,12.152675,0,0.91581464,16.79
9778,216,2941,420,1uxq_G1P_A_1503,1,unimol,0.77463589,0.68844878,12.568665,0,0.8249602,25.56
9779,216,17104,2443,6syz_M1E_B_601,3,diffdock_l,0.28129873,0.68692965,10.350212,0,1.1054798e-20,18.76065
9780,216,2479,354,1s1f_PIM_A_431,1,unimol,0.61006263,0.68289056,11.383584,0,0,20.91
9781,216,15359,2194,6fw0_E92_B_602,1,unimol,0.92849368,0.67802521,14.325936,0,0.99334864,18.44
9782,216,13728,1961,5uio_8DM_D_202,1,unimol,0.69049637,0.67495272,12.715034,0,0.97178992,17.03
9783,216,1340,191,1j54_TMP_A_2000,3,diffdock_l,0.28216114,0.67402163,10.885698,0,2.1626724e-05,15.850349
9784,216,13611,1944,5u5g_7VD_B_302,3,diffdock_l,0.25889863,0.67011754,10.134624,0,8.8631859e-93,18.888414
9785,216,16493,2356,6paf_O6A_A_509,1,unimol,0.7851322,0.66924513,13.807234,0,0.96035018,26.12
9786,216,554,79,1fqo_F6R_B_2268,1,unimol,0.8838679,0.66868787,14.241942,0,0.94831394,20.11
9787,216,13189,1884,5nj0_8YW_A_301,1,unimol,0.92650234,0.66777076,14.843034,0,0.95160543,26.85
9788,216,15352,2193,6fw0_E92_A_602,1,unimol,0.81134663,0.66717655,14.078486,0,0.99212087,22.96
9789,216,9381,1340,4mr7_2BV_A_501,1,unimol,0.6057948,0.66604367,11.684487,0,0,25.05
9790,216,4313,616,2fyd_BGC_D_530,1,unimol,0.75457938,0.66567227,13.504262,0,0.98317917,23.21
9791,216,694,99,1gij_2PU_A_501,1,unimol,0.75497073,0.66478633,13.555036,0,0,21.62
9792,217,7934,1133,4cxr_2BG_A_502,3,diffdock_l,0.70995911,0.77648303,9.2765045,0,2.1022996e-37,29.943795
9793,217,7834,1119,4clr_FDB_C_1270,1,unimol,0.7099738,0.74172989,10.415219,0,0.99520353,19.36
9794,217,7827,1118,4clr_FDB_B_1270,1,unimol,0.71799338,0.74134489,10.459733,0,0.99065635,16.92
9795,217,17711,2530,7bp1_CAQ_A_401,1,unimol,1.0362374,0.73103765,12.284829,0,0.99648061,22.97
9796,217,7953,1136,4d06_NAR_F_301,1,unimol,0.77835313,0.72418841,11.401134,0,0.95399504,23.32
9797,217,17725,2532,7bp1_CAQ_D_401,1,unimol,0.92742687,0.72143696,12.436341,0,0.99593816,21.98
9798,217,13259,1894,5o4j_9KH_C_302,1,unimol,0.61181168,0.72097897,9.9951181,0,0.96566868,21.62
9799,217,7199,1028,3zwe_FUC_A_110,3,diffdock_l,0.23576448,0.72080871,5.8959889,0,2.4746284e-37,40.203713
9800,217,7241,1034,3zzv_FUC_B_401,3,diffdock_l,0.23576294,0.72056622,5.8959889,0,0.98454378,11.646639
9801,217,13252,1893,5o4j_9KH_B_302,1,unimol,0.61176579,0.72028506,9.9951181,0,0.96169539,18.58
9802,217,11546,1649,5dz2_212_B_404,3,diffdock_l,0.24949733,0.71190824,8.2623949,0,0.0047401873,37.678123
9803,217,9096,1299,4kwl_3SS_A_302,3,diffdock_l,0.29482959,0.7114215,9.9300776,0,0.00077627957,10.668824
9804,217,3524,503,1zng_HE4_A_202,3,diffdock_l,0.25938709,0.70734091,9.4032993,0,0.0039917494,10.906937
9805,217,6051,864,2zka_AZA_A_302,3,diffdock_l,0.23991895,0.69927489,7.1889334,0,3.5443505e-34,32.859456
9806,217,1410,201,1jtk_THU_B_1138,3,diffdock_l,0.26458571,0.69749271,9.9305935,0,0,38.446292
9807,217,9719,1388,4pik_MAN_C_503,3,diffdock_l,0.29685616,0.69740586,10.446334,0,2.8320746e-91,13.514306
9808,217,17151,2450,6t02_M5E_B_601,1,unimol,0.59676669,0.6902012,10.939722,0,0.99082976,20.29
9809,217,14661,2094,6a1f_9OF_A_807,3,diffdock_l,0.70770246,0.68511958,12.674088,0,0.95551094,19.743055
9810,217,7946,1135,4d06_NAR_D_302,1,unimol,0.61185748,0.68234762,11.731747,0,0.97662485,25.01
9811,217,13065,1866,5m66_ADN_A_502,3,diffdock_l,0.26559761,0.6812759,10.647929,0,0.71983024,28.001232
9812,217,13072,1867,5m66_ADN_B_502,3,diffdock_l,0.26597505,0.6811478,10.686999,0,5.6181274e-24,50.65974
9813,217,8746,1249,4i6s_FUC_C_101,3,diffdock_l,0.25550429,0.67581069,10.400013,0,0,28.829772
9814,217,13079,1868,5m66_ADN_C_502,3,diffdock_l,0.26400679,0.67536473,10.728738,0,3.7012174e-24,23.94338
9815,217,213,30,1ca7_ENO_B_601,3,diffdock_l,0.30366138,0.67432304,11.417759,0,0,38.243199
9816,217,7939,1134,4d06_NAR_A_301,1,unimol,0.68949756,0.66767135,13.355909,0,0.99396333,26.76
9817,217,10109,1444,4uch_OLW_A_800,1,unimol,0.61185748,0.66671839,12.434349,0,0.9817659,27.94
9818,217,9417,1345,4n36_2F8_D_401,2,diffdock,0.25644112,0.66263065,10.964676,0,0,23.395822
9819,217,12952,1850,5la1_XYP_A_601,2,diffdock,0.23689999,0.66188601,7.7510481,0,0,19.665636
9820,217,6750,964,3vq4_0NX_A_304,2,diffdock,0.26342754,0.65968223,11.360181,0,3.9631667e-19,17.650879
9821,217,5323,760,2rtn_IMI_B_300,3,diffdock_l,0.26571875,0.6577817,11.638084,0,0.99215538,15.661684
9822,217,10116,1445,4uch_OLW_B_800,1,unimol,0.61185728,0.65753969,12.768999,0,0.9800868,17.34
9823,217,10089,1441,4ubp_HAE_C_800,2,diffdock,0.27544805,0.65719276,11.970399,0,0,30.149476
9824,217,8360,1194,4f8n_GAL_A_204,2,diffdock,0.29461254,0.6569639,12.11049,0,0.98465019,8.9535833
9825,217,14085,2012,5wgw_MB5_A_715,1,unimol,0.67583923,0.65562987,13.779454,0,0,21.94
9826,217,9521,1360,4nkw_PLO_B_601,1,unimol,0.78343716,0.65515153,14.770578,0,0.9938415,24.13
9827,217,14897,2128,6c1i_EEY_B_501,1,unimol,0.78471952,0.65410905,14.890404,0,0.82094813,19.06
9828,217,13077,1868,5m66_ADN_C_502,1,unimol,1.025254,0.65387023,16.120291,0,0.83591872,21.79
9829,217,13063,1866,5m66_ADN_A_502,1,unimol,1.0322413,0.65347086,16.169621,0,0.83674327,25.43
9830,217,13070,1867,5m66_ADN_B_502,1,unimol,1.0344538,0.65223388,16.265623,0,0.92244549,25.62
9831,217,17123,2446,6szt_M4Q_A_601,1,unimol,0.61098932,0.65217017,12.759246,0,0.30764856,17.2
9832,217,1872,267,1msv_PUT_B_355,3,diffdock_l,0.26156556,0.65197807,11.618309,0,3.8569632e-16,18.407798
9833,217,9514,1359,4nkw_PLO_A_601,1,unimol,0.78227313,0.65078569,14.973361,0,0.99535151,28.56
9834,217,9402,1343,4n36_2F8_B_401,1,unimol,0.88591953,0.64982745,15.552197,0,0.96049557,20.74
9835,217,8739,1248,4i6s_FUC_B_101,3,diffdock_l,0.25159855,0.64980633,10.857269,0,8.9100882e-21,11.807529
9836,217,13191,1884,5nj0_8YW_A_301,3,diffdock_l,0.24944066,0.64958252,10.407055,0,0.59537336,17.096215
9837,217,9535,1362,4nkw_PLO_D_601,1,unimol,0.78016682,0.64952203,14.973361,0,0.99394282,27.44
9838,217,13084,1869,5m66_ADN_D_502,1,unimol,0.93047519,0.64836236,16.248055,0,0.81170236,25.55
9839,217,15928,2275,6lit_2OH_A_501,3,diffdock_l,0.24825602,0.64833142,10.110232,0,1.170043e-42,21.757381
9840,217,10333,1476,4wqq_MAN_D_204,1,unimol,0.72606901,0.64754376,14.655426,0,0.95995344,18.12
9841,217,5330,761,2rtn_IMI_D_300,3,diffdock_l,0.25490005,0.6469635,11.583846,0,0.99483099,15.572033
9842,218,12888,1841,5kmj_6UF_A_901,1,unimol,0.86609226,0.71626057,11.936325,0,0.99438944,23.85
9843,218,4636,662,2iyq_SKM_A_201,2,diffdock,0.25252607,0.71316349,8.1885796,0,0,14.029251
9844,218,12300,1757,5hyv_TPP_A_701,1,unimol,0.90760195,0.70708697,12.697117,0,0.96544375,24.12
9845,218,5084,726,2qb4_LEU_A_601,2,diffdock,0.74644433,0.69366797,12.279566,0,0.9979635,25.176574
9846,218,6415,916,3sj1_DXC_X_75,3,diffdock_l,0.71952,0.6831659,12.668931,0,0.98918356,24.096158
9847,218,5329,761,2rtn_IMI_D_300,2,diffdock,0.72193476,0.67405833,13.123388,0,2.8666951e-32,18.183885
9848,218,5322,760,2rtn_IMI_B_300,2,diffdock,0.74346269,0.67238728,13.28375,0,0.99459158,18.624515
9849,218,1914,273,1nf0_13P_A_5001,3,diffdock_l,0.24766429,0.67153936,8.6130257,0,0,28.001163
9850,218,10921,1560,5a2r_MLT_A_1615,1,unimol,0.60784008,0.67073933,11.649837,0,0.90303237,20.35
9851,218,1612,230,1kya_XYD_B_612,2,diffdock,0.25408821,0.66873668,10.204637,0,0,21.423118
9852,218,6308,901,3ro7_TDR_A_300,1,unimol,0.6085531,0.66285549,12.016846,0,0,15.77
9853,218,14736,2105,6a3j_SOE_C_402,1,unimol,1.0337912,0.66200138,15.590306,0,0,22.23
9854,218,5881,840,2yjd_YJD_A_1498,1,unimol,0.78578809,0.66094253,14.384292,0,0.99626683,23.1
9855,218,10425,1489,4xf0_CYS_A_502,2,diffdock,0.52628179,0.65964423,11.968639,0,0,13.378705
9856,218,11936,1705,5fuv_THM_A_1388,1,unimol,0.69491226,0.65823071,13.840738,0,0,19.02
9857,218,625,89,1g6t_S3P_A_601,2,diffdock,0.24642373,0.65634621,8.9783564,0,0,26.246415
9858,218,10767,1538,4zqp_IMP_A_601,1,unimol,0.91459729,0.65570256,15.452869,0,0,17.16
9859,218,3859,551,2bx7_34D_B_1313,2,diffdock,0.25420964,0.65505597,10.798915,0,1.8619437e-08,24.813793
9860,218,1688,241,1lqp_FCN_B_4003,1,unimol,0.61626038,0.65293763,12.624636,0,0,22.04
9861,218,17216,2459,6t5p_VD8_D_302,3,diffdock_l,0.26960492,0.65095314,11.987393,0,3.3737383e-68,33.764802
9862,218,5685,812,2xh0_PEP_A_1440,1,unimol,0.90124318,0.6502541,15.652706,0,0.92730214,18.99
9863,218,869,124,1h48_C5P_B_901,1,unimol,0.69352121,0.65023417,14.199013,0,0.95327625,19.31
9864,218,14743,2106,6a3j_SOE_D_401,1,unimol,0.90017432,0.64937212,15.645652,0,0,24.99
9865,218,12686,1812,5jdv_EVF_B_302,2,diffdock,0.25471001,0.64892425,11.203457,0,0.99801432,16.608302
9866,218,14722,2103,6a3j_SOE_A_402,1,unimol,0.90056195,0.64837808,15.742956,0,0,19.57
9867,218,17202,2457,6t5p_VD8_A_302,3,diffdock_l,0.2684223,0.64836998,12.018456,0,1.7087991e-68,33.386645
9868,218,10249,1464,4v2z_Y70_B_151,1,unimol,0.93234121,0.64833661,16.20174,0,0.99131937,22.96
9869,218,9178,1311,4lek_1DN_X_202,1,unimol,0.6868564,0.64803452,14.167538,0,0.99418086,17.26
9870,218,14729,2104,6a3j_SOE_B_401,1,unimol,0.90005003,0.64754948,15.742956,0,0,25.16
9871,218,15556,2222,6hqr_3DM_A_502,2,diffdock,0.25294964,0.64724139,10.767436,0,0,22.502258
9872,218,10648,1521,4zb2_FRU_A_404,1,unimol,0.61655448,0.64565128,13.124877,0,0.92363692,24.05
9873,218,10683,1526,4zbc_FRU_B_409,1,unimol,0.61656404,0.64549063,13.376539,0,0.87942438,26.11
9874,218,7989,1141,4d2c_ALA_A_508,2,diffdock,0.26173626,0.64392849,11.807055,0,0,28.620565
9875,218,3018,431,1vzd_UFP_A_317,1,unimol,0.78349224,0.6437715,15.304551,0,0,16.65
9876,218,3116,445,1wmz_NGA_D_504,1,unimol,0.89926845,0.64119109,16.113129,0,0.96748503,23.2
9877,218,9640,1377,4oxy_1TN_B_302,1,unimol,0.9305623,0.64096181,16.649725,0,0.98767604,21.32
9878,218,11138,1591,5b4u_MLA_A_302,1,unimol,0.61694793,0.63966578,14.147553,0,0.93913408,20.41
9879,218,5888,841,2yjd_YJD_B_1498,1,unimol,0.63428124,0.63819581,14.384292,0,0.99442516,17.67
9880,218,9633,1376,4oxy_1TN_A_302,1,unimol,0.78218219,0.63721233,15.652925,0,0.97494096,18.3
9881,218,1751,250,1m3u_KPL_E_265,1,unimol,1.0337128,0.63610484,17.257254,0,0.96072578,26.19
9882,218,960,137,1h5r_G1P_D_1294,1,unimol,0.61656404,0.63548595,14.055963,0,0,25.32
9883,218,11712,1673,5eo8_TFU_A_405,1,unimol,0.9003338,0.63477634,16.613403,0,0.84348533,16.48
9884,218,953,136,1h5r_G1P_C_1294,1,unimol,0.61656175,0.63405847,13.798848,0,0.97273598,18.5
9885,218,1730,247,1m3u_KPL_B_265,1,unimol,0.94249545,0.63394665,17.257254,0,0.89648717,24.95
9886,218,1711,244,1lti_GAL_D_104,3,diffdock_l,0.30648316,0.63382015,13.229341,0,4.8448273e-59,30.535994
9887,218,12860,1837,5kf2_COA_A_401,1,unimol,0.86983076,0.6334881,16.423258,0,0.93869756,24
9888,218,8107,1158,4do1_ANN_C_502,1,unimol,0.78744966,0.63272028,16.140724,0,0.97909159,19.87
9889,218,8093,1156,4do1_ANN_A_502,1,unimol,0.7867223,0.63263822,16.140724,0,0.98213036,19.35
9890,218,2733,390,1tl2_NDG_A_237,3,diffdock_l,0.26776817,0.63230566,12.743328,0,2.6029751e-48,11.457484
9891,218,11684,1669,5eo8_TFU_A_401,1,unimol,0.89489173,0.63211512,16.661364,0,0,22.58
9892,219,9269,1324,4m54_AE5_A_403,1,unimol,0.61935216,0.76168963,9.0523434,0,0,19.5
9893,219,10935,1562,5a7p_6Z1_B_1361,1,unimol,0.80029092,0.74223741,10.763604,0,0,19.68
9894,219,7393,1056,4ajj_MLI_D_1333,1,unimol,0.89639884,0.73374988,11.430493,0,0.88498949,24.52
9895,219,1613,230,1kya_XYD_B_612,3,diffdock_l,0.28445042,0.72001237,9.4457455,0,1.4158252e-11,22.891815
9896,219,12953,1850,5la1_XYP_A_601,3,diffdock_l,0.27389266,0.71646718,9.416811,0,1.7823043e-75,15.825741
9897,219,13840,1977,5v31_ARG_A_401,1,unimol,0.61914969,0.7108185,10.7825,0,0,17.13
9898,219,16943,2420,6rum_TOP_A_301,3,diffdock_l,0.28399187,0.71001286,9.7890139,0,1.7309033e-07,21.495443
9899,219,11343,1620,5cpp_ADO_A_422,3,diffdock_l,0.72445238,0.70618453,11.725801,0,2.4647134e-25,16.128247
9900,219,17419,2488,6urx_JMG_A_316,3,diffdock_l,0.2447619,0.70354437,7.2952938,0,8.3807723e-27,16.482887
9901,219,3634,519,2a9z_26A_A_1002,1,unimol,0.92368337,0.70240344,13.114633,0,0.98943181,15.42
9902,219,16010,2287,6mae_JBA_A_301,1,unimol,0.92112736,0.69491885,13.436687,0,0,20.91
9903,219,2486,355,1s2c_FLF_A_2001,1,unimol,0.61914589,0.68585145,11.483379,0,0.97556009,21.32
9904,219,15366,2195,6g5q_EMZ_A_401,1,unimol,0.79517907,0.68108246,13.301564,0,0.96878941,22.03
9905,219,219,31,1cdk_MYR_A_403,2,diffdock,0.28378363,0.67966637,10.965461,0,1.0480906e-45,19.58156
9906,219,6603,943,3uud_EST_B_600,2,diffdock,0.25935456,0.67621008,10.320068,0,0.99301758,28.12456
9907,219,17418,2488,6urx_JMG_A_316,2,diffdock,0.24140121,0.67454931,7.6260285,0,2.9237044e-25,16.236191
9908,219,6596,942,3uud_EST_A_600,2,diffdock,0.25818253,0.67227977,10.320068,0,0,28.372356
9909,219,10557,1508,4yu7_DHC_A_203,1,unimol,0.66605576,0.66768526,13.112203,0,0.12943757,19.83
9910,219,10697,1528,4zbc_GLC_B_406,1,unimol,0.61908062,0.65770746,12.581989,0,0,18.17
9911,219,2794,399,1tsd_UMP_B_265,1,unimol,0.92757446,0.65427959,15.786196,0,0,22.98
9912,219,1548,221,1km6_OMP_A_2001,1,unimol,0.95279843,0.65401072,15.983374,0,0,15.8
9913,219,7240,1034,3zzv_FUC_B_401,2,diffdock,0.7329895,0.6538688,14.321595,0,4.2725195e-43,12.269949
9914,219,10571,1510,4yu7_DHC_B_203,1,unimol,0.619146,0.65286811,13.095313,0,0.83104606,24.28
9915,219,2787,398,1tsd_UMP_A_267,1,unimol,0.920065,0.65220046,15.785915,0,0,19.24
9916,219,15450,2207,6hl9_SIN_A_402,1,unimol,0.61490981,0.65067585,12.811264,0,0.88736706,25.05
9917,219,17775,2539,7jo3_VGS_A_302,2,diffdock,0.73858217,0.6479434,14.679172,0,0,19.414733
9918,219,7317,1045,4a9j_TYL_B_1187,2,diffdock,0.25835605,0.64746862,11.413493,0,3.3486866e-59,15.412873
9919,219,9738,1391,4ptx_BGC_B_501,1,unimol,0.91473556,0.64618776,16.090046,0,0.97701658,18.32
9920,219,6462,923,3t3q_9PL_C_501,1,unimol,0.79872805,0.64572166,15.350883,0,0,27.32
9921,219,14577,2082,5z9p_AX7_B_301,3,diffdock_l,0.27307106,0.64297207,12.439106,0,0.99592156,14.575149
9922,219,5637,805,2wzh_NGO_A_1589,2,diffdock,0.27529623,0.64290977,12.598132,0,0,25.877764
9923,219,7967,1138,4d06_X8W_B_301,1,unimol,0.80111992,0.64254666,15.633739,0,0.98425318,26.94
9924,219,1151,164,1ia1_TQ3_B_196,3,diffdock_l,0.26919079,0.64185962,12.412401,0,0.97086449,19.119974
9925,219,8646,1235,4i02_CMP_A_302,1,unimol,0.74425634,0.64107603,15.110291,0,0.9840467,21.78
9926,219,11558,1651,5e4o_L57_A_201,1,unimol,0.65979136,0.64102932,14.512033,0,0.96973711,18.67
9927,219,8660,1237,4i02_CMP_B_302,1,unimol,0.72281566,0.64052556,15.06682,0,0.99049252,23.6
9928,219,9808,1401,4qbz_D80_A_917,1,unimol,0.63005328,0.63983407,14.416566,0,0.89518882,22.22
9929,219,12839,1834,5kcp_PFB_A_379,1,unimol,0.79581288,0.63956717,15.631712,0,0.044106051,21.61
9930,219,71,10,1aiq_UMP_B_266,1,unimol,0.90649285,0.63947122,16.465776,0,0,24.56
9931,219,17782,2540,7joc_ARZ_A_302,2,diffdock,0.25812935,0.63787678,11.828743,0,0.98067467,24.078627
9932,219,11103,1586,5awd_IDQ_A_901,1,unimol,0.61913687,0.63772164,13.713992,0,4.1607498e-09,29.7
9933,219,12664,1809,5j61_A3G_D_501,1,unimol,1.0112317,0.6371874,17.155205,0,0.95496649,24.43
9934,219,10489,1498,4xv4_25T_A_303,3,diffdock_l,0.67271362,0.63569853,14.922503,0,0.18117498,11.089751
9935,219,4628,661,2ixi_TYD_B_1182,1,unimol,0.79293436,0.63481636,15.852558,0,0,17.27
9936,219,8667,1238,4i02_CMP_C_301,1,unimol,0.68427631,0.63460907,15.246261,0,0.99143817,19.27
9937,219,6448,921,3t3q_9PL_A_501,1,unimol,0.7216725,0.63454432,15.416852,0,0,26.8
9938,219,9255,1322,4m2c_DAR_C_402,1,unimol,0.89320752,0.63176878,16.761738,0,0,26.08
9939,219,192,27,1bqp_MAN_C_402,3,diffdock_l,0.69946799,0.63098139,15.576777,0,0.99808667,13.524777
9940,219,4609,658,2ipf_FFA_B_4,3,diffdock_l,0.24644424,0.63004541,10.327833,0,1.5913245e-06,25.486066
9941,219,3613,516,2a5t_GLU_B_2002,1,unimol,0.61914609,0.62974327,14.690637,0,4.3225342e-05,21.07
9942,220,15557,2222,6hqr_3DM_A_502,3,diffdock_l,0.28601576,0.80649535,6.9933805,0,0.080098317,19.539824
9943,220,15472,2210,6hmw_FUL_B_204,2,diffdock,0.3111629,0.80388886,7.2172375,0,2.0630728e-82,18.332647
9944,220,15500,2214,6hmw_FUL_G_202,2,diffdock,0.30887013,0.80275949,7.2172375,0,2.1129261e-62,20.646335
9945,220,7638,1091,4c2z_646_A_1498,1,unimol,0.75503788,0.78038081,9.1872377,0,0.96358836,25.63
9946,220,7464,1066,4b1f_DGL_B_1256,2,diffdock,0.24508727,0.74078915,6.4693947,0,0,24.162663
9947,220,7457,1065,4b1f_DGL_A_1257,2,diffdock,0.24448914,0.73527401,6.4693947,0,0,24.767149
9948,220,6497,928,3tky_N7I_B_369,1,unimol,0.62565081,0.72796259,10.42373,0,0.97805599,23.12
9949,220,15788,2255,6k92_GT0_A_802,3,diffdock_l,0.266218,0.72627216,8.960988,0,1.0266049e-35,25.533641
9950,220,15514,2216,6hmw_FUL_I_201,2,diffdock,0.24563781,0.71527043,7.2547503,0,4.2642376e-88,21.966008
9951,220,12295,1756,5hxi_5HN_A_403,3,diffdock_l,0.2424687,0.71186181,6.8525887,0,0.00069439088,17.839916
9952,220,15408,2201,6gl4_GLU_B_301,1,unimol,0.61830541,0.70580225,11.13561,0,0,18.05
9953,220,2886,412,1uay_ADN_A_1001,2,diffdock,0.72133471,0.70063014,12.080252,0,0,22.316074
9954,220,5181,740,2qse_1HP_A_1,1,unimol,0.93078261,0.69994046,13.392946,0,0.97611122,21.04
9955,220,12069,1724,5gnx_BGC_B_503,1,unimol,0.61838498,0.69468033,11.647151,0,0,23.87
9956,220,3768,538,2bdg_PBZ_B_302,2,diffdock,0.25919261,0.69383074,9.8547087,0,3.0386345e-64,17.788013
9957,220,11446,1635,5die_5CJ_B_601,1,unimol,0.63044497,0.69249198,11.905384,0,0.98932259,16.93
9958,220,3761,537,2bdg_PBZ_A_301,2,diffdock,0.25902004,0.69242031,9.8547087,0,0,16.063504
9959,220,13343,1906,5oew_GLU_C_302,1,unimol,0.61832665,0.6900589,11.838213,0,0,19.17
9960,220,13336,1905,5oew_GLU_B_902,1,unimol,0.61831423,0.68977709,11.838213,0,0,25
9961,220,13329,1904,5oew_GLU_A_301,1,unimol,0.61831228,0.68968315,11.838213,0,0,18.75
9962,220,15787,2255,6k92_GT0_A_802,2,diffdock,0.27324793,0.68942319,10.544776,0,0.94883093,26.664893
9963,220,12294,1756,5hxi_5HN_A_403,2,diffdock,0.24592354,0.68570112,8.203021,0,0.0026249583,17.191456
9964,220,5139,734,2qgw_EES_B_1,1,unimol,0.61829595,0.68291852,11.774981,0,0.98903237,19.58
9965,220,16017,2288,6md2_GW9_A_501,1,unimol,0.78067831,0.67869002,13.567537,0,0.97140064,24.82
9966,220,12062,1723,5gnx_BGC_A_502,1,unimol,0.60325633,0.67579017,11.714302,0,0.012735073,20.85
9967,220,16668,2381,6qdb_HWQ_A_1003,1,unimol,0.78149277,0.6744803,13.799963,0,0,18.95
9968,220,11033,1576,5ag5_DLR_A_1422,1,unimol,0.61829542,0.67298271,12.178501,0,0,23.49
9969,220,2395,342,1r4f_AD3_B_330,1,unimol,0.61813718,0.67205078,12.048275,0,0.28485877,21.58
9970,221,4637,662,2iyq_SKM_A_201,3,diffdock_l,0.28138499,0.7918224,7.7861409,0,0.96645821,11.488626
9971,221,3319,474,1yw9_A84_A_482,1,unimol,0.66843895,0.73555194,10.692166,0,0.96938546,24.85
9972,221,13393,1913,5r9o_54F_A_401,2,diffdock,0.24655047,0.7252341,8.0969687,0,0,18.867589
9973,221,13560,1937,5tlg_7EG_B_601,1,unimol,0.93884591,0.72249888,12.678228,0,0.9944011,18.98
9974,221,13553,1936,5tlg_7EG_A_601,1,unimol,0.93479534,0.71912777,12.752739,0,0.98939023,21.5
9975,221,3179,454,1x7j_GEN_B_202,1,unimol,0.58700202,0.71012631,10.593103,0,0.99376865,20.14
9976,221,7183,1026,3zr0_8OG_B_1157,1,unimol,0.90433993,0.70788799,13.01236,0,0,21.51
9977,221,4154,593,2f3s_7GP_A_998,3,diffdock_l,0.71976116,0.69704404,12.536552,0,0.99527021,19.689678
9978,221,13561,1937,5tlg_7EG_B_601,2,diffdock,0.24940661,0.68843057,9.7848263,0,0,34.75637
9979,221,13554,1936,5tlg_7EG_A_601,2,diffdock,0.24885174,0.6841628,9.8499947,0,0,33.510815
9980,221,4852,693,2o1o_RIS_A_400,1,unimol,0.58980296,0.67734838,11.933942,0,0.96428227,24.7
9981,221,4964,709,2pin_LEG_B_502,1,unimol,0.61632334,0.67247959,12.575644,0,0.77751899,25.51
9982,221,13147,1878,5n63_8OW_A_401,1,unimol,0.93373608,0.67225848,15.048539,0,0.90858496,25.02
9983,221,3368,481,1z6k_OAA_A_274,1,unimol,0.61637777,0.66997044,13.082175,0,0.95013558,27.5
9984,221,1037,148,1h7q_TYD_A_1258,1,unimol,0.67681299,0.66905939,13.70472,0,0,19.81
9985,221,10158,1451,4ugg_S5D_A_904,1,unimol,0.62584972,0.66557517,13.458821,0,0.97986887,22.03
9986,221,4936,705,2oxp_THP_A_300,1,unimol,0.7710516,0.66477576,14.370598,0,0,20.12
9987,221,8891,1270,4itu_1HS_D_302,1,unimol,0.66445052,0.66468537,13.712719,0,0.96064718,23.02
9988,221,17221,2460,6t9c_MX8_A_501,1,unimol,0.61632348,0.663255,13.207161,0,0.9766465,27.22
9989,221,15415,2202,6gqk_F88_B_1001,1,unimol,0.92093893,0.66004518,15.585952,0,0.99162408,23.43
9990,221,17018,2431,6s9g_L1Q_A_306,1,unimol,0.76759844,0.65496472,14.854263,0,0.86333119,18.1
9991,221,15927,2275,6lit_2OH_A_501,2,diffdock,0.28795618,0.65058437,12.892201,0,1.1470725e-42,23.409244
9992,221,17382,2483,6uo7_QCP_A_504,1,unimol,0.90730608,0.64916873,16.135527,0,0.95007497,19.34
9993,221,16507,2358,6pk1_3PY_A_502,1,unimol,0.77259464,0.6481231,15.324265,0,0.92494601,21.9
9994,221,1226,175,1iwe_IMP_B_1443,1,unimol,0.77516226,0.64705721,15.426895,0,0,23.26
9995,221,16760,2394,6qot_6SD_A_301,2,diffdock,0.25370664,0.64464301,12.18701,0,0,23.958286
9996,221,8870,1267,4itu_1HS_A_302,1,unimol,0.61530493,0.64432321,13.712719,0,0,22.34
9997,221,10144,1449,4ug6_XFJ_A_904,1,unimol,0.61972442,0.64423809,14.518095,0,0.97219741,23.27
9998,221,8326,1189,4evi_C9M_A_402,3,diffdock_l,0.23845661,0.64174038,9.5199394,0,0,30.041633
9999,221,11432,1633,5did_5CK_B_601,1,unimol,0.58494576,0.64154401,13.618108,0,0.99679055,23.31
10000,221,8877,1268,4itu_1HS_B_302,1,unimol,0.58746552,0.64010726,13.712719,0,0.95851648,22.18
10001,221,13148,1878,5n63_8OW_A_401,2,diffdock,0.24871504,0.63980842,11.627036,0,0.99675752,24.55912
10002,221,4754,679,2npq_BOG_A_1000,1,unimol,0.88151529,0.63969886,16.487234,0,0.96942837,22.97
10003,221,12188,1741,5ha7_WY1_A_402,1,unimol,0.68183757,0.63965295,15.394213,0,0.97798684,18.63
10004,221,13273,1896,5o4k_9KE_A_405,1,unimol,0.76746556,0.63913671,15.768632,0,0.92683115,17.72
10005,221,8884,1269,4itu_1HS_C_302,1,unimol,0.58055906,0.63876174,13.712719,0,0,20.14
10006,221,12041,1720,5g4r_LF1_D_1739,1,unimol,0.76032417,0.63556172,15.915371,0,0.9944272,23.76
10007,221,17235,2462,6tbx_N0Z_C_303,1,unimol,0.76558603,0.63504122,15.994756,0,0,21.68
10008,221,3263,466,1xuf_BAZ_A_246,1,unimol,0.61632348,0.63458901,14.729786,0,0.64714897,17.98
10009,221,15548,2221,6hpx_GKQ_A_205,1,unimol,0.76968594,0.63395291,16.147055,0,0.98627814,18.72
10010,221,9129,1304,4l80_OXL_A_402,1,unimol,0.92586729,0.63299343,17.350677,0,0.92323582,20.01
10011,221,9150,1307,4l80_OXL_D_402,1,unimol,0.91907932,0.63177018,17.350677,0,0.80685954,25.68
10012,221,17656,2522,6ypv_AKG_A_302,2,diffdock,0.28545715,0.63170925,13.841104,0,0,14.278523
10013,221,9157,1308,4l80_OXL_E_402,1,unimol,0.91846533,0.63160708,17.350677,0,0.96785202,32.99
10014,221,15954,2279,6lx5_C5F_A_502,1,unimol,0.61632348,0.63058179,14.961903,0,0,19.6
10015,221,3215,459,1xid_ASC_A_389,2,diffdock,0.25217544,0.62979375,12.610113,0,0,19.190923
10016,221,11600,1657,5edh_5MF_C_803,1,unimol,0.9388443,0.62934152,17.826628,0,0,24.62
10017,221,2760,394,1toq_AMG_A_501,2,diffdock,0.26660041,0.62852,13.786194,0,0,16.322114
10018,221,9164,1309,4l80_OXL_F_402,1,unimol,0.88475194,0.62704026,17.350677,0,0.93433118,53
10019,221,5056,722,2qab_EI1_A_1,2,diffdock,0.25301526,0.62700783,12.912586,0,0.99102292,27.346477
10020,222,13366,1909,5ooa_URI_A_201,3,diffdock_l,0.27835913,0.79140778,8.1766167,0,0.978031,10.474267
10021,222,3032,433,1vzu_UDP_B_2371,1,unimol,0.9065506,0.73421974,12.209266,0,0.95794339,19.33
10022,222,3025,432,1vzu_UDP_A_1371,1,unimol,0.63274459,0.70119784,12.208356,0,0.94178014,21.04
10023,222,10039,1434,4tyv_BGC_B_701,1,unimol,0.62111325,0.69497606,12.366142,0,0.94268702,22.34
10024,222,589,84,1fuy_FIP_A_269,1,unimol,0.641696,0.69063054,12.713854,0,0.97591356,24.79
10025,222,14815,2116,6ayv_F6P_B_401,3,diffdock_l,0.26353281,0.68975073,10.985101,0,2.0324834e-40,27.754381
10026,222,17734,2533,7bqu_EF2_A_501,3,diffdock_l,0.24972631,0.68300868,9.702529,0,0.98886263,11.708791
10027,222,3867,552,2bxh_IOS_A_1001,3,diffdock_l,0.25416281,0.6828061,10.688626,0,0,23.684368
10028,222,14247,2035,5xoi_SIN_A_401,2,diffdock,0.24889709,0.6804383,9.6462269,0,0.99312023,13.678051
10029,222,6050,864,2zka_AZA_A_302,2,diffdock,0.27678028,0.67977052,11.807088,0,0.13821562,11.271292
10030,222,13826,1975,5uo5_M4R_B_803,1,unimol,1.0286929,0.6763944,15.24929,0,0.97997094,26.56
10031,222,10956,1565,5a8k_COM_D_555,1,unimol,0.62062197,0.67492671,13.159376,0,0,27.31
10032,222,10949,1564,5a8k_COM_A_556,1,unimol,0.62062092,0.67427881,13.159376,0,0,25.36
10033,222,13819,1974,5uo5_M4R_A_803,1,unimol,0.92893297,0.6708015,15.331318,0,0.98605174,26.67
10034,222,185,26,1bqp_MAN_B_401,3,diffdock_l,0.30922357,0.67048821,12.499817,0,0.99694475,53.56124
10035,222,577,82,1fsa_F6P_B_338,3,diffdock_l,0.25347518,0.67012692,10.963974,0,0.95619859,26.642463
10036,222,11833,1690,5fc5_PC_A_516,3,diffdock_l,0.25071387,0.66956126,10.343484,0,0.0080705458,28.457135
10037,222,16290,2327,6nnn_G1P_A_503,1,unimol,0.62098563,0.66619326,13.678442,0,0.8018727,22.92
10038,222,13359,1908,5oo4_URI_A_201,3,diffdock_l,0.24178089,0.66163029,8.8219204,0,0,15.787924
10039,222,13120,1874,5mot_HBD_A_402,2,diffdock,0.25048783,0.66153116,10.605426,0,6.7310135e-13,14.238871
10040,222,393,56,1e26_GPB_A_208,1,unimol,0.80511351,0.66062316,15.264791,0,0.98369541,28.71
10041,222,17522,2503,6vv1_RMJ_A_501,1,unimol,0.62061549,0.65822907,13.531541,0,0.97525195,21.15
10042,222,13869,1981,5vjg_0BP_A_403,2,diffdock,0.24933014,0.65788642,10.550445,0,0.00074193364,21.569972
10043,222,6519,931,3tye_XHP_B_901,2,diffdock,0.25370333,0.65668414,11.621751,0,0,23.655537
10044,222,13982,1997,5vys_1YJ_A_301,3,diffdock_l,0.27220652,0.65637288,12.782856,0,3.7079378e-54,52.799969
10045,222,13989,1998,5vys_1YJ_B_301,3,diffdock_l,0.27074325,0.65351823,12.802462,0,0.99135422,14.808271
10046,222,8592,1227,4hoz_GLC_A_703,3,diffdock_l,0.28144146,0.65230906,13.058505,0,0,24.480937
10047,222,3769,538,2bdg_PBZ_B_302,3,diffdock_l,0.29022334,0.64704716,13.473166,0,4.0160594e-64,15.610188
10048,222,3762,537,2bdg_PBZ_A_301,3,diffdock_l,0.29015045,0.64695551,13.473166,0,0.99474304,15.597056
10049,222,7904,1129,4crg_J4X_A_1493,1,unimol,0.63337886,0.64552945,14.885506,0,0.98255946,21.43
10050,222,631,90,1g72_PQQ_A_701,1,unimol,0.8994312,0.64493258,16.552902,0,0,25.13
10051,222,4250,607,2fkm_G16_X_464,1,unimol,0.62062368,0.64466035,14.70085,0,0.32133086,22.14
10052,222,9668,1381,4p8c_Y22_A_502,1,unimol,0.77516845,0.64463173,16.056688,0,0.97189381,25.16
10053,222,16682,2383,6qdc_HXE_A_1004,1,unimol,0.61753427,0.64370044,14.075205,0,0.94070004,21.56
10054,222,1942,277,1nmm_NAG_B_403,3,diffdock_l,0.3095101,0.64342181,13.808663,0,2.8209283e-55,56.001679
10055,222,16843,2406,6r73_LMP_B_301,1,unimol,0.65326455,0.64303498,15.13235,0,0,19.12
10056,222,724,103,1gkc_NFH_A_1448,3,diffdock_l,0.28965693,0.64166391,13.707904,0,0.96165306,18.793632
10057,222,4621,660,2ixi_TYD_A_1182,1,unimol,0.61946182,0.64072158,14.27999,0,0,18.55
10058,222,2012,287,1nux_F6P_A_2339,3,diffdock_l,0.24830274,0.63817611,11.124891,0,0.99461898,31.975953
10059,222,15681,2240,6jmd_BVO_A_408,1,unimol,0.94025311,0.63760873,17.489014,0,0.99350664,17.12
10060,222,11355,1622,5d41_57N_A_1103,1,unimol,0.62062091,0.63760023,14.920916,0,0.98561914,22.57
10061,222,16689,2384,6qde_HWW_A_502,1,unimol,0.62062091,0.63685774,14.962629,0,0.92510741,19.94
10062,222,16789,2398,6qrn_RIP_A_500,3,diffdock_l,0.23314483,0.63527626,7.8481059,0,0.021190856,8.0869434
10063,222,15891,2270,6l86_LMR_B_303,1,unimol,0.62208799,0.63374812,15.440918,0,0.0072965683,29.21
10064,222,12722,1817,5jep_EVF_B_302,3,diffdock_l,0.73294963,0.63355855,16.238842,0,0.99681406,15.750786
10065,222,1949,278,1nmm_NAG_D_527,3,diffdock_l,0.27088308,0.63335275,13.808663,0,2.517691e-55,27.129891
10066,222,12687,1812,5jdv_EVF_B_302,3,diffdock_l,0.75141801,0.63233096,16.409372,0,0.99703637,31.155041
10067,222,4126,589,2eup_LG4_A_400,3,diffdock_l,0.28943664,0.63197567,14.206451,0,2.0428414e-32,18.735107
10068,222,12351,1764,5i5t_67X_A_402,3,diffdock_l,0.25026958,0.63182983,11.789811,0,3.7401857e-39,30.593837
10069,222,14764,2109,6abm_9VR_A_505,1,unimol,0.58667543,0.63083212,14.585125,0,0.93913438,24.39
10070,223,6434,919,3sp6_IL2_A_901,1,unimol,0.89853436,0.85967086,8.1231766,0,0,22.32
10071,223,15961,2280,6lx5_C5F_A_503,1,unimol,0.59689402,0.77960125,8.6539869,0,0.77909612,23.26
10072,223,7066,1009,3wur_O4B_A_202,3,diffdock_l,0.26130826,0.73931175,7.3603168,0,3.6237837e-27,36.08602
10073,223,5524,789,2w0b_CMW_A_1450,1,unimol,0.62280285,0.7369375,10.55037,0,0.86660758,22.89
10074,223,15835,2262,6kxh_DY9_A_401,1,unimol,0.67506909,0.73097262,11.291565,0,0.99549778,20.41
10075,223,15842,2263,6kxh_DY9_C_402,1,unimol,0.62476839,0.72032949,11.27876,0,0,21.83
10076,223,7080,1011,3wur_O4B_B_202,3,diffdock_l,0.25803484,0.72026599,7.3530741,0,2.3489227e-37,44.621505
10077,223,16353,2336,6o2z_LJV_B_500,1,unimol,0.90258151,0.72022903,12.675097,0,0,19.29
10078,223,3076,439,1w55_C_A_1373,3,diffdock_l,0.27641592,0.71942642,9.539938,0,0.95097706,21.140707
10079,223,6436,919,3sp6_IL2_A_901,3,diffdock_l,0.26243852,0.71251142,8.3682623,0,0.94939768,23.511696
10080,223,7073,1010,3wur_O4B_B_201,3,diffdock_l,0.2556061,0.70979332,7.3893447,0,4.2204472e-30,16.115985
10081,223,7087,1012,3wur_O4B_B_204,3,diffdock_l,0.25419801,0.70208301,7.3538928,0,0,19.676609
10082,223,11390,1627,5ddu_PMP_C_601,1,unimol,0.93076018,0.69941658,13.806336,0,0.98647136,24.92
10083,223,11397,1628,5ddu_PMP_D_601,1,unimol,0.93673111,0.69894129,13.886914,0,0.99089148,23.3
10084,223,7701,1100,4cju_JNS_A_1217,1,unimol,0.67464727,0.6958433,12.728008,0,0.92148333,20.66
10085,223,11383,1626,5ddu_PMP_B_601,1,unimol,0.87122168,0.69412038,13.700447,0,0.98889566,19.51
10086,223,14358,2051,5yaq_ISE_D_402,1,unimol,0.66174582,0.69319391,12.62254,0,0,26.32
10087,223,11376,1625,5ddu_PMP_A_601,1,unimol,0.78264478,0.68854548,13.700447,0,0.98548249,25.02
10088,223,11362,1623,5d8u_0N8_A_203,1,unimol,0.76742667,0.68417203,13.636999,0,0.98452081,22.28
10089,223,4489,641,2hi4_BHF_A_800,2,diffdock,0.25587156,0.68279894,8.2178259,0,0,26.111653
10090,223,7995,1142,4d3s_BOG_F_1000,1,unimol,0.91303462,0.6726722,15.041925,0,0.98758705,28.4
10091,223,14248,2035,5xoi_SIN_A_401,3,diffdock_l,0.76980432,0.66918465,14.426924,0,0.9608248,20.390146
10092,223,14078,2011,5wgv_PM7_A_713,1,unimol,0.62279688,0.66508696,13.169086,0,0,27.84
10093,223,14064,2009,5wgr_PM7_A_712,1,unimol,0.62279795,0.66476543,13.189257,0,0.98458436,24.32
10094,223,17788,2541,8cpp_TCM_A_422,1,unimol,0.62080469,0.66435925,13.046581,0,0.99610981,14.8
10095,223,4992,713,2prg_BRL_A_1,1,unimol,0.75633551,0.65834824,14.859239,0,0.88845374,22.89
10096,223,7274,1039,4a7x_UDP_B_1241,1,unimol,0.92717313,0.65690646,16.066439,0,0.94395304,27.57
10097,223,11901,1700,5fli_QUE_G_301,1,unimol,0.871795,0.65678701,15.700665,0,0,23.13
10098,223,11915,1702,5fli_QUE_K_301,1,unimol,0.92810393,0.65577226,16.145088,0,0,23.81
10099,223,8002,1143,4d3s_BOG_H_1000,1,unimol,0.76278508,0.6554304,15.091405,0,0,27.81
10100,223,13610,1944,5u5g_7VD_B_302,2,diffdock,0.28743151,0.65378367,12.726303,0,0,24.123523
10101,223,10979,1568,5abz_Z47_A_201,3,diffdock_l,0.25949648,0.65056248,9.9175291,0,5.1456571e-61,15.048311
10102,223,3405,486,1zdq_MSM_C_1509,3,diffdock_l,0.27814995,0.64888864,12.662707,0,5.6955536e-29,19.242899
10103,223,2732,390,1tl2_NDG_A_237,2,diffdock,0.30477263,0.64874495,13.345498,0,0,12.960331
10104,223,13149,1878,5n63_8OW_A_401,3,diffdock_l,0.77031677,0.64867689,15.592063,0,0.99613699,23.997547
10105,223,14057,2008,5wgr_PM7_A_711,1,unimol,0.6228024,0.64804498,14.34512,0,0.97770217,24.55
10106,223,7764,1109,4cld_JUO_C_1270,1,unimol,0.62293234,0.64787512,14.569715,0,0,17.94
10107,223,7757,1108,4cld_JUO_B_1270,1,unimol,0.62289604,0.64760773,14.569715,0,0,17.4
10108,223,8942,1277,4jb0_ENO_A_402,3,diffdock_l,0.28106302,0.64611392,12.916076,0,0.94757422,20.556952
10109,223,2157,308,1p7l_MET_A_485,1,unimol,0.77307101,0.64607008,15.840067,0,0,23.56
10110,223,11308,1615,5ci9_549_A_402,3,diffdock_l,0.24875162,0.64562606,7.4837017,0,1.1546201e-51,11.894094
10111,223,14071,2010,5wgv_PM7_A_712,1,unimol,0.6228024,0.64494139,14.515036,0,0,19.08
10112,223,3594,513,2a15_NCA_A_1001,3,diffdock_l,0.27629549,0.64395627,12.531971,0,0,9.3830423
10113,223,3398,485,1zdq_MSM_B_1508,3,diffdock_l,0.27671936,0.64322643,12.662707,0,5.7756954e-29,20.136672
10114,223,16542,2363,6pn9_OU7_B_803,1,unimol,0.67401394,0.64259524,15.433284,0,0.95884371,25.36
10115,223,6128,875,2zvq_1NP_X_501,3,diffdock_l,0.25426605,0.64105596,9.2958002,0,0.16314405,15.613634
10116,223,5057,722,2qab_EI1_A_1,3,diffdock_l,0.77069827,0.64096478,16.082962,0,0,27.163249
10117,223,17447,2492,6v1e_5SW_A_301,3,diffdock_l,0.27641653,0.63931517,12.789209,0,0.77044262,39.095705
10118,223,3391,484,1zdq_MSM_A_1507,3,diffdock_l,0.27521619,0.63916852,12.662707,0,8.0999095e-39,18.53837
10119,223,14556,2079,5z9b_HX3_A_303,3,diffdock_l,0.24989514,0.63842663,8.1900978,0,9.9412871e-28,16.327142
10120,224,2192,313,1pke_2FD_A_446,1,unimol,0.86464201,0.71778075,12.326755,0,0,15.86
10121,224,2199,314,1pke_2FD_B_447,1,unimol,0.68037897,0.70065449,12.326755,0,0,17.96
10122,224,15123,2160,6f6a_CU5_B_301,3,diffdock_l,0.3047628,0.67830553,11.633818,0,3.4887426e-33,26.698199
10123,224,11250,1607,5cfw_53W_A_201,1,unimol,0.62031798,0.67511326,12.355754,0,0.97609097,24.4
10124,224,2164,309,1p7l_PPK_C_684,1,unimol,0.78234139,0.66995395,14.466786,0,0,23.33
10125,224,12076,1725,5goo_FRU_A_501,1,unimol,0.77450474,0.66638364,14.436611,0,0.97909459,24.71
10126,224,12055,1722,5g6k_M94_A_904,1,unimol,0.62258472,0.66566191,13.010817,0,0.98335847,20.88
10127,224,10515,1502,4y14_C0A_A_407,1,unimol,1.0367448,0.66056376,15.948983,0,0.98888046,26.78
10128,224,10195,1456,4uqs_INE_A_904,3,diffdock_l,0.25251516,0.65930486,7.8486695,0,0.04410567,19.215195
10129,224,10522,1503,4y14_C0A_B_404,1,unimol,1.0286747,0.6583094,16.07288,0,0.98843218,20.54
10130,224,14715,2102,6a2n_UMP_B_703,1,unimol,0.93412525,0.65662622,15.979726,0,0,21.29
10131,224,14708,2101,6a2n_UMP_A_703,1,unimol,0.93584447,0.65628423,16.017092,0,0,26.23
10132,224,11040,1577,5agl_CCW_A_800,1,unimol,0.80290824,0.65465545,15.426996,0,0.95427018,18.37
10133,224,14701,2100,6a2m_UMP_B_703,1,unimol,0.93483862,0.65408358,16.149769,0,0,23.2
10134,224,1144,163,1ia1_TQ3_A_194,3,diffdock_l,0.29270025,0.65263297,12.629857,0,2.1913477e-60,18.969398
10135,224,16971,2424,6s37_SAL_A_601,3,diffdock_l,0.25553854,0.65242626,8.4953327,0,0,14.835333
10136,224,9229,1318,4lxi_22J_A_301,3,diffdock_l,0.60467255,0.6519013,13.405718,0,0.99112002,47.247051
10137,224,9038,1291,4kcf_FMN_A_502,1,unimol,0.62258372,0.65037268,13.792748,0,0,24.36
10138,224,5001,714,2prl_ORO_A_399,3,diffdock_l,0.26613607,0.65032134,10.054175,0,7.2152868e-06,19.692143
10139,224,14694,2099,6a2m_UMP_A_703,1,unimol,0.9411456,0.65020293,16.485121,0,0,21.68
10140,224,14645,2092,5zpt_HY1_A_702,1,unimol,0.59324489,0.64961357,13.468597,0,0.98585529,22.24
10141,224,2171,310,1p7l_PPK_D_884,1,unimol,0.62736837,0.64921068,14.466786,0,0.8086712,20.71
10142,224,3109,444,1wmz_NGA_A_501,1,unimol,0.75523747,0.64887142,15.254358,0,0.97061428,20.01
10143,224,17118,2445,6szl_M3E_B_604,3,diffdock_l,0.26810687,0.6441368,10.89232,0,0.00032518111,14.857457
10144,224,11047,1578,5agl_CCW_B_800,1,unimol,0.71440414,0.64401774,15.426996,0,0.95835841,24.93
10145,224,241,34,1cib_HDA_A_437,3,diffdock_l,0.31388943,0.64323228,13.545041,0,0,16.647199
10146,224,603,86,1g4s_TPS_A_2001,1,unimol,0.94015726,0.64257951,16.961025,0,0.9833517,19.64
10147,224,16775,2396,6qqs_JCZ_A_301,3,diffdock_l,0.26041074,0.64251581,9.4109917,0,8.2649785e-25,24.238082
10148,225,2824,403,1u18_HSM_B_402,3,diffdock_l,0.26212044,1.0708783,1.8835136,0,1.8079474e-07,13.8051
10149,225,1871,267,1msv_PUT_B_355,2,diffdock,0.29638918,0.81013529,7.1802793,0,0,20.651788
10150,225,3075,439,1w55_C_A_1373,2,diffdock,0.63568508,0.75105092,10.030194,0,0,21.497604
10151,225,6604,943,3uud_EST_B_600,3,diffdock_l,0.7713455,0.74834712,10.707072,0,0,25.176358
10152,225,3404,486,1zdq_MSM_C_1509,2,diffdock,0.28795807,0.74038595,9.1036863,0,2.3049716e-28,19.509108
10153,225,3397,485,1zdq_MSM_B_1508,2,diffdock,0.28638543,0.73931355,9.1036863,0,1.5144952e-29,22.036766
10154,225,4068,581,2e56_MYR_A_701,1,unimol,0.77788022,0.73831324,11.163699,0,0.96573115,27.22
10155,225,3390,484,1zdq_MSM_A_1507,2,diffdock,0.28453835,0.73791943,9.1036863,0,6.4355435e-29,22.008809
10156,225,11832,1690,5fc5_PC_A_516,2,diffdock,0.28202916,0.72887839,9.3517923,0,0,20.355277
10157,225,4061,580,2e56_MYR_A_601,1,unimol,0.62300056,0.71600883,11.182386,0,0.89674376,25.62
10158,225,1388,198,1jl0_PUT_B_401,2,diffdock,0.26220114,0.70854553,8.1712074,0,2.692973e-26,16.319651
10159,225,6597,942,3uud_EST_A_600,3,diffdock_l,0.31622518,0.70768595,10.707072,0,0,26.081368
10160,225,17117,2445,6szl_M3E_B_604,2,diffdock,0.26488956,0.69983928,8.7832603,0,0.00020804062,15.806353
10161,225,7465,1066,4b1f_DGL_B_1256,3,diffdock_l,0.30939998,0.67066143,12.277419,0,1.7780619e-23,56.523494
10162,225,7458,1065,4b1f_DGL_A_1257,3,diffdock_l,0.30873588,0.67056569,12.277419,0,1.8609054e-13,24.949557
10163,225,5678,811,2x6o_2TC_A_1209,1,unimol,0.62300026,0.66457692,13.262694,0,0,24.5
10164,225,6779,968,3vqe_FMQ_A_1006,3,diffdock_l,0.27074839,0.65501531,11.216151,0,1.9738275e-13,18.079524
10165,225,10725,1532,4zhd_4OZ_C_202,1,unimol,0.62414381,0.65183912,14.368736,0,0.70443927,18.87
10166,225,17697,2528,6zug_QPW_H_1001,1,unimol,0.93914489,0.64846379,16.659346,0,0.98546177,20.1
10167,225,12022,1717,5g44_YTZ_A_1512,3,diffdock_l,0.25951434,0.64792788,9.7815104,0,1.3570434e-06,16.182561
10168,225,4054,579,2e40_LGC_B_2001,1,unimol,0.62690057,0.6456656,14.780944,0,0,22.06
10169,225,16073,2296,6mwl_K5G_A_301,1,unimol,0.58512239,0.64564604,13.788172,0,0.98274612,25.68
10170,225,2815,402,1tvw_UMP_A_317,1,unimol,0.77675862,0.64521874,15.782795,0,0,16.25
10171,225,10718,1531,4zhd_4OZ_A_202,1,unimol,0.62300015,0.64510878,14.295386,0,0.79465962,25.28
10172,225,7065,1009,3wur_O4B_A_202,2,diffdock,0.26925468,0.64274667,11.635143,0,1.1044085e-30,17.090341
10173,225,3361,480,1z4k_T3P_A_4341,1,unimol,0.78237559,0.64096042,16.201736,0,0,17
10174,225,10285,1469,4wbd_CIT_A_602,2,diffdock,0.28697054,0.63451114,13.628459,0,1.8833166e-07,26.456229
10175,225,626,89,1g6t_S3P_A_601,3,diffdock_l,0.32076026,0.62866437,14.614347,0,0.98003328,23.239415
10176,225,7086,1012,3wur_O4B_B_204,2,diffdock,0.25679447,0.62712208,10.185616,0,2.8077702e-26,16.803352
10177,225,13812,1973,5uo3_8EY_A_803,1,unimol,0.78295185,0.62707958,17.151529,0,0.9809537,25.13
10178,225,16227,2318,6nh0_KND_A_803,1,unimol,0.75215158,0.62630639,16.778858,0,0.98166553,24.56
10179,225,12111,1730,5gwt_SIN_D_301,1,unimol,0.7797463,0.6256425,17.157997,0,0.48420553,18.51
10180,225,10326,1475,4wqq_MAN_B_204,1,unimol,0.61849114,0.62357409,15.244793,0,0.95570808,17.64
10181,225,7925,1132,4cx6_Q16_B_800,1,unimol,0.62300035,0.62330897,15.948211,0,0.98227784,24.67
10182,225,7072,1010,3wur_O4B_B_201,2,diffdock,0.26373616,0.62329875,11.754132,0,0.71829145,18.434638
10183,225,6394,913,3se2_3AB_C_4,3,diffdock_l,0.28046653,0.62218715,13.936132,0,0,18.620014
10184,225,11427,1632,5di7_5CQ_B_601,3,diffdock_l,0.26358956,0.621772,11.776563,0,0,21.916287
10185,225,7918,1131,4cx6_Q16_A_800,1,unimol,0.62300031,0.62097447,15.817923,0,0.98599476,21.48
10186,225,5356,765,2uuj_896_B_1250,1,unimol,0.66345661,0.61961038,16.943493,0,0.98661085,22.2
10187,225,10851,1550,4zvv_GN0_B_404,1,unimol,0.88295283,0.6192196,18.227325,0,0,27.51
10188,225,16220,2317,6ngu_KMJ_B_803,1,unimol,0.70810901,0.61871414,17.17852,0,0.97601027,21.58
10189,225,4208,601,2f7x_4EA_E_351,1,unimol,0.87090734,0.6181277,18.22921,0,0.96053476,22.07
10190,225,17193,2456,6t10_M6Z_B_601,1,unimol,0.62300034,0.61804407,16.084795,0,0,24.16
10191,225,13604,1943,5u5g_7VD_A_302,3,diffdock_l,0.27674777,0.61776901,13.634141,0,0,17.068265
10192,225,2823,403,1u18_HSM_B_402,2,diffdock,0.2302779,0.6176214,3.5065496,0,6.6754921e-45,13.869487
10193,225,16213,2316,6ngu_KMJ_A_803,1,unimol,0.66942564,0.61703422,17.17852,0,0.98193727,21.91
10194,225,14442,2063,5ybp_AKG_B_302,1,unimol,0.65113127,0.61702668,16.822861,0,0.78793953,16.01
10195,225,16549,2364,6pna_M16_A_803,1,unimol,0.78071359,0.61685655,17.825949,0,0.96987566,28.02
10196,225,17425,2489,6uvj_QJ1_A_205,2,diffdock,0.24838422,0.61644733,8.9960289,0,0,13.324906
10197,225,16234,2319,6nh0_KND_B_803,1,unimol,0.76762399,0.61558362,17.638962,0,0.98536833,20.95
10198,226,2761,394,1toq_AMG_A_501,3,diffdock_l,0.33475835,0.73508317,10.040347,0,2.1252845e-58,15.630682
10199,226,7892,1127,4cno_9PY_D_301,3,diffdock_l,0.29383664,0.73117614,9.9298658,0,1.0483719e-57,23.784131
10200,226,2782,397,1toq_AMG_G_504,3,diffdock_l,0.29518917,0.7284778,10.040347,0,0.98404209,15.91944
10201,226,15543,2220,6ho7_GHQ_A_301,3,diffdock_l,0.26404621,0.72165768,9.0137901,0,0,26.643093
10202,226,15998,2285,6m9b_BTN_C_201,3,diffdock_l,0.27609007,0.71260785,10.179805,0,2.9849569e-35,25.090799
10203,226,16005,2286,6m9b_BTN_D_201,3,diffdock_l,0.27560441,0.71041777,10.179805,0,7.580107e-28,24.92629
10204,226,5638,805,2wzh_NGO_A_1589,3,diffdock_l,0.33477917,0.70546501,11.16434,0,0.99007224,42.17307
10205,226,8926,1275,4j4b_0TF_B_301,1,unimol,0.92132588,0.69190423,14.105318,0,0,24.55
10206,226,2775,396,1toq_AMG_E_503,3,diffdock_l,0.26392135,0.69167646,10.040347,0,2.493049e-84,25.823064
10207,226,2768,395,1toq_AMG_C_502,3,diffdock_l,0.26331238,0.69052314,10.040347,0,0,52.375604
10208,226,8919,1274,4j4b_0TF_A_904,1,unimol,0.90085419,0.69044539,14.085984,0,0,26.41
10209,226,2292,327,1pwz_RSO_B_256,3,diffdock_l,0.29657278,0.69032943,11.603144,0,0.5423579,32.219138
10210,226,8010,1144,4d4u_FUC_A_950,2,diffdock,0.28962408,0.68218903,11.784842,0,0,30.149476
10211,226,4651,664,2izf_BTN_D_301,3,diffdock_l,0.27568726,0.67590558,11.59252,0,0.99376794,15.355261
10212,226,12694,1813,5je1_TOF_A_302,3,diffdock_l,0.24365654,0.67473689,8.1779099,0,0.012559426,20.862098
10213,226,4014,573,2d20_NPO_B_953,3,diffdock_l,0.27687987,0.67440721,11.855041,0,7.9990753e-40,20.9843
10214,226,12701,1814,5je1_TOF_B_302,3,diffdock_l,0.24365043,0.67350144,8.2143764,0,4.2069254e-45,20.317527
10215,226,3593,513,2a15_NCA_A_1001,2,diffdock,0.27416595,0.67320137,11.493914,0,0,11.434698
10216,226,17713,2530,7bp1_CAQ_A_401,3,diffdock_l,0.29770077,0.67200144,12.492002,0,1.0291448e-42,30.504478
10217,226,2684,383,1thc_FL9_A_131,3,diffdock_l,0.23628643,0.66836763,5.8862009,0,1.309381e-31,11.348307
10218,226,11098,1585,5av4_GEN_A_400,3,diffdock_l,0.25230774,0.66662546,9.6514978,0,0.99324718,19.562797
10219,226,1200,171,1isx_XYP_A_1461,3,diffdock_l,0.2525651,0.66608579,9.744277,0,0.99747857,18.826277
10220,226,8998,1285,4jzx_476_A_402,3,diffdock_l,0.27229072,0.66515707,11.704708,0,0,28.001163
10221,226,4133,590,2euq_BVC_A_401,3,diffdock_l,0.25046054,0.66425971,9.4601727,0,0,11.236512
10222,226,17720,2531,7bp1_CAQ_C_401,3,diffdock_l,0.2803428,0.66383984,12.463503,0,3.4444586e-40,30.372326
10223,226,17550,2507,6w0x_S6J_B_301,1,unimol,0.92252133,0.66363335,15.686412,0,0,25.76
10224,226,8941,1277,4jb0_ENO_A_402,2,diffdock,0.65183086,0.6618033,14.308557,0,0.99113488,22.701011
10225,226,15122,2160,6f6a_CU5_B_301,2,diffdock,0.28726021,0.6617415,12.661023,0,0,30.848136
10226,226,17543,2506,6w0x_S6J_A_301,1,unimol,0.87242253,0.66057101,15.565063,0,0,25.53
10227,226,15009,2144,6dyt_F0G_A_503,1,unimol,0.90871209,0.66014951,15.800149,0,0.96223611,26.57
10228,226,16733,2390,6qo4_97T_B_301,3,diffdock_l,0.25731789,0.6598055,10.537372,0,1.3896129e-20,54.572973
10229,226,3480,497,1zha_PEP_B_2268,1,unimol,0.62189089,0.65826306,13.574996,0,0.97050759,15.63
10230,226,16726,2389,6qo4_97T_A_301,3,diffdock_l,0.25514339,0.65445462,10.537372,0,3.8442502e-11,20.480155
10231,226,4644,663,2izf_BTN_B_300,3,diffdock_l,0.26386237,0.65379837,11.59252,0,0.99104368,12.481772
10232,226,16859,2408,6rbx_JYT_A_301,3,diffdock_l,0.26038672,0.65306107,11.366979,0,9.8656121e-09,15.581697
10233,226,1571,224,1kuj_MMA_E_503,3,diffdock_l,0.29633012,0.64987814,13.506493,0,0,14.48031
10234,226,1564,223,1kuj_MMA_C_502,3,diffdock_l,0.29604111,0.64937538,13.508388,0,0,29.057306
10235,226,2500,357,1s3u_TQD_A_187,1,unimol,0.79724903,0.64895365,15.997604,0,0.98836486,19.37
10236,226,2781,397,1toq_AMG_G_504,2,diffdock,0.25087106,0.64863884,10.113877,0,2.4187646e-84,15.8732
10237,226,7408,1058,4al9_GLA_B_1123,2,diffdock,0.29026704,0.64834256,13.435254,0,0,19.25954
10238,226,7429,1061,4al9_GLA_E_1123,2,diffdock,0.29025154,0.64824904,13.435254,0,2.9203509e-43,19.913289
10239,226,7401,1057,4al9_GLA_A_1123,2,diffdock,0.28882247,0.64740728,13.435254,0,0,18.66469
10240,226,13758,1965,5uio_LG3_C_201,3,diffdock_l,0.27622339,0.64733795,13.064664,0,1.4621956e-52,20.044981
10241,226,14463,2066,5ybq_AKG_B_302,1,unimol,0.62526496,0.64704503,14.307476,0,0.9799796,21.36
10242,226,7422,1060,4al9_GLA_D_1123,2,diffdock,0.28752406,0.64647199,13.435254,0,1.1801116e-91,19.890148
10243,226,13765,1966,5uio_LG3_E_201,3,diffdock_l,0.27627706,0.64545112,13.180781,0,1.5823999e-60,19.89657
10244,226,6408,915,3se2_LDR_A_1,3,diffdock_l,0.25899488,0.6449175,11.527165,0,0.99725565,22.968123
10245,226,6945,992,3wgc_PLG_C_401,1,unimol,0.9505404,0.6433334,17.169706,0,0.98238279,25.81
10246,226,10942,1563,5a86_D7E_A_1433,1,unimol,0.93769777,0.6424295,17.184839,0,0.98934574,22.26
10247,226,14304,2043,5y1g_AKB_A_401,3,diffdock_l,0.25422583,0.64097727,11.052529,0,0.74918719,49.380937
10248,227,2584,369,1syf_THP_A_180,1,unimol,0.58506417,0.76930704,8.8362513,0,0,22.87
10249,227,17733,2533,7bqu_EF2_A_501,2,diffdock,0.63159,0.75583395,10.010874,0,0.98480815,11.279296
10250,227,6686,955,3vc3_C6P_E_501,1,unimol,0.92928474,0.7329809,12.212104,0,0.94213267,23.73
10251,227,6665,952,3vc3_C6P_A_501,1,unimol,0.86043548,0.72330635,12.251411,0,0,23.1
10252,227,13714,1959,5uim_TYD_B_403,1,unimol,0.58489134,0.71634761,10.687102,0,0,28.63
10253,227,6679,954,3vc3_C6P_D_501,1,unimol,0.69952022,0.70918118,12.251411,0,0.95943501,25.68
10254,227,6672,953,3vc3_C6P_B_501,1,unimol,0.70832373,0.70889956,12.285903,0,0.93850982,24.87
10255,227,15053,2150,6ezf_C6Z_A_1003,3,diffdock_l,0.2680265,0.69452556,9.8771362,0,0.93786042,20.532245
10256,227,15431,2204,6hgl_TES_A_401,3,diffdock_l,0.26855948,0.69348078,9.9852533,0,0.96613124,22.907155
10257,227,7260,1037,4a7a_RGZ_A_601,1,unimol,0.78584557,0.69214248,13.528326,0,0.99223694,24.41
10258,227,7267,1038,4a7a_RGZ_B_601,1,unimol,0.77996066,0.68914254,13.528326,0,0.99237717,18.6
10259,227,14883,2126,6bvl_EBY_B_2001,1,unimol,0.6253886,0.67966051,12.916932,0,0,27.27
10260,227,4831,690,2nu7_COA_E_1325,1,unimol,0.6384162,0.67229297,13.638991,0,0.91821945,22.99
10261,227,11726,1675,5eso_ISC_A_602,1,unimol,0.96913088,0.66846053,15.607414,0,0.83818863,26.74
10262,227,11810,1687,5faj_DCS_D_401,1,unimol,0.86362117,0.66634856,15.169054,0,0.97271179,22.81
10263,227,9122,1303,4l7p_M95_A_601,1,unimol,0.77908877,0.66216317,14.983949,0,0,24.55
10264,227,14981,2140,6dl7_ONC_E_301,1,unimol,0.8940632,0.66209379,15.627771,0,0.98454203,22.37
10265,227,6427,918,3sli_SKD_A_760,1,unimol,0.65710457,0.65261204,14.952266,0,0.9374417,21.25
10266,227,14974,2139,6dl7_ONC_C_301,1,unimol,0.783444,0.65144364,15.715894,0,0.96753328,20.38
10267,227,995,142,1h5r_THM_D_1292,1,unimol,0.8055418,0.65055663,15.957592,0,0,21.22
10268,227,10349,1478,4ws2_6UA_A_303,3,diffdock_l,0.23982964,0.64589362,7.4182673,0,0.99696536,31.719448
10269,227,8214,1173,4e7v_CRS_K_101,3,diffdock_l,0.33399413,0.64492339,13.965993,0,4.0478201e-21,20.571927
10270,227,3964,566,2cjz_PTR_A_1537,2,diffdock,0.60928137,0.64388297,14.242284,0,0.97940644,17.421846
10271,227,12379,1768,5i93_69O_A_202,3,diffdock_l,0.26018221,0.64318088,11.370645,0,0.002021284,9.8821194
10272,227,1002,143,1h5r_THM_D_1293,1,unimol,0.76569317,0.64215562,16.044724,0,0,18.92
10273,227,10550,1507,4ysx_MLI_E_701,1,unimol,0.92644681,0.64200173,17.146921,0,0.93643956,23.92
10274,227,8228,1175,4e7v_CRS_O_101,3,diffdock_l,0.29349596,0.6392993,13.975034,0,1.4047648e-32,19.065221
10275,227,6212,887,3qhd_CTN_B_165,3,diffdock_l,0.27724009,0.63888162,13.345652,0,8.3852581e-38,23.285589
10276,227,6527,932,3tye_XTZ_A_801,3,diffdock_l,0.25921701,0.63804975,11.540275,0,1.7599063e-72,48.465027
10277,227,5062,723,2qab_EI1_B_1,1,unimol,0.78759866,0.63672833,16.79454,0,0.98596643,24.67
10278,227,8221,1174,4e7v_CRS_M_101,3,diffdock_l,0.28244844,0.63578158,13.975034,0,2.6410272e-21,44.546997
10279,227,6205,886,3qhd_CTN_A_165,3,diffdock_l,0.27652231,0.63513641,13.364743,0,0.98624749,25.139485
10280,227,8242,1177,4e7v_CRS_U_101,3,diffdock_l,0.28167903,0.63485587,13.975034,0,0.8411833,19.448093
10281,227,14988,2141,6dl7_ONC_G_301,1,unimol,0.62538862,0.63228785,15.674478,0,0.98095509,28.87
10282,227,2929,418,1uxi_FUM_A_1311,3,diffdock_l,0.25109996,0.62860578,10.829239,0,3.574045e-35,21.633798
10283,227,2011,287,1nux_F6P_A_2339,2,diffdock,0.63832715,0.62807731,16.231585,0,0.99460377,23.952901
10284,227,7541,1077,4bdr_KAI_B_900,2,diffdock,0.59327402,0.62763678,15.112324,0,0.99597414,26.733831
10285,227,3984,569,2cxp_A5P_A_1601,1,unimol,0.98480427,0.62676253,18.412998,0,0.96801873,20.2
10286,227,8235,1176,4e7v_CRS_Q_101,3,diffdock_l,0.2769819,0.62624671,13.975034,0,0.23367419,20.363731
10287,227,14983,2140,6dl7_ONC_E_301,3,diffdock_l,0.27243305,0.62467444,13.516166,0,5.9752034e-08,51.315332
10288,227,988,141,1h5r_THM_C_1293,1,unimol,0.6253442,0.62208404,15.801867,0,0,22.99
10289,227,3991,570,2cxp_A5P_B_2601,1,unimol,0.89857223,0.6182385,18.664379,0,0.95026194,22.9
10290,227,2656,379,1tc2_7HP_B_810,3,diffdock_l,0.26883424,0.61723627,13.613201,0,0.99459332,54.183801
10291,227,16024,2289,6md2_GW9_B_501,1,unimol,0.62538861,0.61508511,16.807745,0,0.93732375,23.66
10292,227,9614,1373,4ofu_DHT_A_1001,3,diffdock_l,0.31398497,0.61492681,15.709877,0,0.99154601,42.471123
10293,227,848,121,1h1m_KMP_A_1360,1,unimol,0.65901905,0.61469394,17.487198,0,0.98834119,18.43
10294,227,862,123,1h1m_KMP_C_1358,1,unimol,0.66008015,0.6136826,17.598101,0,0.98772055,21.3
10295,227,16444,2349,6ooi_PGA_D_301,1,unimol,0.96132746,0.61279322,19.466019,0,0.97571874,19.18
10296,227,16458,2351,6ooi_PGA_F_301,1,unimol,0.95686732,0.6122165,19.506353,0,0.94178934,22.08
10297,227,11119,1588,5b4o_6DQ_B_201,3,diffdock_l,0.30826716,0.61216802,15.833211,0,1.5447466e-31,27.615406
10298,228,12286,1755,5htd_MYR_A_201,1,unimol,0.78249109,0.80881259,8.9962749,0,0.97166517,29.1
10299,228,15430,2204,6hgl_TES_A_401,2,diffdock,0.6296743,0.76417553,9.7690887,0,0,22.85919
10300,228,4132,590,2euq_BVC_A_401,2,diffdock,0.26100936,0.7588407,6.4636517,0,0,11.03633
10301,228,14939,2134,6cgn_DA_A_801,1,unimol,0.59895556,0.71039499,11.088248,0,0.9779484,23.54
10302,228,1409,201,1jtk_THU_B_1138,2,diffdock,0.29530731,0.70384869,10.875419,0,1.0118441e-26,17.240148
10303,228,8333,1190,4evq_PHB_A_406,3,diffdock_l,0.28432654,0.67967469,11.12477,0,1.2629797e-47,24.661549
10304,228,8340,1191,4evq_PHB_B_402,3,diffdock_l,0.2840614,0.67774032,11.12477,0,9.5765456e-48,24.041327
10305,228,3866,552,2bxh_IOS_A_1001,2,diffdock,0.28383958,0.67551935,11.159143,0,0,26.37613
10306,228,11097,1585,5av4_GEN_A_400,2,diffdock,0.62672081,0.67220377,13.575361,0,0.99599657,19.306733
10307,228,12378,1768,5i93_69O_A_202,2,diffdock,0.26474208,0.67103575,10.015582,0,0,13.82117
10308,228,14303,2043,5y1g_AKB_A_401,2,diffdock,0.50586471,0.66130768,13.251372,0,0,17.562324
10309,228,10601,1514,4z1d_PEP_B_300,3,diffdock_l,0.26150726,0.66069257,9.7172213,0,8.1248092e-27,30.749016
10310,228,13757,1965,5uio_LG3_C_201,2,diffdock,0.28471007,0.65605551,12.266322,0,1.9580594e-60,20.782428
10311,228,1389,198,1jl0_PUT_B_401,3,diffdock_l,0.33835361,0.65433284,13.588099,0,3.0327124e-26,16.346696
10312,228,521,74,1fk1_DAO_A_201,3,diffdock_l,0.55617264,0.65309907,13.694801,0,0.96461973,7.8566167
10313,228,13764,1966,5uio_LG3_E_201,2,diffdock,0.28474725,0.65304537,12.423108,0,1.7308024e-60,21.873751
10314,228,11699,1671,5eo8_TFU_A_403,2,diffdock,0.28545219,0.64937862,12.664203,0,7.2624912e-44,14.607138
10315,228,8241,1177,4e7v_CRS_U_101,2,diffdock,0.55819421,0.64617198,14.080668,0,9.9913544e-54,21.974449
10316,228,2278,325,1pt8_OXL_B_801,3,diffdock_l,0.2540699,0.64538883,8.8638353,0,1.2549088e-45,23.712702
10317,228,16913,2416,6rhk_K4B_A_302,1,unimol,0.60188509,0.64509779,14.240459,0,0.97478261,22.72
10318,228,8745,1249,4i6s_FUC_C_101,2,diffdock,0.28713086,0.64422121,13.128086,0,0,12.621899
10319,228,2922,417,1uux_PPI_A_1165,3,diffdock_l,0.25316918,0.63944054,8.4576979,0,2.7685123e-28,17.18824
10320,228,8227,1175,4e7v_CRS_O_101,2,diffdock,0.29537673,0.6375266,14.080668,0,3.1208324e-71,21.553962
10321,228,12545,1792,5ita_6DC_A_801,1,unimol,0.93496676,0.63673912,17.598021,0,0.98794143,27.82
10322,228,1913,273,1nf0_13P_A_5001,2,diffdock,0.27717182,0.63611116,12.327139,0,0,30.149476
10323,228,5841,834,2y00_Y00_A_601,3,diffdock_l,0.28225514,0.6333891,12.85576,0,1.9065097e-48,29.744412
10324,228,13394,1913,5r9o_54F_A_401,3,diffdock_l,0.31490605,0.63325358,14.671457,0,5.871555e-43,20.315335
10325,228,4362,623,2g21_L1B_A_885,1,unimol,0.93697186,0.63149316,17.998631,0,0.99475628,25.29
10326,229,6393,913,3se2_3AB_C_4,2,diffdock,0.27310513,0.78314239,7.1593771,0,5.0340169e-45,21.780455
10327,229,6407,915,3se2_LDR_A_1,2,diffdock,0.63322699,0.77830751,9.3690233,0,0.99744241,25.574663
10328,229,11593,1656,5edh_5MF_B_803,1,unimol,0.65947671,0.75388096,10.461023,0,0,31.86
10329,229,6086,869,2ztl_3HL_C_301,3,diffdock_l,0.31511471,0.74750371,9.6070652,0,3.2613903e-34,27.716623
10330,229,6072,867,2ztl_3HL_A_301,3,diffdock_l,0.31507435,0.74739565,9.6070652,0,8.5080848e-35,25.42816
10331,229,6079,868,2ztl_3HL_B_301,3,diffdock_l,0.31411393,0.7462354,9.6209879,0,0.90124909,25.589328
10332,229,11586,1655,5edh_5MF_A_803,1,unimol,0.62805977,0.73695813,10.361873,0,0,20.87
10333,229,15052,2150,6ezf_C6Z_A_1003,2,diffdock,0.59903357,0.69380414,11.837732,0,0,20.936581
10334,229,2507,358,1s3v_TQD_A_187,1,unimol,0.89997395,0.67408665,15.03401,0,0.9942192,23.76
10335,229,2698,385,1tiw_TFB_A_2002,3,diffdock_l,0.30121481,0.67222735,12.634654,0,0.004094303,19.802208
10336,229,11455,1636,5dky_NOJ_A_1000,3,diffdock_l,0.26340056,0.66941298,10.482882,0,0,20.02929
10337,229,5223,746,2qx9_ML2_A_233,1,unimol,0.62779594,0.66428857,13.481239,0,0,18.75
10338,229,14500,2071,5ylf_BGC_A_401,3,diffdock_l,0.24138329,0.66375134,5.9554586,0,6.8664512e-50,13.911789
10339,229,6056,865,2zm7_ACA_A_501,1,unimol,0.62807361,0.65894609,14.059757,0,0.97720674,25.87
10340,229,13877,1982,5vka_AKG_A_402,3,diffdock_l,0.28383874,0.65882823,12.681167,0,0.080727279,18.900147
10341,229,8738,1248,4i6s_FUC_B_101,2,diffdock,0.2729968,0.65308455,11.691345,0,0,11.756847
10342,229,17426,2489,6uvj_QJ1_A_205,3,diffdock_l,0.31175353,0.65236759,13.666675,0,0.85619614,9.3074286
10343,229,2655,379,1tc2_7HP_B_810,2,diffdock,0.63173873,0.65008193,14.952007,0,2.2396104e-45,16.996958
10344,229,1199,171,1isx_XYP_A_1461,2,diffdock,0.62485528,0.64434798,14.499725,0,4.5703278e-50,18.767208
10345,229,4299,614,2fu9_MP2_B_2410,1,unimol,0.81493104,0.6428926,16.570057,0,0.99086491,23.78
10346,229,13988,1998,5vys_1YJ_B_301,2,diffdock,0.65395855,0.64219842,15.671508,0,0.99174731,21.449047
10347,229,9943,1420,4rm3_FOA_A_1000,3,diffdock_l,0.26126298,0.63550933,11.687454,0,1.0774776e-68,25.379522
10348,229,17704,2529,7ak3_RH8_A_501,1,unimol,0.65858337,0.6351747,16.245346,0,0,19.92
10349,229,11720,1674,5eo8_TFU_A_406,2,diffdock,0.26755647,0.63246531,12.410997,0,0,15.845163
10350,229,12573,1796,5ivg_FPS_A_704,1,unimol,0.62565097,0.63158815,15.279257,0,0.91136301,26.34
10351,229,9080,1297,4kux_FPS_B_405,1,unimol,0.59076897,0.63119677,15.080049,0,0.94015224,23.32
10352,229,13546,1935,5tix_OQR_B_302,1,unimol,0.61679435,0.63081306,15.220824,0,0.9639552,22.03
10353,229,11602,1657,5edh_5MF_C_803,3,diffdock_l,0.28459239,0.63059619,14.374728,0,0.21309599,37.043497
10354,229,11873,1696,5fkl_TDC_A_222,1,unimol,0.62807361,0.63038637,15.873996,0,0.93251321,16.52
10355,229,13539,1934,5tix_OQR_A_302,1,unimol,0.61760236,0.62730323,15.451176,0,0.97293635,23.9
10356,229,14003,2000,5w3k_9TY_A_401,3,diffdock_l,0.27790249,0.62432575,13.724724,0,1.1426535e-42,24.666222
10357,229,16185,2312,6ng5_KMD_B_803,1,unimol,0.62807361,0.62219957,16.310003,0,0.9781587,26.48
10358,229,11222,1603,5c8w_PCG_B_303,1,unimol,0.65927407,0.61789062,17.475601,0,0,18.66
10359,229,5874,839,2yi6_6QM_A_1225,1,unimol,0.77636641,0.61775394,17.998857,0,0.94474047,27.34
10360,229,14549,2078,5z9b_AX7_A_304,3,diffdock_l,0.25350754,0.61729801,10.834492,0,0.9969734,16.376105
10361,229,11147,1592,5bk9_SIN_A_301,3,diffdock_l,0.28233998,0.61697675,14.771341,0,3.5446739e-09,19.282747
10362,229,11551,1650,5dzh_5KG_A_900,1,unimol,0.78223808,0.61687415,18.210714,0,0.96594865,25.71
10363,229,9691,1384,4pbr_2L7_A_401,3,diffdock_l,0.27749477,0.61548318,14.132627,0,0.9948481,20.920071
10364,229,17088,2441,6sxr_KHP_A_513,1,unimol,0.65528784,0.61518366,17.547621,0,0.96611619,23.8
10365,229,9976,1425,4rvg_TYD_A_502,1,unimol,0.92270089,0.61498637,19.147926,0,0,18.88
10366,229,9950,1421,4rm3_FOA_B_1000,3,diffdock_l,0.25895763,0.61464675,12.291951,0,0.99847993,19.926619
10367,229,16108,2301,6n9r_OHN_A_303,1,unimol,0.62807361,0.61276781,17.067074,0,0,25.28
10368,229,16122,2303,6n9r_OHN_X_305,1,unimol,0.62807361,0.61235294,17.096638,0,0.52429221,21.81
10369,229,703,100,1gim_HDA_A_438,3,diffdock_l,0.25303855,0.61223654,11.0083,0,0,16.85139
10370,229,11607,1658,5eo7_SFU_A_401,1,unimol,0.76874891,0.61218418,18.32358,0,0.90897838,19.07
10371,229,13981,1997,5vys_1YJ_A_301,2,diffdock,0.2860297,0.61167636,15.700095,0,4.2103097e-54,25.367284
10372,229,11649,1664,5eo7_SFU_B_403,1,unimol,0.75467487,0.61106478,18.318993,0,0.92059197,16.56
10373,229,10482,1497,4xv4_25T_A_302,3,diffdock_l,0.25357827,0.61095513,11.156822,0,5.9292984e-31,10.890043
10374,229,6435,919,3sp6_IL2_A_901,2,diffdock,0.61839159,0.61066531,16.56303,0,0,24.329063
10375,229,11826,1689,5fay_CHT_A_908,3,diffdock_l,0.27778932,0.61014862,14.530828,0,0.99600675,34.396791
10376,230,13434,1919,5t6b_TMP_C_503,1,unimol,0.90968906,0.71576299,13.190976,0,0,21.39
10377,230,2362,337,1q6r_LX1_A_7301,3,diffdock_l,0.26292768,0.71518232,8.5087051,0,1.6010131e-35,21.970914
10378,230,1627,232,1l4n_NIO_A_991,3,diffdock_l,0.27482987,0.71126022,9.6432171,0,2.2334599e-07,24.381667
10379,230,15711,2244,6jws_PT1_A_801,3,diffdock_l,0.29276694,0.70472648,11.315601,0,0.85165712,26.637829
10380,230,13350,1907,5oip_9WE_A_302,1,unimol,0.92067665,0.70146738,13.924087,0,0.98589462,18.35
10381,230,9481,1354,4nf4_2JK_A_301,3,diffdock_l,0.28982922,0.70065026,11.125773,0,0.99584031,25.99493
10382,230,3979,568,2coj_GBN_B_420,3,diffdock_l,0.28321495,0.70040227,10.477618,0,0.052246946,28.169103
10383,230,1361,194,1jho_NIO_A_991,3,diffdock_l,0.26619191,0.69837427,9.6432171,0,1.0412883e-06,15.261157
10384,230,1205,172,1itw_ICT_A_743,1,unimol,0.79096439,0.69509459,13.712495,0,0.92865869,30.49
10385,230,1212,173,1itw_ICT_C_743,1,unimol,0.78966392,0.69440012,13.718382,0,0.83316803,26.4
10386,230,8695,1242,4i0g_1B9_A_504,1,unimol,0.72420931,0.69427717,13.40761,0,0.98539928,23.29
10387,230,13427,1918,5t6b_TMP_A_504,1,unimol,0.65173433,0.69401648,13.166694,0,0,24.48
10388,230,13322,1903,5oew_9TE_C_301,1,unimol,0.71771416,0.68981109,13.609902,0,0.96287768,25.19
10389,230,13352,1907,5oip_9WE_A_302,3,diffdock_l,0.28846311,0.68613183,11.603189,0,3.7262561e-10,20.344592
10390,230,16978,2425,6s39_K5Z_A_301,3,diffdock_l,0.26290915,0.68495067,9.4931717,0,1.5188992e-37,18.225228
10391,230,13441,1920,5t6b_TMP_D_503,1,unimol,0.62829964,0.68104147,13.187129,0,0,27.55
10392,230,15653,2236,6jc7_F0G_D_601,1,unimol,0.7898577,0.67027711,14.984413,0,0.94463311,26.45
10393,230,10398,1485,4x36_CHT_A_408,3,diffdock_l,0.2566892,0.66709608,8.902626,0,1.0327522e-19,7.373971
10394,230,9045,1292,4kfj_1R0_A_202,1,unimol,0.6282625,0.66332389,13.963849,0,0.31133906,22.65
10395,230,6996,999,3wqs_KBK_B_503,3,diffdock_l,0.28212672,0.66099849,11.99107,0,0,19.9668
10396,230,5246,749,2r0g_7CK_B_1357,3,diffdock_l,0.29780459,0.65891073,13.658637,0,4.0442383e-74,36.438818
10397,230,5239,748,2r0g_7CK_A_1355,3,diffdock_l,0.29749203,0.65765473,13.688787,0,6.8221019e-67,41.063267
10398,230,4824,689,2nu7_COA_E_1025,1,unimol,0.67538953,0.65682273,15.276618,0,0,26.75
10399,230,4005,572,2d1j_D01_A_700,1,unimol,0.61316655,0.65417797,14.217821,0,0.6042025,21.79
10400,230,5125,732,2qd4_CHD_B_927,1,unimol,0.62829991,0.65388743,14.669429,0,0.99041594,23.96
10401,230,4838,691,2nz5_226_A_432,1,unimol,0.62845126,0.65257172,15.061941,0,0.9632256,16.25
10402,230,12365,1766,5i7r_68W_A_402,3,diffdock_l,0.27675313,0.65024993,12.189075,0,0.99240911,36.456362
10403,230,15109,2158,6f66_CUT_B_300,3,diffdock_l,0.28428976,0.64916767,12.84075,0,6.270659e-33,22.837357
10404,230,2964,423,1v5y_4HC_A_1455,3,diffdock_l,0.25550095,0.64886359,9.3022194,0,0.047084996,18.959416
10405,230,576,82,1fsa_F6P_B_338,2,diffdock,0.59308197,0.64782289,14.477551,0,6.2335144e-28,32.470164
10406,230,5111,730,2qd4_CHD_A_802,1,unimol,0.74051556,0.64671912,16.044769,0,0.97158938,40.13
10407,230,4735,676,2no7_LDC_A_401,3,diffdock_l,0.28456526,0.64548192,13.087495,0,0,25.67854
10408,230,4810,687,2nu7_COA_B_1025,1,unimol,0.62829992,0.64512529,15.360937,0,0,33.04
10409,230,5167,738,2qim_ZEA_A_161,1,unimol,0.62653366,0.64479678,14.867533,0,0.47978796,17.78
10410,230,3972,567,2coj_GBN_A_420,3,diffdock_l,0.26094093,0.64433598,10.477618,0,1.528527e-39,28.618342
10411,230,5104,729,2qd1_CHD_D_802,1,unimol,0.62829992,0.64427215,15.255036,0,0,36.35
10412,230,13190,1884,5nj0_8YW_A_301,2,diffdock,0.39064577,0.64290705,14.663639,0,0.98592544,17.322931
10413,230,13924,1989,5vuu_9OJ_B_803,1,unimol,0.70557907,0.64222408,16.217819,0,0.97720375,25.65
10414,230,7990,1141,4d2c_ALA_A_508,3,diffdock_l,0.33234652,0.64187851,14.700774,0,2.2001334e-06,29.052382
10415,230,5211,744,2qvr_FDP_A_333,3,diffdock_l,0.29066709,0.64154743,13.970072,0,0,22.312508
10416,230,16033,2290,6mnh_JVD_A_301,3,diffdock_l,0.29256122,0.64092144,14.288182,0,0.98820015,18.212031
10417,230,14548,2078,5z9b_AX7_A_304,2,diffdock,0.62061721,0.64031812,15.045751,0,0.99590561,18.190662
10418,230,10412,1487,4x36_CHT_A_410,3,diffdock_l,0.25429821,0.63935399,9.0711317,0,3.2170558e-34,25.448187
10419,230,10419,1488,4x36_CHT_A_411,3,diffdock_l,0.25312896,0.6377202,8.8150787,0,1.6376697e-07,8.8861098
10420,230,10986,1569,5ack_SVQ_A_600,3,diffdock_l,0.28278379,0.63729128,13.217134,0,0,22.06779
10421,230,9949,1421,4rm3_FOA_B_1000,2,diffdock,0.64944279,0.63669107,16.267887,0,1.0830408e-68,26.741394
10422,230,10243,1463,4uzi_IMD_B_1456,2,diffdock,0.26958316,0.63666902,12.421767,0,2.4491534e-60,19.938261
10423,230,5134,733,2qg6_NMN_A_301,3,diffdock_l,0.26339046,0.63610719,11.644208,0,0,16.778427
10424,230,841,120,1h1i_QUE_D_1357,1,unimol,0.79222002,0.63579866,17.124557,0,0,23.54
10425,230,10018,1431,4tqi_6BD_B_201,1,unimol,0.77925009,0.63512174,16.965603,0,0,24.76
10426,231,2110,301,1opr_ORO_A_220,3,diffdock_l,0.27035413,0.77903905,7.0942531,0,0.98485217,39.011744
10427,231,10391,1484,4x2f_3WJ_A_601,3,diffdock_l,0.2771775,0.71501012,9.8604965,0,0.99768804,18.892268
10428,231,8842,1263,4ict_1ED_A_406,1,unimol,0.79313479,0.7112061,12.723351,0,0.96989592,22.42
10429,231,5846,835,2y2f_YI1_A_1469,1,unimol,0.79325796,0.69583982,13.471703,0,0,22.13
10430,231,10256,1465,4v2z_Y70_C_151,1,unimol,0.7932406,0.67830434,14.381049,0,0.98745801,23.88
10431,231,1963,280,1now_IFG_B_558,3,diffdock_l,0.33052242,0.67031325,13.106817,0,1.4512327e-80,35.529435
10432,231,12734,1819,5jfx_6K4_A_4000,1,unimol,0.77927418,0.6700218,14.704825,0,0.8724129,23.28
10433,231,6204,886,3qhd_CTN_A_165,2,diffdock,0.60974229,0.65744797,13.949443,0,8.2966873e-38,23.998474
10434,231,3797,542,2bgc_DTU_A_1238,3,diffdock_l,0.2727741,0.64858427,11.92335,0,0,28.001163
10435,231,16255,2322,6nig_NAG_A_605,1,unimol,0.63226924,0.64818928,15.326004,0,0,27.29
10436,231,12183,1740,5h9i_XAN_A_301,3,diffdock_l,0.27216942,0.6454335,11.943532,0,0,14.92907
10437,231,16262,2323,6nig_NAG_B_803,1,unimol,0.62692767,0.64497679,15.326004,0,0,31.93
10438,231,10172,1453,4uoc_NCN_B_400,1,unimol,0.64505532,0.64247321,15.83151,0,0,21.71
10439,231,16269,2324,6nig_NAG_D_602,1,unimol,0.62692804,0.64157215,15.546498,0,0,28.56
10440,231,8478,1211,4gim_PSU_B_400,1,unimol,0.78863705,0.64132078,16.549253,0,0.91511043,24.74
10441,231,8485,1212,4gim_PSU_C_400,1,unimol,0.78073723,0.63989563,16.549253,0,0.79013062,23.47
10442,231,16032,2290,6mnh_JVD_A_301,2,diffdock,0.606325,0.63707946,15.089717,0,0.9784738,17.963542
10443,231,7843,1120,4clr_FDB_D_1270,3,diffdock_l,0.27692489,0.63005399,13.62458,0,0,28.001163
10444,231,15865,2266,6l68_ALL_A_201,3,diffdock_l,0.26903053,0.62854259,12.567591,0,0.0037058305,9.3660483
10445,231,9052,1293,4kp7_1UQ_A_503,1,unimol,0.64261187,0.62804033,16.718407,0,0,19.88
10446,231,17237,2462,6tbx_N0Z_C_303,3,diffdock_l,0.28845892,0.62525055,14.597939,0,0,28.001163
10447,231,14162,2023,5x86_TMP_A_205,1,unimol,0.62692757,0.62469547,16.523014,0,0,16.68
10448,231,3354,479,1z3n_3NA_A_320,1,unimol,0.87629404,0.62306213,18.379549,0,0.98693705,17.87
10449,231,1219,174,1iwe_IMP_A_460,1,unimol,0.62692757,0.62165806,16.730234,0,0,22.56
10450,231,6211,887,3qhd_CTN_B_165,2,diffdock,0.2760157,0.6199569,13.9426,0,1.0017921e-37,27.498959
10451,231,5715,816,2xhk_AKG_B_519,3,diffdock_l,0.26003056,0.61912912,11.546558,0,1.0080564e-24,18.883933
10452,231,7666,1095,4cb5_93G_A_1484,1,unimol,0.62690684,0.61863412,16.608416,0,0,23.39
10453,231,11166,1595,5bkd_RCF_A_503,1,unimol,0.62692757,0.6177949,16.999004,0,0,23.8
10454,231,17466,2495,6vei_9UO_B_502,1,unimol,0.64796001,0.61303208,17.919943,0,0.97717331,24.35
10455,231,2705,386,1tke_SER_A_500,3,diffdock_l,0.25780309,0.61259893,11.439622,0,0.032133983,10.650442
10456,231,8305,1186,4ekr_0R0_A_202,3,diffdock_l,0.26232929,0.61233202,12.638971,0,4.8479678e-36,13.298392
10457,231,8578,1225,4hon_AKG_A_401,3,diffdock_l,0.30646499,0.61228137,16.438784,0,0,28.001163
10458,231,9003,1286,4jzx_476_B_402,1,unimol,0.64394805,0.61221339,17.87141,0,0.87253111,20.11
10459,231,16732,2390,6qo4_97T_B_301,2,diffdock,0.27105751,0.61215966,13.592795,0,0,23.143535
10460,231,4734,676,2no7_LDC_A_401,2,diffdock,0.27658739,0.61190447,14.578879,0,0.99125627,24.138062
10461,231,8585,1226,4hon_AKG_B_401,3,diffdock_l,0.30603275,0.61173778,16.47002,0,0,28.001163
10462,231,8220,1174,4e7v_CRS_M_101,2,diffdock,0.2792993,0.61102184,14.979939,0,6.7243706e-23,20.002204
10463,231,7848,1121,4cme_KTZ_A_1270,1,unimol,0.94018826,0.60834577,19.987793,0,0,19.67
10464,231,1233,176,1iwe_IMP_B_1452,1,unimol,0.62675479,0.60735284,17.319096,0,0,20.09
10465,231,6520,931,3tye_XHP_B_901,3,diffdock_l,0.31476514,0.60683669,16.881359,0,2.0619375e-68,19.515403
10466,231,7862,1123,4cme_KTZ_D_1270,1,unimol,0.91991989,0.60670985,19.90951,0,0,18.61
10467,231,11945,1706,5fuv_THM_B_1385,3,diffdock_l,0.30209443,0.60586861,16.642832,0,0,18.112996
10468,231,7570,1081,4buf_F36_A_2162,3,diffdock_l,0.3020252,0.60562597,16.647392,0,0.98497887,24.428773
10469,231,7577,1082,4buf_F36_B_2162,3,diffdock_l,0.30173496,0.60509277,16.647392,0,0.9897624,28.789751
10470,231,13876,1982,5vka_AKG_A_402,2,diffdock,0.26408446,0.60229556,13.47875,0,0,19.324524
10471,231,12846,1835,5kcp_PFB_B_378,1,unimol,0.64498475,0.60015563,18.837864,0,0.95406069,15.12
10472,231,7736,1105,4cjw_CBJ_A_1216,1,unimol,0.6269272,0.59968793,18.108852,0,0,19.23
10473,231,9838,1405,4qxc_OGA_A_600,3,diffdock_l,0.24831042,0.59944974,10.583276,0,0,28.001163
10474,231,561,80,1fs5_16G_A_1267,1,unimol,0.64345143,0.5992627,18.86883,0,0.97451995,28.28
10475,231,13721,1960,5uio_8DM_A_202,1,unimol,0.92555198,0.59876934,20.636395,0,0.96228972,22.86
10476,232,7141,1020,3zbs_OVE_A_1380,1,unimol,0.62066277,0.75628788,10.050702,0,0.99336901,16.59
10477,232,3039,434,1w1a_NDG_1_1261,1,unimol,0.62349742,0.74373044,10.536772,0,0.91813182,14.7
10478,232,108,15,1aog_MAE_A_500,3,diffdock_l,0.26956615,0.72972688,8.8361778,0,3.2482276e-40,19.057001
10479,232,16661,2380,6qdb_HWQ_A_1002,1,unimol,0.62371372,0.7289881,11.248757,0,0,21.57
10480,232,10348,1478,4ws2_6UA_A_303,2,diffdock,0.61449635,0.7044027,12.016685,0,0.9979547,13.461449
10481,232,7143,1020,3zbs_OVE_A_1380,3,diffdock_l,0.25582256,0.69473928,8.33043,0,0.0034954182,17.861449
10482,232,15065,2152,6f2b_AKG_C_402,1,unimol,0.89475629,0.67374395,15.324179,0,0.8351685,20.08
10483,232,16556,2365,6pna_M16_B_803,1,unimol,0.74057428,0.67087294,14.737041,0,0.97516257,22.72
10484,232,15058,2151,6f2b_AKG_B_402,1,unimol,0.82468025,0.66840761,15.305329,0,0.84478557,25.19
10485,232,8774,1253,4i6y_MEV_B_1001,3,diffdock_l,0.27860136,0.66715226,12.174983,0,0,12.248776
10486,232,12118,1731,5gzz_GSH_D_301,1,unimol,0.79835788,0.66470919,15.34754,0,0.83232286,27.34
10487,232,12125,1732,5gzz_GSH_E_301,1,unimol,0.76790562,0.66094598,15.383218,0,0.92094639,31.46
10488,232,10390,1484,4x2f_3WJ_A_601,2,diffdock,0.61618367,0.65851839,14.272957,0,0.9979345,20.626354
10489,232,15310,2187,6flu_DTK_B_406,1,unimol,0.86013155,0.65534501,16.187452,0,0,27.7
10490,232,16535,2362,6pmv_M16_B_803,1,unimol,0.79131697,0.65507942,15.866611,0,0.94180622,20.42
10491,232,16858,2408,6rbx_JYT_A_301,2,diffdock,0.26406055,0.65503867,11.121079,0,1.1970306e-08,19.478263
10492,232,13791,1970,5unt_8J1_A_803,1,unimol,0.80345198,0.65483045,16.027636,0,0.98032046,25.26
10493,232,8760,1251,4i6w_1CO_B_1001,3,diffdock_l,0.25254965,0.65312796,9.4451132,0,0,29.741809
10494,232,11567,1652,5e4o_L57_B_201,3,diffdock_l,0.26469522,0.65296616,11.337517,0,4.0535654e-24,20.706895
10495,232,11187,1598,5bwr_4VT_B_402,1,unimol,0.62371699,0.65216388,15.184176,0,0,19.33
10496,232,15303,2186,6flu_DTK_B_405,1,unimol,0.8011828,0.64699214,16.480803,0,0.97971491,26.79
10497,232,11180,1597,5bwr_4VT_A_402,1,unimol,0.62266763,0.64686078,15.018814,0,0,17.1
10498,232,17174,2453,6t0a_M58_B_601,3,diffdock_l,0.26147554,0.64401079,11.161895,0,0.0089571502,12.888439
10499,232,9647,1378,4oxy_1TN_D_302,1,unimol,0.64392884,0.64315627,16.125271,0,0.99031155,22.69
10500,232,13567,1938,5tm5_7EV_A_601,1,unimol,0.64115112,0.64218815,16.111704,0,0.96033788,22.15
10501,232,309,44,1d7a_AIR_C_400,1,unimol,0.62371399,0.64217661,15.769475,0,0.9257566,17.58
10502,232,12869,1838,5kjw_53C_A_800,3,diffdock_l,0.26631943,0.64107659,12.138154,0,5.8197013e-53,23.211303
10503,232,5729,818,2xoz_AMP_B_1664,3,diffdock_l,0.24858745,0.6410085,9.3155355,0,2.0882818e-25,12.338763
10504,233,15534,2219,6ho2_GHN_A_301,1,unimol,0.63263714,0.73889372,11.573263,0,0.98649849,20.7
10505,233,7142,1020,3zbs_OVE_A_1380,2,diffdock,0.24659395,0.6739643,8.251832,0,0,21.711246
10506,233,4530,647,2i1v_FDP_B_710,1,unimol,0.60317569,0.66766296,14.012183,0,0.91477937,18
10507,233,14589,2084,5zg2_ZK1_A_901,1,unimol,0.77175156,0.66582495,15.397203,0,0,24.8
10508,233,14596,2085,5zg2_ZK1_B_901,1,unimol,0.64204476,0.66199566,15.254335,0,0,18.93
10509,233,17643,2520,6yk5_PVK_A_312,3,diffdock_l,0.30233897,0.65530039,14.424956,0,0.99644653,28.765809
10510,233,17650,2521,6yk6_OUB_A_311,3,diffdock_l,0.30218643,0.65501188,14.424956,0,0.99587994,45.194113
10511,233,1016,145,1h69_ARH_B_1275,1,unimol,0.62928056,0.65412439,15.525836,0,0,24.7
10512,233,14932,2133,6cgc_F0A_A_402,1,unimol,0.7045478,0.65178248,16.049776,0,0,25.4
10513,233,17622,2517,6y4f_GLU_A_202,3,diffdock_l,0.26641161,0.65149746,12.331198,0,0.0012925182,7.4044881
10514,233,1009,144,1h69_ARH_A_1275,1,unimol,0.62520402,0.64826081,15.514153,0,0,22.69
10515,233,9234,1319,4lz7_1YW_B_804,1,unimol,0.63884139,0.64744046,16.034138,0,0.95077782,20.97
10516,233,1023,146,1h69_ARH_C_1275,1,unimol,0.62520324,0.6458663,15.56678,0,0,22.05
10517,233,10501,1500,4xzh_48I_A_402,1,unimol,0.8033203,0.64210163,17.099939,0,0.98719046,20.41
10518,233,10508,1501,4xzh_48I_B_402,1,unimol,0.80304355,0.64209576,17.088694,0,0.99381686,16.84
10519,233,4028,575,2dm5_ODI_A_312,3,diffdock_l,0.25128336,0.6382854,10.578328,0,0.17902372,11.665029
10520,233,5210,744,2qvr_FDP_A_333,2,diffdock,0.27673819,0.63721813,13.974859,0,0,22.222425
10521,233,13658,1951,5uap_82S_A_505,1,unimol,0.62066192,0.6350339,15.976301,0,0.95570769,16.21
10522,233,9852,1407,4qya_LU2_B_201,3,diffdock_l,0.64395148,0.63498188,16.926474,0,8.1389897e-24,16.427307
10523,233,717,102,1giu_ADE_A_300,3,diffdock_l,0.26548827,0.63232207,13.18949,0,0,13.81623
10524,233,11754,1679,5ezp_IPJ_B_201,1,unimol,0.62520405,0.62733518,16.837463,0,0,29.21
10525,233,9248,1321,4lz7_GLU_A_802,1,unimol,0.62520406,0.6269256,17.035995,0,0,17.44
10526,233,11761,1680,5ezp_IPJ_C_201,1,unimol,0.62515282,0.62558371,16.698393,0,0.37656898,20.06
10527,233,13938,1991,5vv0_9OM_B_803,1,unimol,0.70600366,0.62346953,17.89451,0,0.98348631,19.83
10528,233,7842,1120,4clr_FDB_D_1270,2,diffdock,0.28199249,0.61967304,15.284323,0,0,30.149476
10529,233,12804,1829,5jtu_6NE_A_902,1,unimol,0.87542875,0.61938992,19.0553,0,0,23.03
10530,233,11770,1681,5ezp_IPJ_F_201,3,diffdock_l,0.26345778,0.61820143,13.815928,0,0.79526843,33.546203
10531,233,15108,2158,6f66_CUT_B_300,2,diffdock,0.2814333,0.61738321,15.348662,0,6.7478583e-33,25.146769
10532,233,1570,224,1kuj_MMA_E_503,2,diffdock,0.2887582,0.61541068,16.039284,0,3.5875495e-58,17.889091
10533,233,1563,223,1kuj_MMA_C_502,2,diffdock,0.28862417,0.61509019,16.030426,0,0,19.736447
10534,233,9360,1337,4mop_2H5_A_802,1,unimol,0.6267176,0.61354673,18.106634,0,0.91595387,22.32
10535,233,9241,1320,4lz7_1YW_C_804,1,unimol,0.62520405,0.61290289,17.794764,0,3.440424e-08,20.68
10536,233,4369,624,2g21_L1B_B_985,1,unimol,0.94921088,0.61281779,19.920744,0,0.9871289,22.69
10537,233,16822,2403,6r5o_BGC_B_802,1,unimol,0.62955696,0.61253923,18.223818,0,0,23.2
10538,233,13380,1911,5r0j_RBJ_B_401,3,diffdock_l,0.25345215,0.61236795,12.163068,0,2.9033673e-16,15.282635
10539,233,16808,2401,6r5o_BGC_A_802,1,unimol,0.62533902,0.61104783,18.237009,0,0,19.68
10540,233,4378,625,2g5v_22M_A_301,3,diffdock_l,0.25318875,0.61020981,12.182715,0,0.29531308,16.487888
10541,233,6840,977,3w7f_FPS_A_302,1,unimol,0.79156245,0.60984036,19.208784,0,0.94500709,25.78
10542,233,7318,1045,4a9j_TYL_B_1187,3,diffdock_l,0.31161941,0.60948096,17.270761,0,3.2768092e-59,14.916918
10543,233,6371,910,3rsc_TYD_B_397,1,unimol,0.92471553,0.60912192,20.014742,0,0,23.33
10544,233,3956,565,2caq_GSH_A_1208,1,unimol,0.62516478,0.60911499,17.838423,0,0,19.08
10545,233,7771,1110,4cld_JUO_D_1270,1,unimol,0.62387831,0.60894657,17.768682,0,0,21.37
10546,233,1626,232,1l4n_NIO_A_991,2,diffdock,0.27425144,0.60845548,15.367257,0,1.7750969e-26,17.854749
10547,233,9367,1338,4mop_2H5_C_703,1,unimol,0.85212679,0.60831876,19.667236,0,0.91563809,25.34
10548,233,13294,1899,5ocm_9RH_C_302,1,unimol,0.6211453,0.60661516,17.866043,0,0.91761066,25.58
10549,233,17412,2487,6ur0_ETM_B_401,3,diffdock_l,0.24310759,0.60518861,9.4912081,0,6.1305219e-86,15.651241
10550,233,3978,568,2coj_GBN_B_420,2,diffdock,0.27452042,0.60501826,15.620938,0,0,31.591744
10551,233,9418,1345,4n36_2F8_D_401,3,diffdock_l,0.31709701,0.60341904,17.75996,0,0,18.959742
10552,233,2152,307,1p7c_THM_B_501,3,diffdock_l,0.30155445,0.60262967,17.519508,0,1.0897132e-38,22.553428
10553,233,12195,1742,5ha7_WY1_B_402,1,unimol,0.6251674,0.60187451,18.379799,0,0.97731341,19.84
10554,234,12552,1793,5ita_6DC_B_801,1,unimol,0.77567511,0.70011113,13.300497,0,0.98211419,20.33
10555,234,12008,1715,5g44_I6G_A_1510,3,diffdock_l,0.31168286,0.67789505,13.013064,0,0.0012266449,16.136462
10556,234,2430,347,1rf2_BV4_G_107,1,unimol,0.77286428,0.67678504,14.508139,0,0.93442121,22.86
10557,234,1877,268,1mvc_BM6_A_200,1,unimol,0.95649489,0.67331422,15.563818,0,0.99215841,19.67
10558,234,16563,2366,6png_OSG_A_802,1,unimol,0.81489635,0.67106939,15.027471,0,0.97252344,23.76
10559,234,13231,1890,5o3d_9J5_A_501,1,unimol,0.9361069,0.66968669,15.63571,0,0,19.79
10560,234,11950,1707,5fwd_GJV_A_1446,1,unimol,1.0354172,0.66955477,15.855821,0,0.98077474,16.32
10561,234,16577,2368,6png_OSG_B_804,1,unimol,0.66267011,0.66389319,15.027471,0,0.96980867,20.81
10562,234,2726,389,1tkj_MED_A_913,3,diffdock_l,0.25917093,0.66191912,10.619831,0,0.86977907,14.161056
10563,234,17621,2517,6y4f_GLU_A_202,2,diffdock,0.24671238,0.65890765,9.0881023,0,9.5018358e-24,10.714927
10564,234,16570,2367,6png_OSG_A_803,1,unimol,0.62775965,0.65838675,15.079021,0,0.98210538,25.39
10565,234,12554,1793,5ita_6DC_B_801,3,diffdock_l,0.27539018,0.65838378,12.569868,0,7.5825496e-34,37.263413
10566,234,15219,2174,6fld_NAG_A_601,1,unimol,0.62281619,0.65825633,14.717992,0,0,20.82
10567,234,14792,2113,6auq_BYJ_A_803,1,unimol,0.74530248,0.65741192,15.551021,0,0.98275258,20.2
10568,234,12547,1792,5ita_6DC_A_801,3,diffdock_l,0.27497556,0.65600003,12.602873,0,0.99716156,36.230647
10569,234,2437,348,1rf2_BV4_H_108,1,unimol,0.60781421,0.6559167,14.508139,0,0.95181606,22.84
10570,234,17265,2466,6tgi_N8Z_B_508,3,diffdock_l,0.26627784,0.65338965,11.767083,0,0.0038496152,25.699904
10571,234,2423,346,1rf2_BV4_F_106,1,unimol,0.5793193,0.65275773,14.508139,0,0.93492764,26.35
10572,234,547,78,1fqo_F6R_A_1268,1,unimol,0.80588452,0.6512539,16.13343,0,0,21.68
10573,234,17258,2465,6tgi_N8Z_A_508,3,diffdock_l,0.26614919,0.65115349,11.853186,0,0.47654497,18.230851
10574,234,7388,1055,4ajj_MLI_A_1333,3,diffdock_l,0.31055287,0.64841383,14.455249,0,1.6470076e-66,38.029399
10575,234,1816,259,1ml4_PAL_A_385,3,diffdock_l,0.28657418,0.64802666,13.654922,0,0.99749001,19.008865
10576,234,11245,1606,5cak_4Z9_A_802,3,diffdock_l,0.30594354,0.64751848,14.292663,0,0,33.660542
10577,234,12868,1838,5kjw_53C_A_800,2,diffdock,0.26637367,0.6438001,12.239512,0,8.8695099e-56,26.251691
10578,234,16285,2326,6nni_CP6_B_203,3,diffdock_l,0.27543835,0.64249794,13.4113,0,1.48779e-41,17.461208
10579,234,14668,2095,6a1l_BEZ_A_403,3,diffdock_l,0.27406499,0.64178276,13.174187,0,0.40251946,17.089994
10580,234,16278,2325,6nni_CP6_A_203,3,diffdock_l,0.27562265,0.64161353,13.512474,0,0.98756361,18.56053
10581,234,4798,685,2ntk_IMP_B_206,3,diffdock_l,0.3110865,0.64106988,14.9295,0,0,41.916196
10582,234,5232,747,2qxf_TMP_A_3000,3,diffdock_l,0.26500006,0.63980955,12.24476,0,9.0665313e-15,21.217749
10583,234,14675,2096,6a1l_BEZ_A_404,3,diffdock_l,0.26414446,0.63893125,12.181619,0,6.8316346e-32,17.367566
10584,234,10250,1464,4v2z_Y70_B_151,2,diffdock,0.27501076,0.63587085,13.693092,0,0,16.856519
10585,234,13233,1890,5o3d_9J5_A_501,3,diffdock_l,0.2924185,0.63508782,14.703189,0,0.074598216,28.461483
10586,234,16803,2400,6r5o_BGC_A_801,3,diffdock_l,0.26715286,0.63331175,12.856945,0,0,35.49444
10587,234,11420,1631,5di7_5CQ_A_601,3,diffdock_l,0.29315495,0.63232433,14.885861,0,0,21.88141
10588,234,969,138,1h5r_THM_A_1293,3,diffdock_l,0.29072368,0.63220701,14.824309,0,2.2541879e-31,24.972913
10589,234,14969,2138,6cwr_6LA_A_201,3,diffdock_l,0.31121803,0.63093552,15.569684,0,0.90996882,14.208138
10590,234,2109,301,1opr_ORO_A_220,2,diffdock,0.61722878,0.63029793,16.176622,0,7.6308193e-09,14.562433
10591,234,17690,2527,6zi7_RAM_D_503,1,unimol,0.61158352,0.63002938,16.121981,0,0,26.98
10592,234,4287,612,2fr6_URI_B_1002,3,diffdock_l,0.27206893,0.62998385,13.535245,0,3.3314281e-29,28.444004
10593,234,976,139,1h5r_THM_B_1293,3,diffdock_l,0.28822596,0.6298974,14.774651,0,1.4041809e-39,37.660584
10594,234,1004,143,1h5r_THM_D_1293,3,diffdock_l,0.2881799,0.62758983,14.908693,0,8.9176487e-31,37.183911
10595,234,6961,994,3wk1_O7E_A_301,3,diffdock_l,0.31131587,0.62674197,15.855853,0,0.98570462,48.56865
10596,234,15606,2229,6i6r_H62_A_704,3,diffdock_l,0.27032346,0.62661789,13.503629,0,0,28.220079
10597,234,1893,270,1n5i_TMP_A_217,3,diffdock_l,0.31140814,0.62513678,15.972356,0,0.97296066,17.50021
10598,234,13358,1908,5oo4_URI_A_201,2,diffdock,0.27271651,0.62439816,13.977973,0,0,11.839864
10599,234,8186,1169,4dwv_PFB_B_378,3,diffdock_l,0.2883745,0.6230964,15.197768,0,0,28.289962
10600,234,997,142,1h5r_THM_D_1292,3,diffdock_l,0.28252643,0.62232861,14.993527,0,0.97345318,36.166329
10601,234,8179,1168,4dwv_PFB_A_378,3,diffdock_l,0.28788677,0.62225031,15.197768,0,0,27.401083
10602,234,7633,1090,4c2p_X8Z_A_709,3,diffdock_l,0.31226444,0.62105402,16.402327,0,0.98846981,29.07001
10603,234,696,99,1gij_2PU_A_501,3,diffdock_l,0.26138954,0.62089304,12.791363,0,0,23.775662
10604,235,8347,1192,4evs_PHB_A_408,3,diffdock_l,0.28373356,0.73900888,9.5809584,0,0.99831171,18.279725
10605,235,13870,1981,5vjg_0BP_A_403,3,diffdock_l,0.3222971,0.73808195,10.585662,0,0.11051307,19.701595
10606,235,101,14,1anc_BEN_A_290,3,diffdock_l,0.26589816,0.70952183,9.127161,0,0.99439099,12.208637
10607,235,15569,2224,6hsg_GM5_C_504,1,unimol,0.62350749,0.6762338,13.907551,0,0.87708232,25.47
10608,235,13387,1912,5r28_RDJ_A_401,3,diffdock_l,0.24865874,0.66840206,8.3796329,0,4.9726606e-28,20.305219
10609,235,15800,2257,6krs_CIT_D_301,1,unimol,0.86700623,0.66027682,16.09424,0,0.93287703,26.03
10610,235,15814,2259,6krs_CIT_G_301,1,unimol,0.86451713,0.65963797,16.093575,0,0.88727106,29.47
10611,235,8354,1193,4f06_PHB_A_401,3,diffdock_l,0.2829416,0.65899506,12.807921,0,0.99671067,18.594916
10612,235,15821,2260,6krs_CIT_H_301,1,unimol,0.8595534,0.65824613,16.093575,0,0.89309537,32.57
10613,235,15828,2261,6krs_CIT_I_301,1,unimol,0.83357859,0.65810797,16.01519,0,0.93918274,24.34
10614,235,15562,2223,6hsg_GM5_A_504,1,unimol,0.62226937,0.65642586,14.767243,0,0.96087191,25.63
10615,235,15576,2225,6hsg_GM5_D_504,1,unimol,0.58592683,0.65574161,14.541414,0,0.94751495,22.75
10616,235,5855,836,2y4j_LAC_A_400,3,diffdock_l,0.28243809,0.65423029,12.967935,0,0,19.749467
10617,235,2068,295,1o2i_655_A_246,3,diffdock_l,0.31472364,0.64804441,14.417768,0,0,19.628988
10618,235,11769,1681,5ezp_IPJ_F_201,2,diffdock,0.49710906,0.64715023,14.934602,0,0.16450405,32.628825
10619,235,4518,645,2huu_ALA_A_701,3,diffdock_l,0.26815132,0.64689139,11.996172,0,0,28.001163
10620,235,13135,1876,5n5k_8NW_A_307,3,diffdock_l,0.24619397,0.6449595,8.5516472,0,0.20896544,12.005304
10621,235,1662,237,1lnf_VAL_E_1321,3,diffdock_l,0.3190713,0.64460052,14.85908,0,0.0043159839,16.847683
10622,235,15807,2258,6krs_CIT_F_301,1,unimol,0.62540384,0.64348457,16.094093,0,0.89264526,25.2
10623,235,9712,1387,4pik_MAN_B_503,3,diffdock_l,0.26344278,0.64306825,11.643446,0,5.2964807e-84,14.24595
10624,235,1815,259,1ml4_PAL_A_385,2,diffdock,0.62079672,0.63994592,15.738742,0,0.99750619,22.110764
10625,235,3158,451,1x2a_PDG_A_413,1,unimol,0.90847621,0.63945763,17.613831,0,0,25.83
10626,235,3284,469,1y5v_NE8_A_500,1,unimol,0.63568139,0.63851961,16.610914,0,0,25.35
10627,235,9698,1385,4pik_MAN_A_501,3,diffdock_l,0.26015991,0.63308936,11.713796,0,3.7973983e-56,13.269059
10628,235,3895,556,2c3d_COM_B_1526,3,diffdock_l,0.29731896,0.63050415,14.988339,0,2.5807027e-51,26.963716
10629,235,13784,1969,5unr_8EV_B_803,1,unimol,0.69694757,0.6304683,17.361252,0,0.98659967,24.3
10630,235,3165,452,1x2a_PDG_B_1413,1,unimol,0.71583153,0.62824696,17.531473,0,0,26.64
10631,235,8151,1164,4dtb_GMP_B_401,3,diffdock_l,0.31212143,0.62784409,15.596604,0,1.6701882e-59,25.563032
10632,235,3874,553,2c3d_COM_A_1525,3,diffdock_l,0.29640464,0.62765034,15.09916,0,1.728695e-51,27.101879
10633,235,6765,966,3vq5_MMJ_A_1007,3,diffdock_l,0.2783566,0.62623864,14.178885,0,0,17.830086
10634,235,855,122,1h1m_KMP_B_1358,1,unimol,0.62350749,0.62507561,17.11511,0,0.99018301,23.67
10635,235,15079,2154,6f2v_AMP_B_1001,1,unimol,0.62063052,0.62350084,16.817036,0,0.9689573,20.09
10636,235,15072,2153,6f2v_AMP_A_1001,1,unimol,0.61730941,0.62295359,16.817036,0,0.8493365,23.5
10637,235,4490,641,2hi4_BHF_A_800,3,diffdock_l,0.32067132,0.62227413,16.462683,0,1.4980249e-05,10.403349
10638,235,9690,1384,4pbr_2L7_A_401,2,diffdock,0.60004932,0.62190829,16.74432,0,0.9959216,23.032998
10639,235,15984,2283,6m5m_NAG_B_202,3,diffdock_l,0.26149475,0.62160298,12.542673,0,0,13.190061
10640,235,14968,2138,6cwr_6LA_A_201,2,diffdock,0.57042727,0.61944529,16.731422,0,0,14.382949
10641,235,8261,1180,4eip_K2C_A_601,1,unimol,0.62350955,0.61903857,17.652712,0,0.98996642,21.65
10642,235,9311,1330,4mig_G3F_B_802,1,unimol,0.85121246,0.61855815,18.807371,0,0.97552988,22.81
10643,235,2131,304,1p1w_AMQ_A_428,3,diffdock_l,0.31878796,0.61846993,16.496302,0,0.99850962,33.219958
10644,235,13777,1968,5unr_8EV_A_803,1,unimol,0.62350658,0.61841979,17.372599,0,0.98263102,17.7
10645,235,8396,1199,4fxr_BMP_A_301,3,diffdock_l,0.27917681,0.61547767,14.890191,0,0.99575036,29.412918
10646,235,9304,1329,4mig_G3F_A_802,1,unimol,0.79989465,0.61475019,18.811584,0,0.98144063,27.12
10647,235,9318,1331,4mig_G3F_C_802,1,unimol,0.7982136,0.61441469,18.82419,0,0.97419619,25.11
10648,235,2138,305,1p1w_AMQ_B_427,3,diffdock_l,0.31590059,0.61417133,16.58979,0,7.6282298e-17,23.761011
10649,235,3739,534,2b3f_GAL_D_3313,1,unimol,0.87052738,0.61378177,19.462507,0,0.98832846,23.98
10650,235,3746,535,2b3f_GAL_E_3314,1,unimol,0.87033556,0.61369563,19.462507,0,0.99032772,21.06
10651,235,3732,533,2b3f_GAL_C_3312,1,unimol,0.86978553,0.61343719,19.462507,0,0.98916431,22.43
10652,235,1172,167,1iki_DAL_A_500,3,diffdock_l,0.25776969,0.61312466,12.138452,0,0,14.929541
10653,235,17536,2505,6vv9_RQ1_B_304,1,unimol,0.65273152,0.6130237,18.550774,0,0.94839311,19.68
10654,236,12533,1790,5ip6_6C9_A_301,3,diffdock_l,0.30741249,0.69509872,12.294024,0,0.99664548,12.821533
10655,236,17559,2508,6x9d_HYP_A_2002,3,diffdock_l,0.31644434,0.68728338,12.892161,0,4.3463945e-74,38.101093
10656,236,7605,1086,4bvh_OCZ_C_1394,3,diffdock_l,0.31700063,0.66886028,13.867736,0,4.6879589e-46,20.810236
10657,236,1892,270,1n5i_TMP_A_217,2,diffdock,0.57799995,0.66437332,14.273714,0,0,18.543514
10658,236,472,67,1ei6_PPF_D_412,3,diffdock_l,0.30104244,0.66303922,13.609738,0,2.1058182e-33,32.098088
10659,236,17669,2524,6zi7_QR8_A_502,1,unimol,0.64051125,0.65894463,15.62116,0,0.92625916,28.34
10660,236,17683,2526,6zi7_QR8_F_503,1,unimol,0.63884079,0.65818328,15.621263,0,0.91595984,26.61
10661,236,15191,2170,6fa1_D2Z_B_203,1,unimol,0.63499947,0.65806338,15.532527,0,0.98597812,35.37
10662,236,15375,2196,6g5q_EMZ_B_402,3,diffdock_l,0.28431235,0.65736868,13.136341,0,2.3088381e-10,21.867884
10663,236,100,14,1anc_BEN_A_290,2,diffdock,0.61626836,0.65736145,14.927419,0,0.99759906,14.985617
10664,236,15198,2171,6fa1_D2Z_F_203,1,unimol,0.63061156,0.65502142,15.65136,0,0,23.07
10665,236,15184,2169,6fa1_D2Z_A_203,1,unimol,0.62608392,0.65010517,15.891795,0,0.7693485,41.99
10666,236,13833,1976,5urz_BOG_B_201,1,unimol,0.69429389,0.64816532,16.403898,0,0,22.59
10667,236,17566,2509,6x9d_HYP_B_2002,3,diffdock_l,0.31795806,0.64688307,15.154343,0,2.5376306e-46,39.41865
10668,236,17676,2525,6zi7_QR8_C_502,1,unimol,0.62112661,0.64602098,15.621802,0,0.92444065,25.15
10669,236,463,66,1ei6_PPF_C_413,1,unimol,0.62340877,0.64413366,15.759942,0,0.85570918,22.07
10670,236,4803,686,2ntk_IMP_D_208,1,unimol,0.6259452,0.64131529,16.092842,0,0,18.14
10671,236,4789,684,2ntk_IMP_A_205,1,unimol,0.63778128,0.64124124,16.639784,0,0,19.14
10672,236,16725,2389,6qo4_97T_A_301,2,diffdock,0.25600547,0.63854409,11.077221,0,0,21.949284
10673,236,6891,984,3wat_BMA_A_404,3,diffdock_l,0.28491814,0.63613828,14.334057,0,0.013221611,21.532689
10674,236,2725,389,1tkj_MED_A_913,2,diffdock,0.53581228,0.63612318,15.905203,0,0,17.157581
10675,236,6898,985,3wat_BMA_B_404,3,diffdock_l,0.28455448,0.63525393,14.334057,0,4.4183042e-83,19.853919
10676,236,17257,2465,6tgi_N8Z_A_508,2,diffdock,0.32589568,0.63366174,16.024693,0,0,26.127125
10677,236,16277,2325,6nni_CP6_A_203,2,diffdock,0.59692708,0.62862439,16.543402,0,0.9885058,17.983114
10678,236,7891,1127,4cno_9PY_D_301,2,diffdock,0.28394631,0.62832142,14.654399,0,6.8177721e-150,26.92251
10679,236,7598,1085,4bvh_OCZ_A_1393,3,diffdock_l,0.27230793,0.62823881,13.867736,0,3.3994332e-74,26.499521
10680,236,2130,304,1p1w_AMQ_A_428,2,diffdock,0.59210242,0.62743974,16.60947,0,1.0634442e-37,33.085788
10681,236,14710,2101,6a2n_UMP_A_703,3,diffdock_l,0.31606447,0.62624515,16.266237,0,0.98761148,39.829964
10682,237,9922,1417,4rje_PYR_B_402,3,diffdock_l,0.30004396,0.66770135,13.702725,0,0,28.561289
10683,237,14437,2062,5ybp_AKG_A_302,3,diffdock_l,0.30216889,0.66483589,14.004311,0,4.2929832e-48,39.667867
10684,237,8368,1195,4f8n_PC_A_202,3,diffdock_l,0.24607089,0.66276999,8.361537,0,3.8292846e-27,8.4122677
10685,237,568,81,1fs5_16G_B_2267,1,unimol,0.62707814,0.66132199,15.521399,0,0,33.61
10686,237,1100,157,1hot_16G_A_269,1,unimol,0.62606007,0.66036035,15.521399,0,0.97630555,33.75
10687,237,912,130,1h48_CDI_E_902,2,diffdock,0.29036033,0.6590111,13.804067,0,0,30.303132
10688,237,8325,1189,4evi_C9M_A_402,2,diffdock,0.24888469,0.65775725,9.7628183,0,0.98157831,30.833468
10689,237,4511,644,2ht8_G39_A_800,3,diffdock_l,0.28307601,0.64545749,14.03138,0,0.98783646,25.801824
10690,237,3837,548,2bs3_CIT_D_1657,1,unimol,0.81575522,0.63936841,17.580351,0,0.97435028,24.97
10691,237,16241,2320,6nhd_KNV_A_803,1,unimol,0.8071352,0.63833497,17.527264,0,0.98535107,33.27
10692,237,3629,518,2a9z_26A_A_1001,3,diffdock_l,0.31754806,0.63634134,16.088722,0,0.99053757,13.437772
10693,237,10270,1467,4v3w_E2Z_B_800,1,unimol,0.63853879,0.63404492,17.367329,0,0.98831743,25.12
10694,237,16248,2321,6nhd_KNV_B_803,1,unimol,0.68884275,0.63111419,17.719011,0,0,20.75
10695,237,11194,1599,5c38_DA8_A_403,1,unimol,0.753342,0.63097327,17.840839,0,0.96315662,24.02
10696,237,17642,2520,6yk5_PVK_A_312,2,diffdock,0.57906655,0.63001341,16.626604,0,0.99728261,20.22724
10697,237,17649,2521,6yk6_OUB_A_311,2,diffdock,0.57880078,0.62991994,16.626604,0,0.99536899,20.870357
10698,237,15620,2231,6ijp_IMP_A_402,3,diffdock_l,0.27264121,0.62849887,14.211701,0,1.1204628e-06,27.490809
10699,237,3494,499,1zjp_DR4_A_1,1,unimol,0.93220106,0.6251594,19.058178,0,0.97041601,28.67
10700,237,16929,2418,6rlt_MLI_B_511,3,diffdock_l,0.28553216,0.62317978,15.623919,0,1.096631e-19,22.551754
10701,237,3090,441,1w62_PYC_A_700,3,diffdock_l,0.26650119,0.62281757,13.828887,0,0,25.819864
10702,237,3125,446,1wq4_TYR_A_501,3,diffdock_l,0.312169,0.62091214,16.732275,0,0.99658159,18.537147
10703,237,10151,1450,4ug7_1EV_A_904,1,unimol,0.80166903,0.6202019,18.775097,0,0.94913861,23.76
10704,237,7029,1004,3wsg_CIT_D_302,1,unimol,0.67067333,0.62018481,18.456373,0,0.73575232,24.08
10705,237,3830,547,2bs3_CIT_A_1657,1,unimol,0.61035509,0.61877889,17.601738,0,0.98364729,24.21
10706,237,415,59,1e48_13P_P_302,2,diffdock,0.26024144,0.61642802,13.444867,0,0,11.14738
10707,237,9572,1367,4nv0_MG7_A_403,3,diffdock_l,0.31643685,0.61561677,17.302698,0,3.0291983e-37,38.177538
10708,237,9108,1301,4l1x_STR_B_402,1,unimol,0.62501819,0.61417358,18.021202,0,0,19.91
10709,237,5587,798,2wdq_TEO_I_1589,1,unimol,0.86163809,0.61410971,19.599016,0,0.87889196,26.99
10710,237,16922,2417,6rlt_MLI_A_508,3,diffdock_l,0.27918561,0.61351791,15.504365,0,0,22.373849
10711,237,5580,797,2wdq_TEO_E_1589,1,unimol,0.85843552,0.61349813,19.599016,0,0.67679416,23.99
10712,237,3636,519,2a9z_26A_A_1002,3,diffdock_l,0.28270758,0.61247648,15.883634,0,2.4136263e-23,26.940733
10713,237,6387,912,3ryd_SRT_C_268,3,diffdock_l,0.23916747,0.61182144,8.6260452,0,5.953246e-39,20.658099
10714,237,6868,981,3w8x_FTK_B_601,1,unimol,0.62598802,0.61050153,18.325649,0,0,18.16
10715,237,5972,853,2z48_NGA_B_2002,1,unimol,0.80893712,0.61003582,19.582741,0,0.94083218,17.95
10716,237,9929,1418,4rje_PYR_D_402,3,diffdock_l,0.25858462,0.60921993,13.662119,0,0,23.309621
10717,237,738,105,1gsi_TMP_A_1210,3,diffdock_l,0.28440552,0.60911405,16.328571,0,0.98860753,18.451773
10718,237,5573,796,2wdq_TEO_A_1589,1,unimol,0.80964146,0.60884516,19.697247,0,0.6876402,25.86
10719,237,15170,2167,6f77_PLP_E_600,1,unimol,0.93190365,0.60854886,20.349133,0,0.96682991,29.91
10720,237,5475,782,2vlf_PLI_A_1457,1,unimol,0.88098637,0.60816072,20.239986,0,0,20.87
10721,237,9143,1306,4l80_OXL_C_402,1,unimol,0.83245915,0.60737206,19.995476,0,0.9239691,28.99
10722,237,9136,1305,4l80_OXL_B_402,1,unimol,0.82412539,0.60719875,19.995476,0,0.95583577,24.06
10723,237,7036,1005,3wsg_CIT_E_302,1,unimol,0.61265994,0.60682028,18.471312,0,0.63532418,22.89
10724,237,17251,2464,6tfb_N6W_B_202,3,diffdock_l,0.25695805,0.60667051,13.388088,0,5.9816468e-32,11.418252
10725,237,13945,1992,5vv5_9OJ_B_803,1,unimol,0.62604034,0.60661745,19.016258,0,0.95755597,28.25
10726,237,2306,329,1pym_OXL_B_1002,3,diffdock_l,0.24657768,0.60489717,10.665938,0,0.99585633,16.3507
10727,237,8956,1279,4jhh_H35_A_201,3,diffdock_l,0.2657105,0.60443555,14.729666,0,0.8594663,13.05122
10728,237,7750,1107,4cjw_CBJ_B_1218,1,unimol,0.62603833,0.60003948,19.20413,0,0.66709005,21.04
10729,237,4461,637,2gzm_DGL_A_501,2,diffdock,0.29163783,0.59995698,17.414417,0,0,28.842752
10730,237,5482,783,2vlf_PLI_B_1459,1,unimol,0.63933046,0.59942267,19.92289,0,0,20.39
10731,237,12027,1718,5g4r_LF1_B_1739,1,unimol,0.58695279,0.5989772,18.882036,0,0.98223903,20.67
10732,238,15864,2266,6l68_ALL_A_201,2,diffdock,0.25677295,0.71802606,8.0389395,0,0.0066050463,11.421713
10733,238,5496,785,2vmp_PLP_A_501,1,unimol,0.82272849,0.70200768,13.672613,0,0.89087392,19.04
10734,238,12328,1761,5i3p_68T_A_1003,1,unimol,0.78590176,0.68468221,14.436538,0,0.93984835,35.4
10735,238,8955,1279,4jhh_H35_A_201,2,diffdock,0.5457694,0.68024978,13.507952,0,0.93501641,15.617736
10736,238,3188,455,1x82_PA5_A_301,3,diffdock_l,0.25480292,0.67643255,9.0221071,0,0.98395254,30.974386
10737,238,5503,786,2vmw_PLP_A_501,1,unimol,0.62009448,0.67384679,14.125568,0,0.92697569,17.88
10738,238,15016,2145,6dyt_PP3_B_1501,1,unimol,0.81475775,0.67021673,15.329885,0,0,22.66
10739,238,15212,2173,6fld_DQ5_A_604,1,unimol,0.62594172,0.66823079,14.753851,0,0.97025935,27.82
10740,238,5545,792,2w7k_PLP_A_501,1,unimol,0.74665215,0.66656993,15.374123,0,0.93437374,22.9
10741,238,3124,446,1wq4_TYR_A_501,2,diffdock,0.58951979,0.66505612,14.428267,0,0.99551739,18.520846
10742,238,10319,1474,4wmz_TPF_A_602,1,unimol,0.6259399,0.66309141,14.862948,0,0.98900676,20.44
10743,238,7178,1025,3zp7_PRE_A_1118,3,diffdock_l,0.27254878,0.65541782,11.962723,0,1.4754105e-27,27.072163
10744,238,4259,608,2fpu_HSO_B_509,3,diffdock_l,0.2803642,0.65174946,12.611262,0,0,21.23783
10745,238,10797,1542,4zu3_4SD_A_301,3,diffdock_l,0.31427181,0.64972652,14.649623,0,8.1994041e-42,30.376852
10746,238,9913,1416,4rii_TYD_B_401,1,unimol,0.93641518,0.64909626,17.185812,0,0,20.19
10747,238,10804,1543,4zu3_4SD_B_301,3,diffdock_l,0.30968817,0.64824281,14.63302,0,0,25.84656
10748,238,13744,1963,5uio_LG3_A_201,3,diffdock_l,0.33123525,0.64817656,15.214043,0,4.3621629e-54,11.127074
10749,238,6198,885,3qhd_795_A_167,3,diffdock_l,0.32077642,0.64457535,15.057105,0,2.9748518e-13,48.151848
10750,238,10832,1547,4zu3_4SD_E_301,3,diffdock_l,0.30677871,0.64135893,14.963874,0,0,27.47378
10751,238,13751,1964,5uio_LG3_B_201,3,diffdock_l,0.31520534,0.64042673,15.214043,0,7.6806339e-31,20.194739
10752,238,9936,1419,4rkz_3S4_A_402,3,diffdock_l,0.27386769,0.63890281,12.941115,0,0,23.941893
10753,238,10839,1548,4zu3_4SD_F_301,3,diffdock_l,0.29240714,0.63802771,14.649623,0,1.4202491e-37,28.51589
10754,238,2089,298,1o68_KIV_E_275,3,diffdock_l,0.6488091,0.63617485,17.172314,0,0,26.898831
10755,238,6037,862,2zgw_BTN_B_1402,3,diffdock_l,0.28538342,0.63458556,14.021441,0,1.4907894e-48,16.617958
10756,238,6030,861,2zgw_BTN_A_1401,3,diffdock_l,0.28485132,0.63384273,14.018183,0,0,21.755217
10757,238,3412,487,1zei_CRS_A_54,3,diffdock_l,0.26456825,0.63361354,12.407825,0,1.6422745e-36,13.025565
10758,238,11931,1704,5fqf_NGA_A_1588,3,diffdock_l,0.32293739,0.63336373,15.768552,0,1.4207406e-28,36.700858
10759,238,12925,1846,5l1v_7PF_A_401,3,diffdock_l,0.26171293,0.63250386,12.102503,0,5.2192637e-22,38.55692
10760,238,16129,2304,6nba_P1T_A_501,1,unimol,0.63661392,0.63185955,17.370224,0,0,23.58
10761,238,16150,2307,6nba_P1T_D_501,1,unimol,0.63533652,0.63139961,17.370224,0,0.98758176,20.46
10762,238,10375,1482,4wxb_CIT_C_501,1,unimol,0.64869038,0.63017909,17.586798,0,0,24.32
10763,238,9906,1415,4rii_TYD_A_401,1,unimol,0.62601472,0.6300059,17.299931,0,0,20.96
10764,238,10368,1481,4wxb_CIT_B_501,1,unimol,0.93041226,0.62862152,18.6269,0,0.97124322,23.8
10765,238,1779,254,1m3u_KPL_J_265,1,unimol,0.95424274,0.62819156,18.829916,0,0.93830312,25.41
10766,238,10361,1480,4wxb_CIT_A_501,1,unimol,0.82694262,0.62768339,18.292309,0,0.96946531,21.8
10767,238,10761,1537,4zo7_GLC_A_806,2,diffdock,0.29362384,0.62734077,15.389961,0,0,37.882842
10768,238,7052,1007,3wug_XYP_B_1,3,diffdock_l,0.28838548,0.62730622,15.102381,0,1.1901103e-30,14.596158
10769,238,17055,2436,6sjs_THH_B_901,3,diffdock_l,0.31853592,0.62703105,16.129803,0,0.13267284,10.825981
10770,238,16136,2305,6nba_P1T_B_501,1,unimol,0.62594172,0.62698423,17.370224,0,0,22.56
10771,238,8060,1151,4dch_GLC_A_501,3,diffdock_l,0.25603149,0.62572797,11.470305,0,0.9651267,18.34266
10772,238,1737,248,1m3u_KPL_C_265,1,unimol,0.92251262,0.62551764,18.829916,0,0.88688332,21.45
10773,238,17529,2504,6vv9_RQ1_A_202,1,unimol,0.62602576,0.62539353,17.63475,0,0.96348996,25.21
10774,238,16761,2394,6qot_6SD_A_301,3,diffdock_l,0.32639685,0.62462319,16.460089,0,3.5728006e-24,26.581405
10775,238,1935,276,1njr_XYL_A_285,3,diffdock_l,0.24890622,0.62374129,8.5604849,0,0.59551713,12.924428
10776,238,1765,252,1m3u_KPL_H_265,1,unimol,0.86956205,0.62373503,18.829916,0,0.87787079,24.82
10777,238,1744,249,1m3u_KPL_D_265,1,unimol,0.86520522,0.62311112,18.829916,0,0.90010893,24.29
10778,238,10753,1536,4zo7_BGC_A_805,1,unimol,0.73486685,0.62272507,18.25849,0,0,22.24
10779,238,14667,2095,6a1l_BEZ_A_403,2,diffdock,0.28745348,0.62261528,15.079915,0,0,18.812029
10780,238,16143,2306,6nba_P1T_C_501,1,unimol,0.95232824,0.62126375,19.350769,0,0,20.14
10781,238,7806,1115,4cle_JR2_D_1271,1,unimol,0.62591892,0.62039268,17.566265,0,0,21.31
10782,239,11371,1624,5d9w_ASC_A_301,3,diffdock_l,0.25201372,0.75768082,6.5912852,0,0,12.793294
10783,239,6036,862,2zgw_BTN_B_1402,2,diffdock,0.28361187,0.71613656,10.835507,0,1.2539991e-48,23.057281
10784,239,6029,861,2zgw_BTN_A_1401,2,diffdock,0.28342259,0.71582687,10.821165,0,0.99181098,21.726631
10785,239,6016,859,2zce_PYL_A_601,3,diffdock_l,0.2860341,0.70195116,11.590959,0,2.5985562e-05,18.337661
10786,239,737,105,1gsi_TMP_A_1210,2,diffdock,0.60123781,0.68746378,13.423427,0,0.99296385,20.981497
10787,239,13091,1870,5m8d_UGI_B_501,1,unimol,0.95302292,0.6796536,15.428121,0,0.99293074,28.6
10788,239,17783,2540,7joc_ARZ_A_302,3,diffdock_l,0.77140124,0.67863374,14.842391,0,0,21.638374
10789,239,7003,1000,3wr4_GDE_B_502,3,diffdock_l,0.27558167,0.67779885,11.701128,0,7.9147145e-05,54.815382
10790,239,5624,803,2wj4_HQD_D_1278,3,diffdock_l,0.25732408,0.67171325,10.533738,0,1.764233e-51,34.88148
10791,239,5617,802,2wj4_HQD_B_1278,3,diffdock_l,0.25706891,0.66991301,10.533738,0,4.3766139e-123,28.65838
10792,239,12904,1843,5kxb_NGA_A_307,3,diffdock_l,0.26832889,0.66937517,11.66605,0,0,21.48432
10793,239,15935,2276,6lit_2OH_B_501,3,diffdock_l,0.31162426,0.66699184,14.306567,0,2.176183e-42,21.777568
10794,239,17097,2442,6syz_M1E_A_601,3,diffdock_l,0.26152822,0.66644546,11.448894,0,1.8325536e-50,13.205795
10795,239,9831,1404,4qpe_37E_A_901,3,diffdock_l,0.29861088,0.66319974,14.090171,0,0.9785803,34.352118
10796,239,4650,664,2izf_BTN_D_301,2,diffdock,0.60559325,0.65805925,15.058135,0,0,20.132858
10797,239,4643,663,2izf_BTN_B_300,2,diffdock,0.59785065,0.65727456,15.058135,0,0.99378908,16.936502
10798,239,3187,455,1x82_PA5_A_301,2,diffdock,0.61052743,0.65439258,15.369341,0,0,19.083977
10799,239,1879,268,1mvc_BM6_A_200,3,diffdock_l,0.28056394,0.65074056,13.627011,0,0.30176868,22.216074
10800,239,925,132,1h48_GPP_C_904,1,unimol,0.81570072,0.64955362,16.717747,0,0.051061276,26.81
10801,239,13400,1914,5r9u_JMM_A_401,2,diffdock,0.25606103,0.64715623,11.181594,0,0.93126442,21.26016
10802,239,8395,1199,4fxr_BMP_A_301,2,diffdock,0.60765458,0.64460419,15.938351,0,0.98298739,31.75254
10803,239,1718,245,1luq_BTN_A_5100,3,diffdock_l,0.31114552,0.64425182,15.585896,0,4.3475481e-32,15.487707
10804,239,14757,2108,6a7e_9QR_A_201,1,unimol,0.58704287,0.64398941,15.795183,0,0.98056636,30.09
10805,239,2369,338,1q92_DRM_A_1001,3,diffdock_l,0.30786569,0.64356889,15.406522,0,0.010152008,15.74283
10806,239,17048,2435,6sj8_44V_B_901,3,diffdock_l,0.29562367,0.64242231,15.167111,0,1.0731621e-29,23.489776
10807,239,2305,329,1pym_OXL_B_1002,2,diffdock,0.61762934,0.64212722,16.163935,0,0,16.506362
10808,239,17762,2537,7cwd_GAL_A_902,3,diffdock_l,0.25589203,0.63886868,11.52059,0,0,16.606996
10809,239,9374,1339,4mpr_TPP_A_602,1,unimol,0.86213814,0.63526497,17.953781,0,0.95581788,17.75
10810,239,3144,449,1x29_PMG_A_413,1,unimol,1.0311982,0.63459245,18.504532,0,0,24.9
10811,239,2549,364,1sff_IK2_D_450,1,unimol,0.95234725,0.63410673,18.412573,0,0.97445498,28.61
10812,239,932,133,1h48_GPP_E_904,1,unimol,0.61487779,0.63238125,16.790243,0,0.83435966,22.09
10813,239,9845,1406,4qya_LU2_A_201,3,diffdock_l,0.27588304,0.63225238,14.081312,0,5.1521988e-22,17.127701
10814,239,15997,2285,6m9b_BTN_C_201,2,diffdock,0.28530945,0.63183769,15.126247,0,3.243386e-32,24.493602
10815,239,3151,450,1x29_PMG_B_1413,1,unimol,0.83653812,0.6315679,18.123203,0,0.95116231,19.54
10816,239,7646,1092,4c7g_NGO_A_1495,2,diffdock,0.2533093,0.63150336,11.363426,0,0,23.364426
10817,239,12400,1771,5i9m_69K_B_302,3,diffdock_l,0.26011828,0.6314556,13.032433,0,1.7079006e-51,38.675872
10818,239,16004,2286,6m9b_BTN_D_201,2,diffdock,0.28516584,0.63125021,15.126247,0,5.2825292e-28,24.153491
10819,239,13401,1914,5r9u_JMM_A_401,3,diffdock_l,0.30947654,0.6286884,16.472586,0,0.66959866,21.112505
10820,239,4973,710,2pir_DHT_A_931,3,diffdock_l,0.31939862,0.62633221,16.850592,0,0.98678478,18.482738
10821,239,7785,1112,4cle_JR2_A_1271,1,unimol,0.625901,0.62614226,17.366119,0,0,20.96
10822,239,13743,1963,5uio_LG3_A_201,2,diffdock,0.28610944,0.62590083,15.620645,0,0.99509138,21.739331
10823,239,17054,2436,6sjs_THH_B_901,2,diffdock,0.26102598,0.62573255,13.439929,0,0,25.2267
10824,239,9642,1377,4oxy_1TN_B_302,3,diffdock_l,0.27984137,0.6252234,14.953791,0,6.9396543e-10,18.950721
10825,239,13750,1964,5uio_LG3_B_201,2,diffdock,0.28571776,0.62503059,15.620645,0,4.4147823e-44,20.290139
10826,239,13954,1993,5vyr_B62_A_301,3,diffdock_l,0.28033745,0.62247113,15.22209,0,1.658768e-53,19.619853
10827,239,15905,2272,6l86_MLT_A_303,1,unimol,0.6261475,0.62208338,18.068525,0,0,26.42
10828,239,9942,1420,4rm3_FOA_A_1000,2,diffdock,0.25313757,0.6218628,11.772424,0,0.88668916,26.941873
10829,239,10237,1462,4uzi_IMD_B_1455,3,diffdock_l,0.27792452,0.62018185,15.059145,0,0,23.615817
10830,239,2535,362,1sff_IK2_A_450,1,unimol,0.63298919,0.62002913,18.345486,0,0.96971756,25.4
10831,239,11091,1584,5av2_KMP_A_300,3,diffdock_l,0.27643083,0.61847358,15.024925,0,0.99623861,19.306771
10832,240,6778,968,3vqe_FMQ_A_1006,2,diffdock,0.29762426,0.75842302,9.9565516,0,4.1852536e-23,18.288752
10833,240,1934,276,1njr_XYL_A_285,2,diffdock,0.41059654,0.74919244,10.791182,0,0,12.695973
10834,240,10985,1569,5ack_SVQ_A_600,2,diffdock,0.29438949,0.74334949,10.320333,0,0,24.149584
10835,240,9921,1417,4rje_PYR_B_402,2,diffdock,0.29643233,0.73850778,10.618308,0,0.9345923,30.738606
10836,240,3894,556,2c3d_COM_B_1526,2,diffdock,0.29677227,0.73448377,10.792829,0,0,27.589866
10837,240,3873,553,2c3d_COM_A_1525,2,diffdock,0.29654304,0.73127664,10.903743,0,0,28.798997
10838,240,11028,1575,5afy_WCE_H_1248,3,diffdock_l,0.25059828,0.72576242,6.8560414,0,0,28.001163
10839,240,10530,1504,4y6n_3PG_A_402,2,diffdock,0.28904672,0.7157938,11.185991,0,0,18.913932
10840,240,17013,2430,6s9g_L1Q_A_305,3,diffdock_l,0.286657,0.69820882,11.806697,0,0.71769614,20.145464
10841,240,4243,606,2fib_GLY_B_2,1,unimol,0.6262188,0.69612053,13.572918,0,0,20.67
10842,240,9472,1353,4ndn_PPK_C_404,1,unimol,0.62901584,0.69535554,13.761105,0,0.94931982,22.95
10843,240,11868,1695,5fiu_Y3J_C_1299,3,diffdock_l,0.30441173,0.68626491,13.146098,0,0,37.526164
10844,240,16788,2398,6qrn_RIP_A_500,2,diffdock,0.26328669,0.68403315,10.379218,0,0.014801703,8.2571508
10845,240,8584,1226,4hon_AKG_B_401,2,diffdock,0.30622897,0.68218557,13.395119,0,0,30.149476
10846,240,8577,1225,4hon_AKG_A_401,2,diffdock,0.30639912,0.68177389,13.426254,0,0,30.149476
10847,240,5714,816,2xhk_AKG_B_519,2,diffdock,0.26312722,0.67873049,10.57936,0,0,19.128871
10848,240,8773,1253,4i6y_MEV_B_1001,2,diffdock,0.29156499,0.67770406,12.980018,0,0,29.093568
10849,240,4427,632,2gx5_PCG_C_514,3,diffdock_l,0.26909046,0.67661224,11.177061,0,1.022685e-72,26.43104
10850,240,17179,2454,6t0m_GOZ_A_305,1,unimol,0.58437891,0.67110355,14.377126,0,0.98022933,24.76
10851,240,3678,525,2ahc_VNL_D_466,3,diffdock_l,0.27768144,0.664462,12.912095,0,0,18.762909
10852,240,1479,211,1kae_HSO_A_1001,2,diffdock,0.30452983,0.66047742,14.502179,0,0,30.165893
10853,240,12715,1816,5jeh_EVF_B_302,3,diffdock_l,0.27672718,0.65927491,12.834409,0,0,16.585877
10854,240,14148,2021,5x5d_UMP_C_401,1,unimol,0.85362292,0.65660621,16.586813,0,0,20.82
10855,240,514,73,1fhv_OSB_A_789,3,diffdock_l,0.2562645,0.65547266,10.428967,0,0.0022102313,20.429354
10856,240,6833,976,3w7f_FPS_A_301,1,unimol,0.62621863,0.65438886,15.748766,0,0.80097035,23.15
10857,240,743,106,1gsq_GDN_A_203,1,unimol,0.72349941,0.65352634,16.398853,0,0.95409597,27.67
10858,240,9928,1418,4rje_PYR_D_402,2,diffdock,0.25658028,0.65334212,10.56658,0,0,27.597494
10859,240,14449,2064,5ybq_8T0_B_303,1,unimol,0.58541648,0.65233135,15.470535,0,0,27.78
10860,241,5854,836,2y4j_LAC_A_400,2,diffdock,0.2879145,0.70430684,11.876737,0,0,21.8248
10861,241,14253,2036,5xrv_F6R_A_702,1,unimol,0.58522213,0.68949149,13.567391,0,0.85788709,29.43
10862,241,15857,2265,6l17_E2X_A_401,2,diffdock,0.25203482,0.68332198,9.2792072,0,0,23.78494
10863,241,13686,1955,5ud3_P6F_A_404,1,unimol,0.80902117,0.67945252,15.150772,0,0.85110463,23.45
10864,241,13693,1956,5ud3_P6F_B_404,1,unimol,0.6868604,0.6757685,15.150772,0,0.78959554,19.08
10865,241,8353,1193,4f06_PHB_A_401,2,diffdock,0.61616177,0.66011024,15.338037,0,0.99802309,18.601846
10866,241,14002,2000,5w3k_9TY_A_401,2,diffdock,0.28987649,0.65892509,14.223812,0,0,25.020734
10867,241,8900,1271,4ixw_IXW_A_302,3,diffdock_l,0.29812113,0.6583419,14.788023,0,0.99164383,18.303152
10868,241,716,102,1giu_ADE_A_300,2,diffdock,0.26188803,0.65373254,12.308916,0,0.99288563,14.422138
10869,241,6197,885,3qhd_795_A_167,2,diffdock,0.28662957,0.6523618,14.372767,0,1.8042254e-54,24.241456
10870,241,12036,1719,5g4r_LF1_C_1739,3,diffdock_l,0.30080385,0.65051635,15.266163,0,2.5958927e-47,24.004485
10871,241,4294,613,2fu9_MP2_A_1410,3,diffdock_l,0.2754099,0.64326139,14.117752,0,7.5876115e-37,27.825334
10872,241,16516,2359,6pk1_PLP_A_501,3,diffdock_l,0.31246329,0.64134873,16.192871,0,0.99008063,29.394149
10873,241,498,71,1fdk_GLE_A_150,1,unimol,0.62625088,0.64121501,17.011677,0,0,32.18
10874,241,7198,1028,3zwe_FUC_A_110,2,diffdock,0.25473997,0.64066003,11.756778,0,0.91280399,12.400739
10875,241,11090,1584,5av2_KMP_A_300,2,diffdock,0.62389661,0.64031009,16.628298,0,0,20.905578
10876,241,15858,2265,6l17_E2X_A_401,3,diffdock_l,0.29355975,0.63911742,15.786152,0,0.90590847,25.551868
10877,241,7528,1075,4bbx_LKF_A_1760,3,diffdock_l,0.26975715,0.63715665,13.977777,0,4.7214914e-37,35.933517
10878,241,1143,163,1ia1_TQ3_A_194,2,diffdock,0.29711833,0.63673627,16.078186,0,2.6262328e-60,20.288832
10879,241,1956,279,1nmz_NYM_A_301,3,diffdock_l,0.2827874,0.63575627,15.155926,0,0.97145806,17.451353
10880,241,17012,2430,6s9g_L1Q_A_305,2,diffdock,0.49420322,0.63030956,16.977108,0,0.99375935,21.532418
10881,241,10397,1485,4x36_CHT_A_408,2,diffdock,0.25490243,0.62979873,12.349725,0,2.2003409e-78,14.272395
10882,241,13245,1892,5o3g_9J8_A_501,1,unimol,0.61654105,0.62866977,17.364229,0,0,21.42
10883,241,8304,1186,4ekr_0R0_A_202,2,diffdock,0.26014718,0.62670001,13.514685,0,0.99187126,14.98155
10884,241,2950,421,1v3v_5OP_A_1360,3,diffdock_l,0.27907827,0.62530228,15.636645,0,8.6709544e-20,21.45173
10885,241,7604,1086,4bvh_OCZ_C_1394,2,diffdock,0.2930205,0.62475598,16.615866,0,1.0088454e-73,29.102863
10886,241,8346,1192,4evs_PHB_A_408,2,diffdock,0.61704257,0.62473049,17.655457,0,0.99855989,20.260018
10887,241,11944,1706,5fuv_THM_B_1385,2,diffdock,0.29259886,0.62362785,16.646585,0,0,18.145719
10888,241,12714,1816,5jeh_EVF_B_302,2,diffdock,0.28851043,0.62278642,16.297552,0,0.99584373,17.946899
10889,241,2067,295,1o2i_655_A_246,2,diffdock,0.28932064,0.62267216,16.362761,0,0,20.113094
10890,241,1620,231,1l4f_NCN_A_991,3,diffdock_l,0.27661868,0.62097788,15.542747,0,1.0467341e-05,23.400356
10891,241,1641,234,1l5o_NCN_A_991,3,diffdock_l,0.27647619,0.62078074,15.542747,0,1.8173738e-05,24.269823
10892,241,1074,153,1hdi_3PG_A_419,3,diffdock_l,0.24643344,0.61972722,10.57567,0,0.9839768,17.896523
10893,241,3411,487,1zei_CRS_A_54,2,diffdock,0.26449431,0.61780549,14.607275,0,0.31087425,13.49498
10894,241,9830,1404,4qpe_37E_A_901,2,diffdock,0.60690576,0.61707637,18.055523,0,0,35.26984
10895,241,5944,849,2z48_NGA_A_1002,1,unimol,0.62614895,0.61686418,18.375128,0,0.099840673,17.91
10896,241,5937,848,2z48_A2G_B_2005,1,unimol,0.61857325,0.61541146,18.345554,0,0.93542738,19.95
10897,241,8367,1195,4f8n_PC_A_202,2,diffdock,0.25146155,0.61506005,12.07704,0,2.6556851e-24,8.4317629
10898,241,14232,2033,5xmq_PLG_B_501,1,unimol,0.86164398,0.61468372,19.806396,0,0,18.51
10899,241,11027,1575,5afy_WCE_H_1248,2,diffdock,0.25261038,0.61419755,12.414262,0,0,30.149476
10900,241,5986,855,2z48_NGA_B_2004,1,unimol,0.60878615,0.61372226,18.382521,0,0.98066015,23.2
10901,241,12182,1740,5h9i_XAN_A_301,2,diffdock,0.25557547,0.6127704,13.41398,0,0,14.724934
10902,241,5958,851,2z48_NGA_A_1004,1,unimol,0.60536285,0.61233875,18.382521,0,0.98465698,18.85
10903,241,8249,1178,4e9z_651_A_301,3,diffdock_l,0.27833616,0.6111333,16.490261,0,0.022774294,22.703658
10904,241,4301,614,2fu9_MP2_B_2410,3,diffdock_l,0.25774671,0.61083283,14.116209,0,6.6692443e-37,43.823627
10905,241,16523,2360,6pk1_PLP_B_501,3,diffdock_l,0.27613305,0.61050813,16.192871,0,0.99208317,26.467834
10906,241,17096,2442,6syz_M1E_A_601,2,diffdock,0.25522458,0.60977693,13.46468,0,0,15.255133
10907,241,7547,1078,4bq5_GAL_C_1,1,unimol,0.86649163,0.60919854,20.350842,0,0.6310171,23.02
10908,241,16284,2326,6nni_CP6_B_203,2,diffdock,0.29013756,0.60844701,17.434786,0,1.233014e-41,18.360869
10909,241,3774,539,2bf7_HBI_A_1290,1,unimol,0.62615483,0.60755808,19.123697,0,0,16.77
10910,242,13953,1993,5vyr_B62_A_301,2,diffdock,0.2988383,0.7839908,9.148407,0,1.9358603e-53,19.325756
10911,242,8899,1271,4ixw_IXW_A_302,2,diffdock,0.60717941,0.7504372,10.929057,0,0,21.512991
10912,242,17411,2487,6ur0_ETM_B_401,2,diffdock,0.2573903,0.69352819,9.039505,0,0,17.426804
10913,242,2052,293,1o29_UFP_C_813,1,unimol,0.66363732,0.67348625,15.210552,0,0,18.97
10914,242,2038,291,1o29_UFP_A_803,1,unimol,0.62587879,0.66783237,15.278279,0,0,18.93
10915,242,2024,289,1o28_UFP_B_708,1,unimol,0.62600344,0.66717651,15.346292,0,0,23.64
10916,242,10641,1520,4z6p_DHY_C_403,1,unimol,1.0356781,0.66459774,16.658257,0,0.98302604,17.85
10917,242,2045,292,1o29_UFP_B_808,1,unimol,0.62580553,0.663291,15.210552,0,0,17.28
10918,242,2017,288,1o28_UFP_A_703,1,unimol,0.6258196,0.6611004,15.346292,0,0,20.46
10919,242,16355,2336,6o2z_LJV_B_500,3,diffdock_l,0.31233404,0.66042871,14.727802,0,1.2602085e-22,33.861009
10920,242,16885,2412,6rgg_K3Q_B_402,1,unimol,0.62625614,0.65729251,15.951586,0,0,23.36
10921,242,10481,1497,4xv4_25T_A_302,2,diffdock,0.25955154,0.65577556,10.904283,0,1.5280039e-31,13.318053
10922,242,10011,1430,4tqi_6BD_A_201,1,unimol,0.80370186,0.65469874,16.567928,0,0,24.4
10923,242,16878,2411,6rgg_K3Q_A_403,1,unimol,0.62583778,0.65375631,15.810991,0,0,22.6
10924,242,5092,727,2qca_DGP_A_200,3,diffdock_l,0.27969507,0.6493018,13.622765,0,0.0011816326,23.194133
10925,242,9641,1377,4oxy_1TN_B_302,2,diffdock,0.29844554,0.6476713,15.103836,0,0,50.034133
10926,242,444,63,1e7h_PLM_A_1007,3,diffdock_l,0.25095356,0.64679732,9.0379667,0,7.764251e-32,18.07736
10927,242,5456,779,2vjb_CCD_A_1539,3,diffdock_l,0.27687428,0.64586878,13.55404,0,0,24.8609
10928,242,8676,1239,4i0b_CMP_A_301,3,diffdock_l,0.29088393,0.64581534,14.688504,0,5.1882922e-22,27.663147
10929,242,17592,2513,6xim_XLS_D_397,1,unimol,0.87309911,0.64521091,17.59165,0,0.97127908,20.99
10930,242,13379,1911,5r0j_RBJ_B_401,2,diffdock,0.25732298,0.64426876,11.007894,0,1.3414579e-57,16.128938
10931,242,14197,2028,5xin_XLS_A_397,1,unimol,0.87011484,0.64359089,17.685303,0,0,18.59
10932,242,8683,1240,4i0b_CMP_A_302,3,diffdock_l,0.28073292,0.64358177,14.100273,0,1.4364292e-25,17.632194
10933,242,437,62,1e7h_PLM_A_1001,3,diffdock_l,0.26706423,0.64328388,13.028101,0,0.25032081,11.460589
10934,242,3228,461,1xin_XYL_B_397,1,unimol,0.847143,0.64307495,17.556086,0,0.97847839,21.49
10935,242,12693,1813,5je1_TOF_A_302,2,diffdock,0.25465078,0.64197274,10.698278,0,0,22.326949
10936,242,3235,462,1xin_XYL_D_397,1,unimol,0.83019741,0.64173357,17.55736,0,0.98115463,20.9
10937,242,14204,2029,5xin_XLS_B_397,1,unimol,0.84950874,0.64142328,17.685303,0,0.98270856,24.63
10938,242,12700,1814,5je1_TOF_B_302,2,diffdock,0.25457976,0.64132998,10.686205,0,0,21.836503
10939,242,14218,2031,5xin_XLS_D_397,1,unimol,0.83371107,0.6409339,17.686584,0,0.97466888,23.67
10940,242,5386,769,2uyv_TLA_C_1275,3,diffdock_l,0.30462919,0.64052865,15.82564,0,0,40.566763
10941,242,1809,258,1mex_RAC_H_601,3,diffdock_l,0.30439055,0.64020379,15.839999,0,2.8712833e-08,34.120954
10942,242,15529,2218,6hnz_GH5_A_301,3,diffdock_l,0.29252404,0.64017771,15.114567,0,0.89955221,18.611605
10943,242,14211,2030,5xin_XLS_C_397,1,unimol,0.83013915,0.63989343,17.680189,0,0,21.44
10944,242,11336,1619,5cpn_531_B_401,3,diffdock_l,0.28183114,0.6383271,14.663957,0,8.4850554e-26,27.299701
10945,242,3221,460,1xin_XYL_A_397,1,unimol,0.74725942,0.6380657,17.556086,0,0.9799924,25.61
10946,242,17585,2512,6xim_XLS_C_397,1,unimol,0.74752919,0.63765575,17.59165,0,0.96518031,24.51
10947,242,17446,2492,6v1e_5SW_A_301,2,diffdock,0.49828993,0.63665161,16.55294,0,0.70845086,12.39672
10948,242,17578,2511,6xim_XLS_B_397,1,unimol,0.68949605,0.63663933,17.596745,0,0.96626568,24.77
10949,242,11951,1707,5fwd_GJV_A_1446,2,diffdock,0.26836578,0.6364576,13.531222,0,0,26.778012
10950,242,2921,417,1uux_PPI_A_1165,2,diffdock,0.257667,0.63166624,11.644633,0,2.5483994e-26,7.1761846
10951,242,12162,1737,5h8q_5YE_B_302,3,diffdock_l,0.2815529,0.63135554,15.004113,0,9.1220564e-08,36.691152
10952,242,12371,1767,5i8z_JA1_A_302,2,diffdock,0.263612,0.62515285,13.362376,0,0.97163609,22.584157
10953,242,8046,1149,4dab_HPA_A_301,3,diffdock_l,0.25764765,0.62468171,11.978095,0,0.99833257,11.944434
10954,242,12532,1790,5ip6_6C9_A_301,2,diffdock,0.60798324,0.62298775,17.72377,0,0.91876976,15.78375
10955,242,7365,1052,4ajj_88S_B_1332,1,unimol,0.8318098,0.62288814,18.984552,0,0.98505575,23.8
10956,242,3271,467,1y2x_NAG_C_2144,2,diffdock,0.25881807,0.62271083,12.322676,0,0,20.446547
10957,242,8690,1241,4i0b_CMP_B_301,3,diffdock_l,0.27571461,0.62188346,14.868971,0,0,18.099527
10958,242,7379,1054,4ajj_88S_D_1332,1,unimol,0.82615092,0.62151311,18.984552,0,0.97852735,21.27
10959,242,8150,1164,4dtb_GMP_B_401,2,diffdock,0.28714079,0.62090152,16.11945,0,0.97841914,25.08092
10960,243,1073,153,1hdi_3PG_A_419,2,diffdock,0.63316225,0.68816836,14.433071,0,0.99430788,20.112373
10961,243,3628,518,2a9z_26A_A_1001,2,diffdock,0.61335867,0.67626665,14.493858,0,0.98438015,27.332243
10962,243,11867,1695,5fiu_Y3J_C_1299,2,diffdock,0.30726569,0.66999733,14.289071,0,0,38.875098
10963,243,17026,2432,6si4_LEK_A_402,2,diffdock,0.26400501,0.66806223,11.136709,0,2.99045e-42,18.203887
10964,243,3635,519,2a9z_26A_A_1002,2,diffdock,0.29959043,0.66774295,14.163144,0,2.4855434e-23,25.944194
10965,243,6400,914,3se2_3AB_D_3,2,diffdock,0.26318104,0.66519315,11.203419,0,9.2137255e-44,22.425374
10966,243,7185,1026,3zr0_8OG_B_1157,3,diffdock_l,0.30661729,0.65796556,14.918209,0,0,26.776561
10967,243,9200,1314,4lol_1YE_A_401,2,diffdock,0.29727225,0.65733033,14.531465,0,2.1108145e-09,25.765424
10968,243,14365,2052,5yb7_ORN_A_602,1,unimol,0.83283288,0.64403927,17.465036,0,0,23
10969,243,14393,2056,5yb7_ORN_C_602,1,unimol,0.8329219,0.64250241,17.585485,0,0,25.22
10970,243,3069,438,1w3t_3GR_D_1297,3,diffdock_l,0.287427,0.64130826,15.040422,0,1.0583163e-49,25.434194
10971,243,9262,1323,4m2c_DAR_D_402,1,unimol,0.8598155,0.640608,17.846823,0,0,25.73
10972,243,8185,1169,4dwv_PFB_B_378,2,diffdock,0.30588827,0.63982378,16.003254,0,0.7820781,28.070949
10973,243,8178,1168,4dwv_PFB_A_378,2,diffdock,0.30519438,0.63932986,16.003254,0,2.5997199e-48,31.030081
10974,243,17250,2464,6tfb_N6W_B_202,2,diffdock,0.26264808,0.63804224,12.447286,0,0,13.769579
10975,243,14407,2058,5yb7_ORN_D_602,1,unimol,0.83774208,0.63777253,17.982382,0,0,23.6
10976,243,3011,430,1vzd_CB3_A_318,1,unimol,0.62463509,0.63460969,17.329319,0,0,29.27
10977,243,12007,1715,5g44_I6G_A_1510,2,diffdock,0.29929043,0.63385414,16.166378,0,0.0012201154,15.968098
10978,243,1955,279,1nmz_NYM_A_301,2,diffdock,0.60948535,0.63235917,17.158546,0,0.96821955,20.446514
10979,243,14386,2055,5yb7_ORN_B_603,1,unimol,0.86106227,0.6304945,18.609602,0,1.9944559e-09,22.55
10980,243,14414,2059,5yb7_ORN_D_603,1,unimol,0.83535905,0.62863188,18.609602,0,0.9274764,25.21
10981,243,12148,1735,5h5k_C5P_B_203,3,diffdock_l,0.26007128,0.62822189,12.691494,0,1.9640916e-37,22.703293
10982,243,14372,2053,5yb7_ORN_A_603,1,unimol,0.8315986,0.6280731,18.609602,0,0.91716583,25.72
10983,243,1717,245,1luq_BTN_A_5100,2,diffdock,0.29914192,0.62797442,16.537359,0,4.3694999e-32,18.197769
10984,243,8858,1265,4iph_1FJ_A_201,3,diffdock_l,0.28411721,0.62785592,15.759962,0,0.35059539,10.916281
10985,243,14400,2057,5yb7_ORN_C_603,1,unimol,0.86151124,0.62731389,18.866253,0,0.95913373,21.31
10986,243,2249,321,1pr0_NOS_C_1247,2,diffdock,0.2774893,0.62573456,15.291037,0,0,25.936861
10987,243,1822,260,1mmx_FUC_A_348,2,diffdock,0.2484284,0.62282956,10.596788,0,0,24.32406
10988,243,15515,2216,6hmw_FUL_I_201,3,diffdock_l,0.2768644,0.61823725,15.745607,0,4.4162256e-71,18.455493
10989,243,4950,707,2pd5_ZST_A_600,1,unimol,0.96200789,0.61766878,20.010273,0,0.97849725,19.04
10990,243,14379,2054,5yb7_ORN_B_602,1,unimol,0.60685923,0.61695543,18.262104,0,0,26.98
10991,243,10411,1487,4x36_CHT_A_410,2,diffdock,0.25467467,0.61466316,12.353872,0,0,11.156711
10992,243,17767,2538,7jis_VBS_A_1101,1,unimol,0.83771381,0.61415614,19.797974,0,0.99448006,21.78
10993,243,1522,217,1kdo_C_A_5407,3,diffdock_l,0.27901579,0.61389905,16.238258,0,0,21.249065
10994,243,15528,2218,6hnz_GH5_A_301,2,diffdock,0.61133509,0.61208103,18.694611,0,0,18.421968
10995,243,493,70,1eyw_TEN_A_403,3,diffdock_l,0.28047194,0.61076103,16.601696,0,0,28.001163
10996,243,10418,1488,4x36_CHT_A_411,2,diffdock,0.25233197,0.61031216,12.174838,0,1.1266124e-60,11.03857
10997,243,15374,2196,6g5q_EMZ_B_402,2,diffdock,0.30006242,0.60993794,17.88924,0,0,24.584827
10998,243,11146,1592,5bk9_SIN_A_301,2,diffdock,0.29663317,0.60869051,17.642673,0,0.87751195,22.240821
10999,243,4334,619,2fz8_ZST_A_600,1,unimol,0.63055621,0.60798358,19.766916,0,0.97630949,19.24
11000,243,4033,576,2dv0_ZST_A_600,1,unimol,0.62727869,0.60791963,19.658833,0,0.97126264,23.98
11001,243,6469,924,3t3q_9PL_D_501,1,unimol,0.60718947,0.60772401,18.987749,0,0,24.21
11002,243,6455,922,3t3q_9PL_B_501,1,unimol,0.60623363,0.60713897,19.019798,0,0,23.38
11003,243,16423,2346,6ofr_BOG_A_807,1,unimol,0.75160329,0.60640922,20.128134,0,0,25.35
11004,243,4510,644,2ht8_G39_A_800,2,diffdock,0.62317132,0.6056908,19.293219,0,0,29.670563
11005,243,6646,949,3vbn_TYD_A_301,3,diffdock_l,0.28861456,0.60533754,17.474781,0,0.9843795,36.313972
11006,243,15046,2149,6e43_BEZ_C_502,3,diffdock_l,0.28276541,0.6052089,17.294399,0,2.1282594e-81,29.781305
11007,243,16409,2344,6ofr_BOG_A_805,1,unimol,0.6246351,0.60484262,19.77857,0,0.15842019,22.72
11008,243,15632,2233,6jc7_F0G_A_601,1,unimol,0.83699736,0.60455931,20.597422,0,0.97398105,30.46
11009,243,15039,2148,6e43_BEZ_B_502,3,diffdock_l,0.28207154,0.60444221,17.294399,0,5.5696087e-98,29.42326
11010,244,8045,1149,4dab_HPA_A_301,2,diffdock,0.6297727,0.86568528,8.0871429,0,0.891297,14.031354
11011,244,10769,1538,4zqp_IMP_A_601,3,diffdock_l,0.31142498,0.6916145,13.540004,0,0,28.882133
11012,244,7051,1007,3wug_XYP_B_1,2,diffdock,0.2636793,0.68712205,10.915916,0,9.7301613e-12,15.897795
11013,244,13351,1907,5oip_9WE_A_302,2,diffdock,0.29589358,0.66667458,14.379817,0,0,20.259224
11014,244,15697,2242,6jme_BVU_A_409,3,diffdock_l,0.27717933,0.66650687,13.524083,0,0.87823975,27.261902
11015,244,246,35,1cib_IMP_A_440,1,unimol,0.62378712,0.66217994,15.692055,0,0,15.34
11016,244,7780,1111,4cle_JR2_A_1270,3,diffdock_l,0.28397237,0.66086691,14.178568,0,2.7980105e-33,37.583742
11017,244,7794,1113,4cle_JR2_C_1270,3,diffdock_l,0.28390075,0.66055231,14.178568,0,3.247828e-32,16.122976
11018,244,7801,1114,4cle_JR2_D_1270,3,diffdock_l,0.28387276,0.66044744,14.178568,0,1.0113227e-43,30.027289
11019,244,7325,1046,4a9j_TYL_C_1184,3,diffdock_l,0.26188193,0.66010925,11.782153,0,0.98608156,14.703694
11020,244,708,101,1gim_IMP_A_440,1,unimol,0.62378406,0.65747756,15.969661,0,0,18.85
11021,244,17047,2435,6sj8_44V_B_901,2,diffdock,0.2867592,0.64017095,15.478697,0,0.039928311,25.805176
11022,244,1675,239,1lqp_FCN_A_4002,2,diffdock,0.26314113,0.63931647,13.00625,0,0,12.035991
11023,244,687,98,1gck_PLP_B_913,1,unimol,0.62381822,0.63813901,17.498163,0,0,19.65
11024,244,3796,542,2bgc_DTU_A_1238,2,diffdock,0.26941838,0.63760188,13.879371,0,0,30.149476
11025,244,16928,2418,6rlt_MLI_B_511,2,diffdock,0.28810314,0.63524216,15.832789,0,8.3133825e-19,23.405712
11026,244,16921,2417,6rlt_MLI_A_508,2,diffdock,0.28555596,0.63437894,15.761086,0,4.881725e-49,24.748903
11027,244,3685,526,2ai1_P1G_A_293,3,diffdock_l,0.30871608,0.63153163,16.936316,0,0.96974697,23.129404
11028,244,16591,2370,6po9_OS7_B_804,1,unimol,0.65323878,0.63106909,18.297291,0,0.97045118,29.05
11029,244,16584,2369,6po9_OS7_A_803,1,unimol,0.63926971,0.63079943,18.303135,0,0.97019309,24.99
11030,244,16528,2361,6pmv_M16_A_803,1,unimol,0.62381755,0.62983927,17.850752,0,0.965763,18.94
11031,244,680,97,1gck_PLP_A_413,1,unimol,0.62381822,0.62900013,18.150995,0,0,23.69
11032,244,15683,2240,6jmd_BVO_A_408,3,diffdock_l,0.27730115,0.62781504,15.788258,0,0.79448743,28.147725
11033,244,17173,2453,6t0a_M58_B_601,2,diffdock,0.25638401,0.62780832,12.487673,0,0,15.261091
11034,244,14311,2044,5y7a_KYN_A_502,3,diffdock_l,0.29692639,0.62763512,16.776951,0,0,18.26503
11035,244,5980,854,2z48_NGA_B_2003,2,diffdock,0.28798347,0.62256743,16.648849,0,0,32.736783
11036,244,9024,1289,4k5g_Q13_B_803,1,unimol,0.63752347,0.62191695,18.953306,0,0.98911506,21.72
11037,244,6546,935,3tyn_CXW_B_800,1,unimol,0.62381822,0.62135095,18.657625,0,0.98077541,20.56
11038,245,3711,530,2b04_CHO_A_200,1,unimol,0.62379384,0.71822739,12.822744,0,0,24.27
11039,245,14310,2044,5y7a_KYN_A_502,2,diffdock,0.28722918,0.69655356,12.344903,0,8.4070391e-41,24.369952
11040,245,10132,1447,4udc_DEX_A_1778,3,diffdock_l,0.28358177,0.69645404,12.257425,0,0.98420949,40.713049
11041,245,16087,2298,6n0z_DP6_B_401,1,unimol,1.0199709,0.68922541,15.252688,0,0.87887475,27.92
11042,245,16094,2299,6n0z_DP6_C_401,1,unimol,0.87513765,0.68263427,15.338402,0,0.80766327,22.64
11043,245,16080,2297,6n0z_DP6_A_401,1,unimol,0.82322259,0.68075801,15.252688,0,0.92336664,27.33
11044,245,10067,1438,4u8p_UDP_A_603,1,unimol,0.78984283,0.67479028,15.529651,0,0,22.69
11045,245,16101,2300,6n0z_DP6_F_401,1,unimol,0.74876428,0.67407939,15.493822,0,0.95159846,26.11
11046,245,9571,1367,4nv0_MG7_A_403,2,diffdock,0.29614876,0.66756878,14.174254,0,0,31.885797
11047,245,14178,2025,5xdt_MB3_A_404,3,diffdock_l,0.23639968,0.66637588,6.1666737,0,9.3406124e-05,12.154315
11048,245,4453,636,2gyw_OBI_B_953,1,unimol,0.93151128,0.66601477,16.439953,0,0.9726299,18.11
11049,245,7324,1046,4a9j_TYL_C_1184,2,diffdock,0.62756792,0.65567476,16.461355,0,0.99115472,17.905196
11050,245,10131,1447,4udc_DEX_A_1778,2,diffdock,0.26261841,0.65455377,12.281659,0,0.99574939,25.415279
11051,245,771,110,1gz5_G6P_D_901,1,unimol,0.76241073,0.65444527,16.752758,0,0.97549452,23.21
11052,245,2096,299,1o8a_NXA_A_702,3,diffdock_l,0.31256295,0.65346592,15.700179,0,0.97844409,24.200608
11053,245,757,108,1gz5_G6P_A_901,1,unimol,0.71562762,0.65326503,16.752758,0,0.97877921,19.39
11054,245,764,109,1gz5_G6P_C_901,1,unimol,0.6237953,0.64661856,16.907072,0,0.95979779,22.32
11055,245,17083,2440,6sxr_KHP_A_507,3,diffdock_l,0.28086665,0.63975668,14.966105,0,0.00021968968,33.621389
11056,245,12428,1775,5ice_2H4_A_402,3,diffdock_l,0.24843483,0.63730389,10.365425,0,0.0091800602,23.670392
11057,245,11426,1632,5di7_5CQ_B_601,2,diffdock,0.29324267,0.6332783,16.036829,0,8.2483847e-38,27.816442
11058,245,2404,343,1r4s_MUA_A_800,3,diffdock_l,0.25482591,0.632819,11.935107,0,0,28.001163
11059,245,3781,540,2bf7_HBI_B_1290,1,unimol,0.62379371,0.63119847,17.783035,0,0,21.41
11060,245,3788,541,2bf7_HBI_D_1290,1,unimol,0.62357347,0.62912826,17.821606,0,0,22.9
11061,245,6401,914,3se2_3AB_D_3,3,diffdock_l,0.31838799,0.62652094,17.61377,0,8.9583922e-44,19.964119
11062,245,17082,2440,6sxr_KHP_A_507,2,diffdock,0.25995399,0.62494189,13.328865,0,0,24.667264
11063,245,3677,525,2ahc_VNL_D_466,2,diffdock,0.25392276,0.62451269,12.178309,0,0,21.849447
11064,245,11419,1631,5di7_5CQ_A_601,2,diffdock,0.2804261,0.62393379,15.934163,0,0,27.56531
11065,245,2368,338,1q92_DRM_A_1001,2,diffdock,0.29305946,0.62185833,16.788919,0,0,15.926987
11066,245,16970,2424,6s37_SAL_A_601,2,diffdock,0.25389169,0.62055208,12.359429,0,0,19.54361
11067,245,15983,2283,6m5m_NAG_B_202,2,diffdock,0.2532953,0.61825237,12.254429,0,0,15.356966
11068,245,12743,1820,5jg5_EVF_B_301,3,diffdock_l,0.28359959,0.61818976,16.682003,0,0.99811944,46.0358
11069,245,9325,1332,4mju_27S_A_501,1,unimol,0.78933469,0.6166278,19.554852,0,0,25.55
11070,245,3663,523,2ahc_VNL_B_266,2,diffdock,0.25259956,0.61652544,12.171268,0,0,21.539615
11071,245,3670,524,2ahc_VNL_C_366,2,diffdock,0.25241571,0.61535834,12.197109,0,0,20.165457
11072,245,5673,810,2x0u_X0U_B_1291,3,diffdock_l,0.25409775,0.61446985,12.769505,0,6.8025302e-43,13.47896
11073,245,7206,1029,3zwt_KFZ_A_1401,3,diffdock_l,0.26933127,0.61324654,15.645259,0,0.10022034,54.776381
11074,245,4049,578,2e40_LGC_A_1001,3,diffdock_l,0.2689689,0.61304472,15.559348,0,0,43.360883
11075,245,13574,1939,5tm5_7EV_B_601,1,unimol,0.62379384,0.61297412,19.317286,0,0.93737523,18.21
11076,245,7134,1019,3wzo_ZOE_B_201,1,unimol,0.61947131,0.61163775,19.065353,0,0.96949058,24.6
11077,245,12540,1791,5irw_D9P_A_202,3,diffdock_l,0.32396974,0.61111155,18.802382,0,3.9015648e-27,24.59029
11078,245,7127,1018,3wzo_ZOE_A_201,1,unimol,0.61329013,0.61070266,19.065353,0,0.97706116,23.31
11079,245,13217,1888,5o3b_9HZ_C_501,1,unimol,0.62379384,0.61010497,19.550682,0,0,19.67
11080,245,1521,217,1kdo_C_A_5407,2,diffdock,0.29518868,0.60971769,17.808538,0,0,18.864377
11081,245,2873,410,1u2o_NEC_A_1001,3,diffdock_l,0.27701449,0.60939108,16.704893,0,0.98867822,28.369741
11082,245,4273,610,2fr6_CTN_C_1003,3,diffdock_l,0.31335856,0.60870175,18.918776,0,0.90408614,29.210548
11083,245,8689,1241,4i0b_CMP_B_301,2,diffdock,0.29274384,0.60695315,17.828644,0,7.0736986e-22,27.977468
11084,245,1417,202,1jw0_GUA_B_999,3,diffdock_l,0.25045484,0.60627848,12.235999,0,0,35.754425
11085,245,11294,1613,5cga_KP6_H_301,3,diffdock_l,0.28363166,0.60618033,17.555719,0,8.6056123e-90,34.646933
11086,245,11259,1608,5cga_KP6_A_301,3,diffdock_l,0.28360091,0.60608376,17.555719,0,5.8727569e-64,25.545876
11087,245,8408,1201,4g1q_T27_A_601,1,unimol,0.6237938,0.60588781,19.777481,0,0,18.99
11088,246,16159,2308,6nbw_LAB_A_403,3,diffdock_l,0.25472706,0.68039865,9.9082556,0,0,28.001163
11089,246,13505,1929,5tde_FLC_A_501,2,diffdock,0.59375809,0.67069857,15.072398,0,0,33.055721
11090,246,7220,1031,3zyx_MBT_A_601,3,diffdock_l,0.27523438,0.66517271,13.291795,0,4.5738837e-62,35.697291
11091,246,5771,824,2xul_AKG_B_201,3,diffdock_l,0.27563579,0.6610391,13.525541,0,2.0169665e-91,18.910728
11092,246,2166,309,1p7l_PPK_C_684,3,diffdock_l,0.27478799,0.65746403,13.624312,0,0,42.11294
11093,246,11545,1649,5dz2_212_B_404,2,diffdock,0.29604465,0.64817914,15.288194,0,0,18.470003
11094,246,14773,2110,6acn_TRC_A_899,3,diffdock_l,0.26209559,0.64327467,12.817047,0,0,28.001163
11095,246,14799,2114,6av2_BY7_A_803,1,unimol,0.65606457,0.6420651,17.593517,0,0.9794432,30.62
11096,246,9935,1419,4rkz_3S4_A_402,2,diffdock,0.28246045,0.6400801,15.041409,0,0.19134863,24.182998
11097,246,16192,2313,6nga_KL7_B_804,1,unimol,0.62319331,0.63697645,17.471628,0,0.97054311,26.22
11098,246,7079,1011,3wur_O4B_B_202,2,diffdock,0.2655102,0.63645681,13.908009,0,0,16.980973
11099,246,2095,299,1o8a_NXA_A_702,2,diffdock,0.64397746,0.63644809,17.972776,0,0.97782522,24.589402
11100,246,8529,1218,4h9x_HL4_A_404,3,diffdock_l,0.25476361,0.6360302,11.864223,0,0,28.001163
11101,246,6441,920,3sru_Q26_X_169,1,unimol,0.6227827,0.63400627,17.612642,0,0.95059734,20.46
11102,246,13798,1971,5unx_8F1_A_803,1,unimol,0.823979,0.63297526,18.496395,0,0.96582153,23.75
11103,246,5414,773,2v32_BEZ_C_1222,3,diffdock_l,0.29187315,0.63221243,16.120653,0,3.9291613e-72,19.595963
11104,246,13903,1986,5vut_9OG_A_803,1,unimol,0.80201558,0.63076402,18.598021,0,0.93234506,20.86
11105,246,15949,2278,6lql_F0C_A_702,3,diffdock_l,0.27434628,0.63043065,15.093726,0,2.2799714e-14,23.835877
11106,246,13805,1972,5unx_8F1_B_803,1,unimol,0.82609823,0.62928882,18.796736,0,0.97370697,22.63
11107,246,9901,1414,4rg3_ECE_A_603,3,diffdock_l,0.2746591,0.62747844,15.335037,0,0.64212673,36.575469
11108,246,6821,974,3w4i_8LG_C_402,3,diffdock_l,0.27579619,0.62662171,15.538315,0,0,28.342396
11109,246,6828,975,3w4i_8LG_D_402,3,diffdock_l,0.27536152,0.62621288,15.538315,0,1.0439858e-43,27.648461
11110,246,14906,2129,6c1x_DNX_A_203,3,diffdock_l,0.25248749,0.62447817,11.880384,0,0,9.6905868
11111,246,5407,772,2v32_BEZ_A_1222,3,diffdock_l,0.29036997,0.62434214,16.551794,0,1.1899772e-44,22.545517
11112,246,808,115,1h18_DTL_B_9009,3,diffdock_l,0.28058737,0.62224443,16.080088,0,2.9884053e-275,27.7793
11113,246,13910,1987,5vut_9OG_B_803,1,unimol,0.62319397,0.62090626,18.777205,0,0.97247357,27.14
11114,246,794,113,1h18_DTL_A_9009,3,diffdock_l,0.27705188,0.62070639,15.988084,0,8.3748235e-34,30.984742
11115,246,801,114,1h18_DTL_A_9010,3,diffdock_l,0.27567587,0.6202107,15.947358,0,0,32.410963
11116,246,815,116,1h18_DTL_B_9010,3,diffdock_l,0.27476933,0.61870025,15.926812,0,2.0675427e-18,40.691245
11117,246,6420,917,3sjh_LAR_A_503,1,unimol,0.62809532,0.6162063,19.447115,0,0,20.71
11118,246,15723,2246,6jyg_FLC_A_401,1,unimol,0.87879244,0.6154875,20.118279,0,0.9169113,20.9
11119,246,15730,2247,6jyg_FLC_B_401,1,unimol,0.87641684,0.6153951,20.118279,0,0.94246707,22.67
11120,246,1360,194,1jho_NIO_A_991,2,diffdock,0.27273585,0.61313985,16.061625,0,2.7891655e-10,17.141795
11121,246,5659,808,2x05_X05_A_1900,3,diffdock_l,0.3003311,0.6122503,17.911821,0,0,37.138717
11122,246,731,104,1gkc_NFH_B_1449,3,diffdock_l,0.28493066,0.61210051,16.96084,0,4.0835519e-49,19.173782
11123,246,15744,2249,6jyg_FLC_D_401,1,unimol,0.80196795,0.61120235,20.152384,0,0.76988306,23.13
11124,246,1242,177,1ixo_G3P_A_1001,3,diffdock_l,0.26602922,0.6101703,15.544759,0,1.3939365e-57,6.6056445
11125,246,9017,1288,4k5g_Q13_A_803,1,unimol,0.62429745,0.6094827,19.869139,0,0,24.11
11126,246,4608,658,2ipf_FFA_B_4,2,diffdock,0.29168362,0.60942868,17.695707,0,0,27.936561
11127,246,15774,2253,6jz4_EVA_B_701,3,diffdock_l,0.24994879,0.60917202,12.266623,0,0,33.505583
11128,246,15767,2252,6jz4_EVA_A_701,3,diffdock_l,0.24962529,0.60771627,12.266623,0,0,32.747329
11129,246,7227,1032,3zyx_MBT_B_601,3,diffdock_l,0.2542047,0.60598872,13.298367,0,0,32.551116
11130,246,15758,2251,6jyg_FLC_E_402,1,unimol,0.62329487,0.60588787,20.141005,0,0.0094643747,22.82
11131,246,11644,1663,5eo7_SFU_B_402,3,diffdock_l,0.30810706,0.60524751,18.829699,0,2.8103466e-75,15.913613
11132,246,5421,774,2v32_BEZ_D_1221,3,diffdock_l,0.27195293,0.60399942,16.551794,0,1.8127587e-46,23.658063
11133,246,12903,1843,5kxb_NGA_A_307,2,diffdock,0.2723216,0.60294032,16.703905,0,0,24.191173
11134,246,11938,1705,5fuv_THM_A_1388,3,diffdock_l,0.26054878,0.60282278,14.770048,0,0,18.934019
11135,246,14171,2024,5x86_TMP_B_207,3,diffdock_l,0.32326199,0.6026747,19.559597,0,0,41.836354
11136,246,12337,1762,5i5s_NVU_A_402,3,diffdock_l,0.31480404,0.60191691,19.297293,0,1.7943861e-39,29.530827
11137,246,11930,1704,5fqf_NGA_A_1588,2,diffdock,0.30152283,0.60145467,18.799322,0,1.6959734e-28,39.191209
11138,247,4222,603,2fhk_MFN_B_602,1,unimol,0.58377482,0.75324948,11.214404,0,0,31.22
11139,247,14905,2129,6c1x_DNX_A_203,2,diffdock,0.25185349,0.67220735,11.162765,0,0,12.461387
11140,247,9900,1414,4rg3_ECE_A_603,2,diffdock,0.46560579,0.66370092,15.542605,0,0.00046071009,22.936358
11141,247,9747,1392,4pxd_1AL_A_502,3,diffdock_l,0.25842367,0.6550828,12.652974,0,1.34796e-55,26.298039
11142,247,9711,1387,4pik_MAN_B_503,2,diffdock,0.25987122,0.65406953,12.902638,0,0,16.490485
11143,247,5672,810,2x0u_X0U_B_1291,2,diffdock,0.25317993,0.65209303,12.214656,0,0.89981486,15.140232
11144,247,8023,1146,4d96_5PA_A_501,1,unimol,0.62352257,0.65046842,16.668995,0,0,21.84
11145,247,8030,1147,4d96_5PA_C_402,1,unimol,0.589077,0.64853088,16.571951,0,0.98107244,21.48
11146,247,8037,1148,4d96_5PA_D_501,1,unimol,0.60113544,0.64775814,16.668995,0,0,21.63
11147,247,9697,1385,4pik_MAN_A_501,2,diffdock,0.2557174,0.64749297,12.743971,0,1.8295957e-78,16.083922
11148,247,16522,2360,6pk1_PLP_B_501,2,diffdock,0.62560766,0.64371907,17.460934,0,0,30.409923
11149,247,8732,1247,4i6s_FUC_A_102,3,diffdock_l,0.25654382,0.63806749,13.328485,0,1.116835e-43,11.624082
11150,247,16696,2385,6qde_HWW_A_503,1,unimol,0.62419423,0.63713493,17.786444,0,0.87217611,23.3
11151,247,8731,1247,4i6s_FUC_A_102,2,diffdock,0.24155371,0.63662484,10.692933,0,0,14.419714
11152,247,11999,1714,5g21_YN4_A_1002,1,unimol,0.93719703,0.63654217,18.639051,0,0.91294372,27.04
11153,247,14654,2093,5zpt_HY1_B_703,3,diffdock_l,0.28283405,0.63153578,15.942232,0,0,28.001163
11154,247,2774,396,1toq_AMG_E_503,2,diffdock,0.26277019,0.62937142,14.760493,0,1.9050755e-84,20.740051
11155,247,2767,395,1toq_AMG_C_502,2,diffdock,0.2624957,0.62821371,14.760493,0,3.7814996e-58,17.072164
11156,247,4797,685,2ntk_IMP_B_206,2,diffdock,0.29165557,0.62653362,16.843681,0,0.97293348,47.427086
11157,247,12323,1760,5i0m_UMP_A_201,3,diffdock_l,0.28976002,0.62637745,16.744385,0,0,26.542454
11158,247,13310,1901,5ocm_9RH_E_302,3,diffdock_l,0.26800497,0.62427439,15.676287,0,1.5027068e-75,24.424146
11159,247,4119,588,2ef9_PEP_B_2268,3,diffdock_l,0.24506061,0.62330154,12.060155,0,2.1251499e-27,22.882425
11160,247,16451,2350,6ooi_PGA_E_301,1,unimol,0.96367778,0.62199443,19.921167,0,0.91870723,25.78
11161,247,16437,2348,6ooi_PGA_B_301,1,unimol,0.96436962,0.62145704,19.973017,0,0.97005871,19.76
11162,247,5840,834,2y00_Y00_A_601,2,diffdock,0.29276682,0.61849341,17.502966,0,2.1494995e-48,31.805521
11163,247,16754,2393,6qor_JBK_A_301,3,diffdock_l,0.23746943,0.6171041,10.074603,0,1.2834977e-28,24.065147
11164,247,14674,2096,6a1l_BEZ_A_404,2,diffdock,0.27772293,0.61474954,16.906031,0,0,17.403099
11165,247,8157,1165,4du7_DP6_B_401,2,diffdock,0.3044715,0.61340192,18.443867,0,2.4958366e-51,30.068543
11166,247,7576,1082,4buf_F36_B_2162,2,diffdock,0.61671118,0.61109045,19.451366,0,4.1331829e-45,27.081277
11167,247,16465,2352,6ooi_PGA_G_301,1,unimol,0.62657088,0.61107448,19.973017,0,0.96724684,24.33
11168,247,9746,1392,4pxd_1AL_A_502,2,diffdock,0.24267321,0.6107029,12.224161,0,0,28.81508
11169,247,7569,1081,4buf_F36_A_2162,2,diffdock,0.61398219,0.6106179,19.451366,0,5.3711906e-45,25.060382
11170,247,11959,1708,5fwe_OGA_A_1358,3,diffdock_l,0.26879351,0.60846866,16.820272,0,0,28.001163
11171,247,4979,711,2pir_NK_A_933,2,diffdock,0.2216754,0.60364899,7.4877863,0,1.7844002e-27,13.518711
11172,247,13603,1943,5u5g_7VD_A_302,2,diffdock,0.27236764,0.60340162,17.344187,0,0,20.034579
11173,247,8332,1190,4evq_PHB_A_406,2,diffdock,0.2954028,0.60305693,18.802599,0,0.99813789,24.472654
11174,247,15542,2220,6ho7_GHQ_A_301,2,diffdock,0.26247897,0.602773,16.393839,0,0.99683635,14.485449
11175,247,8339,1191,4evq_PHB_B_402,2,diffdock,0.29508918,0.60267385,18.802599,0,0,26.224993
11176,247,13317,1902,5ocm_9RH_F_302,3,diffdock_l,0.2576789,0.60083326,15.676287,0,2.8910695e-59,38.628353
11177,247,7883,1126,4cmk_FQW_D_1270,1,unimol,0.8758924,0.5985065,21.708424,0,0.94127894,21.41
11178,247,16774,2396,6qqs_JCZ_A_301,2,diffdock,0.27255349,0.59781272,17.784796,0,6.5783146e-25,26.702327
11179,247,598,85,1fwn_PEP_A_1268,3,diffdock_l,0.24410094,0.59767911,13.302516,0,0.99447878,22.341509
11180,247,7344,1049,4ajj_88R_B_1333,1,unimol,1.0390068,0.59760158,22.235918,0,0.97761899,24.7
11181,247,8997,1285,4jzx_476_A_402,2,diffdock,0.29203307,0.59663193,19.121677,0,0,30.149476
11182,247,7351,1050,4ajj_88R_C_1335,1,unimol,0.97239061,0.59661485,22.235918,0,0.98221044,20.84
11183,247,4272,610,2fr6_CTN_C_1003,2,diffdock,0.56881262,0.59646405,20.475927,0,0.93102981,29.12767
11184,247,2900,414,1ubs_SER_B_398,2,diffdock,0.2962134,0.59625866,19.419308,0,0,36.939141
11185,247,14184,2026,5xdt_ZI7_A_403,2,diffdock,0.25073483,0.59489437,15.055378,0,0,25.69535
11186,247,5931,847,2z48_A2G_A_1005,2,diffdock,0.25854306,0.59425519,16.29612,0,6.6835421e-57,29.037299
11187,247,16115,2302,6n9r_OHN_P_308,1,unimol,0.58450212,0.59406884,20.721128,0,0,25.66
11188,248,5848,835,2y2f_YI1_A_1469,3,diffdock_l,0.27275085,0.71163097,11.893479,0,0,21.10019
11189,248,11244,1606,5cak_4Z9_A_802,2,diffdock,0.29845732,0.70703155,13.05379,0,0.92669893,34.056342
11190,248,10978,1568,5abz_Z47_A_201,2,diffdock,0.29058668,0.68939891,13.596724,0,0,19.068003
11191,248,513,73,1fhv_OSB_A_789,2,diffdock,0.2460854,0.67615531,10.65598,0,0,20.081173
11192,248,10214,1459,4ur9_OAN_A_1718,1,unimol,0.64226321,0.6727765,16.002962,0,0,23.76
11193,248,8445,1206,4gh8_MTX_B_201,3,diffdock_l,0.30696909,0.65252889,16.273281,0,2.4375554e-60,22.190831
11194,248,9915,1416,4rii_TYD_B_401,3,diffdock_l,0.30546805,0.65056424,16.325123,0,4.6392236e-39,41.943656
11195,248,178,25,1bo8_U_A_318,3,diffdock_l,0.30583212,0.647332,16.554071,0,0.95927467,21.824686
11196,248,13021,1860,5lwy_OLB_A_409,1,unimol,0.62370259,0.64660465,17.42753,0,0.90933075,30.43
11197,248,12986,1855,5lwy_OLB_A_402,1,unimol,0.75855029,0.63876026,18.328192,0,0,38.16
11198,248,12364,1766,5i7r_68W_A_402,2,diffdock,0.62853882,0.63697316,18.266935,0,0,37.424975
11199,248,12372,1767,5i8z_JA1_A_302,3,diffdock_l,0.77264635,0.63441735,18.662928,0,0.16883444,19.762582
11200,248,12993,1856,5lwy_OLB_A_403,1,unimol,0.62370259,0.63236954,18.450075,0,0,30.35
11201,248,9452,1350,4n9v_AZA_A_401,2,diffdock,0.23898837,0.63182334,11.186221,0,0.99834266,11.5926
11202,248,177,25,1bo8_U_A_318,2,diffdock,0.26867153,0.63036457,15.64001,0,0.98771717,25.032424
11203,248,7591,1084,4bux_F35_A_2166,3,diffdock_l,0.29261346,0.62885758,17.194918,0,0.83018678,37.216383
11204,248,38,5,1ac4_TMT_A_296,3,diffdock_l,0.24301771,0.62786731,12.250846,0,3.6553202e-31,11.189392
11205,248,829,118,1h1i_QUE_A_1358,3,diffdock_l,0.28341708,0.62570553,17.033325,0,0,25.050941
11206,248,597,85,1fwn_PEP_A_1268,2,diffdock,0.6302127,0.62533633,19.145731,0,2.2001118e-27,23.259036
11207,248,5286,755,2r5e_QLP_A_430,1,unimol,0.62370255,0.62513093,18.854767,0,0.98567842,23.54
11208,248,12442,1777,5igs_GMP_A_403,3,diffdock_l,0.30765318,0.62336609,18.264975,0,0.99157492,20.13266
11209,248,2341,334,1q3a_NGH_B_479,3,diffdock_l,0.27682405,0.6197968,16.975355,0,0,39.360523
11210,248,7248,1035,4a01_2PN_B_1773,3,diffdock_l,0.25119937,0.61966679,14.390569,0,0,38.873194
11211,248,6015,859,2zce_PYL_A_601,2,diffdock,0.268911,0.61912279,16.374603,0,7.1844956e-06,18.345021
11212,248,2908,415,1um4_SH4_H_1001,3,diffdock_l,0.27288712,0.61908876,16.838242,0,0.64158438,21.641483
11213,248,13828,1975,5uo5_M4R_B_803,3,diffdock_l,0.30439928,0.61908512,18.392107,0,0,47.965119
11214,248,13014,1859,5lwy_OLB_A_407,1,unimol,0.62370255,0.61871234,19.352579,0,0,37.46
11215,248,8200,1171,4e7v_CRS_C_101,3,diffdock_l,0.25660367,0.61847738,15.171124,0,1.9801488e-33,20.710436
11216,249,8514,1216,4h0x_LAR_B_403,2,diffdock,0.25143681,0.80324432,6.6688128,0,2.9111383e-32,44.173707
11217,249,12322,1760,5i0m_UMP_A_201,2,diffdock,0.28586751,0.73791993,11.047943,0,0.97116759,27.701344
11218,249,12441,1777,5igs_GMP_A_403,2,diffdock,0.62514617,0.70610223,13.918028,0,0.98021437,19.889082
11219,249,6429,918,3sli_SKD_A_760,3,diffdock_l,0.24690491,0.70021075,9.0597973,0,0.99665814,32.632609
11220,249,15254,2179,6flu_DTK_A_404,1,unimol,0.75170809,0.69501717,14.661746,0,0.95702323,24.21
11221,249,15240,2177,6flu_DTK_A_401,1,unimol,0.86057236,0.69335361,14.97623,0,0,23.27
11222,249,15282,2183,6flu_DTK_B_402,1,unimol,0.70120053,0.69320882,14.713728,0,0.95812533,23.49
11223,249,14814,2116,6ayv_F6P_B_401,2,diffdock,0.29090993,0.69313437,13.155565,0,0,30.251277
11224,249,5406,772,2v32_BEZ_A_1222,2,diffdock,0.29237784,0.69269439,13.24917,0,0.99372325,24.814276
11225,249,5413,773,2v32_BEZ_C_1222,2,diffdock,0.29364952,0.69165509,13.339893,0,0.9868706,23.781154
11226,249,15275,2182,6flu_DTK_B_401,1,unimol,0.66364764,0.68474844,15.162595,0,0.95374834,26.56
11227,249,37,5,1ac4_TMT_A_296,2,diffdock,0.24955102,0.68214779,10.337997,0,0,13.248134
11228,249,14031,2004,5w8q_BU4_B_400,3,diffdock_l,0.24584942,0.68048259,9.4997234,0,1.8626866e-45,19.369174
11229,249,12650,1807,5j61_A3G_B_501,1,unimol,0.9937451,0.67902618,16.096502,0,0.96542331,22.87
11230,249,8059,1151,4dch_GLC_A_501,2,diffdock,0.61015637,0.6784072,15.035264,0,0.98919867,22.402202
11231,249,12671,1810,5j61_A3G_G_501,1,unimol,0.8720213,0.67663651,15.984143,0,0.97690648,21.9
11232,249,5420,774,2v32_BEZ_D_1221,2,diffdock,0.27507607,0.67610625,13.24917,0,2.3448167e-44,24.830787
11233,249,12742,1820,5jg5_EVF_B_301,2,diffdock,0.62932547,0.67548471,15.665904,0,0.99777049,17.013965
11234,249,12678,1811,5j61_A3G_H_501,1,unimol,0.85049383,0.67487659,15.984143,0,0.97603713,19.99
11235,249,9956,1422,4rp9_ASC_A_501,2,diffdock,0.2437929,0.66187919,9.7698126,0,0,25.66414
11236,249,5070,724,2qb3_PMP_A_700,2,diffdock,0.24458645,0.66068886,9.9735708,0,0,30.149476
11237,249,7556,1079,4bu7_25F_A_2165,3,diffdock_l,0.31762858,0.65160953,16.462645,0,0.99824339,32.680649
11238,249,7563,1080,4bu7_25F_C_2165,3,diffdock_l,0.3178117,0.65090273,16.521849,0,1.8829921e-44,25.612334
11239,249,12657,1808,5j61_A3G_C_501,1,unimol,0.63859558,0.65062417,17.261747,0,0.98354299,21.28
11240,249,7555,1079,4bu7_25F_A_2165,2,diffdock,0.27785419,0.63933439,15.577152,0,0.99851792,26.927115
11241,249,7562,1080,4bu7_25F_C_2165,2,diffdock,0.27798922,0.63889459,15.617863,0,2.1012388e-44,25.740199
11242,249,2403,343,1r4s_MUA_A_800,2,diffdock,0.25435575,0.63750044,13.187711,0,0,30.149476
11243,249,16376,2339,6ock_9KL_A_602,3,diffdock_l,0.23665607,0.63531157,9.3253136,0,0,24.974753
11244,249,6764,966,3vq5_MMJ_A_1007,2,diffdock,0.28631873,0.63505913,16.338478,0,3.2905167e-18,17.787644
11245,249,3935,562,2c6q_IMP_F_1337,1,unimol,0.96684033,0.63312107,19.191175,0,0,27.6
11246,249,3942,563,2c6q_IMP_G_1338,1,unimol,0.96678971,0.63302468,19.191175,0,0,26.98
11247,249,3914,559,2c6q_IMP_A_1337,1,unimol,0.94662995,0.63186794,19.191175,0,0,27.44
11248,249,3921,560,2c6q_IMP_D_1337,1,unimol,0.94442675,0.63167515,19.191175,0,0,22.87
11249,249,3928,561,2c6q_IMP_E_1337,1,unimol,0.75385081,0.62589146,19.191175,0,0,28.87
11250,249,11707,1672,5eo8_TFU_A_404,3,diffdock_l,0.25356966,0.62581007,13.649194,0,0,13.766979
11251,249,11714,1673,5eo8_TFU_A_405,3,diffdock_l,0.25380657,0.62434617,13.80125,0,1.0330477e-43,13.035997
11252,249,13455,1922,5tch_MLI_B_501,1,unimol,0.96830844,0.62394408,19.937874,0,0.69047047,27.78
11253,249,6539,934,3tyn_CXW_A_800,1,unimol,0.62227194,0.62342422,18.900742,0,0.98668384,21.71
11254,249,12666,1809,5j61_A3G_D_501,3,diffdock_l,0.3029614,0.62316596,17.920124,0,8.1101872e-38,19.145869
11255,249,13462,1923,5tch_MLI_C_301,1,unimol,1.0164718,0.62313208,20.07476,0,0.75480395,30.83
11256,249,9061,1294,4kp7_1UQ_B_502,3,diffdock_l,0.27958684,0.62287968,16.781719,0,0,34.158741
11257,249,13469,1924,5tch_MLI_E_301,1,unimol,0.98211139,0.62255749,20.090937,0,0.88223155,32.46
11258,249,5231,747,2qxf_TMP_A_3000,2,diffdock,0.24595819,0.62223233,12.092775,0,0,22.353982
11259,249,13476,1925,5tch_MLI_F_501,1,unimol,0.9632021,0.62194981,20.070711,0,0.90786412,24.52
11260,249,13448,1921,5tch_MLI_A_301,1,unimol,0.9891168,0.62147547,20.188532,0,0.98119821,26.19
11261,249,1948,278,1nmm_NAG_D_527,2,diffdock,0.29996334,0.62079676,17.904972,0,0,31.042868
11262,249,11686,1669,5eo8_TFU_A_401,3,diffdock_l,0.25290689,0.62060686,13.770461,0,6.5262079e-44,14.233832
11263,249,7101,1014,3wwc_BUA_A_403,3,diffdock_l,0.23617606,0.6205176,9.5848694,0,1.5633556e-06,14.047752
11264,249,5770,824,2xul_AKG_B_201,2,diffdock,0.28048072,0.6203399,17.01519,0,3.2269981e-36,21.914103
11265,249,11175,1596,5bwd_FUM_A_901,3,diffdock_l,0.25332884,0.61914003,13.944065,0,0.98523562,30.102552
11266,250,10495,1499,4xz9_G3P_B_302,2,diffdock,0.26455322,0.77235782,8.598135,0,0.19497991,25.972093
11267,250,11174,1596,5bwd_FUM_A_901,2,diffdock,0.63914197,0.69001269,14.950554,0,0.99763421,28.897903
11268,250,13555,1936,5tlg_7EG_A_601,3,diffdock_l,0.31539989,0.66787049,15.277254,0,0,28.340714
11269,250,13562,1937,5tlg_7EG_B_601,3,diffdock_l,0.31634878,0.6673439,15.327126,0,0,43.88601
11270,250,8857,1265,4iph_1FJ_A_201,2,diffdock,0.29357633,0.65080715,15.363949,0,0.77466502,14.225416
11271,250,4784,683,2nry_STU_D_501,3,diffdock_l,0.30894716,0.64550041,16.430508,0,0.97845506,47.462792
11272,250,4777,682,2nry_STU_C_503,3,diffdock_l,0.30968855,0.64439131,16.584641,0,1.9516888e-53,42.289442
11273,250,11566,1652,5e4o_L57_B_201,2,diffdock,0.28125483,0.64415549,15.348931,0,0.003680665,20.723036
11274,250,12924,1846,5l1v_7PF_A_401,2,diffdock,0.27731496,0.64351528,14.922521,0,0,24.069183
11275,250,11021,1574,5af9_SJR_H_1250,3,diffdock_l,0.26088871,0.63956432,13.526227,0,0,28.001163
11276,250,4860,694,2o1o_RIS_B_400,2,diffdock,0.25733666,0.63895951,12.786399,0,0,33.105883
11277,250,6127,875,2zvq_1NP_X_501,2,diffdock,0.25754495,0.63736384,12.894016,0,0.1573395,15.81386
11278,250,11581,1654,5e9m_BAE_A_2001,3,diffdock_l,0.23717189,0.62940653,9.2019262,0,0.99101225,6.5291657
11279,250,7276,1039,4a7x_UDP_B_1241,3,diffdock_l,0.27813408,0.62729074,16.072725,0,2.6579164e-31,55.518809
11280,250,4861,694,2o1o_RIS_B_400,3,diffdock_l,0.26967784,0.62517692,15.59012,0,6.9716347e-39,14.105744
11281,250,5449,778,2vag_V25_A_1482,3,diffdock_l,0.28062491,0.62278726,16.667591,0,0.92208712,22.820182
11282,250,5658,808,2x05_X05_A_1900,2,diffdock,0.29102519,0.62271005,17.070856,0,0,42.328343
11283,250,2327,332,1q20_PLO_A_401,3,diffdock_l,0.2491551,0.62225321,12.240867,0,0.01736432,19.882455
11284,250,7177,1025,3zp7_PRE_A_1118,2,diffdock,0.26732693,0.62098767,15.704153,0,0,32.325947
11285,250,778,111,1gz5_UDP_C_900,1,unimol,0.94008854,0.62023567,20.260344,0,0.95589697,22.34
11286,250,2355,336,1q4g_BFL_A_701,3,diffdock_l,0.2799081,0.61918108,16.789089,0,0.99524403,39.68095
11287,250,9060,1294,4kp7_1UQ_B_502,2,diffdock,0.29743439,0.61761552,17.98699,0,0,32.79075
11288,250,7184,1026,3zr0_8OG_B_1157,2,diffdock,0.31031178,0.61580478,18.69029,0,7.8741062e-49,20.521772
11289,250,17041,2434,6sj8_44V_A_901,3,diffdock_l,0.25810998,0.61470558,14.288773,0,1.7808418e-32,20.547996
11290,250,6995,999,3wqs_KBK_B_503,2,diffdock,0.29608616,0.61283542,18.189465,0,0,28.206209
11291,250,8444,1206,4gh8_MTX_B_201,2,diffdock,0.31634649,0.61217026,19.115614,0,0,25.037432
11292,250,6274,896,3r3z_GOA_B_305,2,diffdock,0.2764522,0.61205541,16.89397,0,6.7106996e-62,18.708126
11293,250,6428,918,3sli_SKD_A_760,2,diffdock,0.64258879,0.60882875,20.625889,0,0,36.487156
11294,250,3089,441,1w62_PYC_A_700,2,diffdock,0.27733192,0.60712902,17.336308,0,0,26.468967
11295,250,5344,763,2tmk_ATM_A_217,3,diffdock_l,0.32421389,0.60603938,19.928013,0,0.98802761,32.688302
11296,250,15263,2180,6flu_DTK_A_405,3,diffdock_l,0.26256564,0.6053274,15.949823,0,5.6750235e-48,17.167046
11297,250,430,61,1e5f_PLP_B_405,3,diffdock_l,0.28608897,0.60418079,18.313171,0,0,21.642864
11298,250,8172,1167,4dvw_0M4_B_512,3,diffdock_l,0.25728824,0.60320883,14.837954,0,9.5875037e-10,29.795987
11299,250,2872,410,1u2o_NEC_A_1001,2,diffdock,0.64350337,0.60304078,21.154045,0,3.7877062e-50,25.160531
11300,250,2893,413,1uay_ADN_B_1002,2,diffdock,0.3103144,0.60084106,19.913582,0,0,23.91216
11301,250,7010,1001,3wsg_CIT_A_302,3,diffdock_l,0.27350084,0.60002854,17.593313,0,0,31.572717
11302,250,7597,1085,4bvh_OCZ_A_1393,2,diffdock,0.26911115,0.59952721,17.337059,0,0,29.41616
11303,250,17027,2432,6si4_LEK_A_402,3,diffdock_l,0.31266445,0.59922387,20.092541,0,0.87902097,19.144884
11304,250,11643,1663,5eo7_SFU_B_402,2,diffdock,0.30942277,0.59835553,19.994776,0,0,20.533745
11305,250,5728,818,2xoz_AMP_B_1664,2,diffdock,0.22479912,0.59745215,7.260767,0,0,11.898571
11306,250,11630,1661,5eo7_SFU_A_405,3,diffdock_l,0.29557292,0.59744499,19.340971,0,0,10.664622
11307,250,16012,2287,6mae_JBA_A_301,3,diffdock_l,0.32269233,0.5956485,20.763428,0,0,24.869208
11308,250,13051,1864,5m5a_KSA_A_404,3,diffdock_l,0.30915351,0.59496355,20.263151,0,0,35.285867
11309,250,1081,154,1hkn_N2M_C_4138,3,diffdock_l,0.23627591,0.59395131,10.108653,0,0,36.744422
11310,250,2740,391,1tl2_NDG_A_238,3,diffdock_l,0.2614385,0.5904562,16.738703,0,9.0505718e-37,12.96245
11311,250,2137,305,1p1w_AMQ_B_427,2,diffdock,0.31271312,0.58996154,20.91939,0,0.99824163,23.5127
11312,250,2361,337,1q6r_LX1_A_7301,2,diffdock,0.26195512,0.58985958,16.909582,0,0,25.425834
11313,250,5336,762,2tio_BEN_A_247,2,diffdock,0.25397282,0.58884945,15.235779,0,0.99851808,14.818248
11314,250,11217,1602,5c8w_PCG_A_302,3,diffdock_l,0.32642142,0.58771838,21.699677,0,9.5372848e-56,28.871259
11315,250,2151,307,1p7c_THM_B_501,2,diffdock,0.31725116,0.58677312,21.351166,0,0.98921822,30.726026
11316,251,2907,415,1um4_SH4_H_1001,2,diffdock,0.44976154,0.73241353,12.435476,0,0,22.701989
11317,251,15179,2168,6f7r_CIT_A_1002,3,diffdock_l,0.26771342,0.69377601,11.992327,0,0,16.911847
11318,251,9453,1350,4n9v_AZA_A_401,3,diffdock_l,0.72147712,0.68265726,15.578211,0,0.99763962,18.212366
11319,251,2354,336,1q4g_BFL_A_701,2,diffdock,0.64309294,0.67399008,15.995246,0,0,39.297842
11320,251,6275,896,3r3z_GOA_B_305,3,diffdock_l,0.31820536,0.65675789,16.082905,0,3.360259e-33,20.236721
11321,251,13674,1953,5ud0_13P_B_405,3,diffdock_l,0.29823738,0.65194388,15.729334,0,0,20.726822
11322,251,12797,1828,5jtt_6MY_A_902,1,unimol,0.73851179,0.64859392,17.793562,0,0,21.59
11323,251,6974,996,3wlf_FEH_B_401,2,diffdock,0.30005391,0.63050838,17.318562,0,7.9214659e-66,33.141674
11324,251,6988,998,3wlf_FEH_D_401,2,diffdock,0.30045037,0.63014829,17.380037,0,0,36.600163
11325,251,6967,995,3wlf_FEH_A_401,2,diffdock,0.29841871,0.62701541,17.421125,0,1.6400899e-64,35.200034
11326,251,1368,195,1jho_RMB_A_990,3,diffdock_l,0.32453656,0.6259978,18.412952,0,8.515972e-34,23.043681
11327,251,7869,1124,4cmk_FQW_A_1270,1,unimol,0.85169355,0.61913993,20.227451,0,0.95357381,24.02
11328,251,16719,2388,6qnj_GLC_A_402,3,diffdock_l,0.26392331,0.6189679,15.614068,0,0.956949,19.33131
11329,251,6289,898,3r3z_GOA_D_305,3,diffdock_l,0.26581906,0.61576797,16.225626,0,0.27328826,21.953614
11330,251,11454,1636,5dky_NOJ_A_1000,2,diffdock,0.26135585,0.61425921,15.573623,0,0,29.890887
11331,251,10664,1523,4zb5_GLC_A_403,3,diffdock_l,0.26135522,0.61353369,15.614068,0,0,18.593138
11332,251,5337,762,2tio_BEN_A_247,3,diffdock_l,0.75865602,0.61131525,20.731318,0,0.99734307,12.295755
11333,251,1367,195,1jho_RMB_A_990,2,diffdock,0.29813612,0.61116081,18.540331,0,0,25.830938
11334,251,1080,154,1hkn_N2M_C_4138,2,diffdock,0.23914448,0.61109717,10.436784,0,0,26.097664
11335,251,3705,529,2ajx_TGN_L_501,2,diffdock,0.24548149,0.60540704,12.172577,0,0,24.276755
11336,251,6938,991,3wgc_PLG_B_401,1,unimol,0.88403578,0.60490044,21.650988,0,0.95506587,20.74
11337,251,6952,993,3wgc_PLG_D_401,1,unimol,0.85400011,0.60269378,21.698795,0,0.97069312,24.33
11338,251,6931,990,3wgc_PLG_A_401,1,unimol,0.84105936,0.60236791,21.650988,0,0.95990179,23.33
11339,251,14653,2093,5zpt_HY1_B_703,2,diffdock,0.29415538,0.60180686,18.958773,0,0,30.149476
11340,251,14093,2013,5x0j_SEP_A_302,2,diffdock,0.24192427,0.59951237,11.599448,0,0,14.832406
11341,251,5049,721,2q6m_P34_A_1001,2,diffdock,0.26810478,0.5984368,17.626741,0,0,17.997779
11342,251,16388,2341,6ofr_BOG_A_802,1,unimol,0.62447468,0.59821209,21.636234,0,0.97883327,22.32
11343,251,3727,532,2b3f_GAL_B_3311,3,diffdock_l,0.31088659,0.59741477,20.366047,0,3.6508575e-96,39.420969
11344,251,2256,322,1pr6_XYA_A_1245,2,diffdock,0.27423776,0.59721865,18.083578,0,2.464731e-55,24.314647
11345,251,15690,2241,6jmd_ORO_A_402,3,diffdock_l,0.24618404,0.59646748,12.920712,0,4.833227e-05,19.127224
11346,251,3755,536,2b3f_GAL_F_3315,3,diffdock_l,0.3074405,0.59530139,20.366047,0,3.9518678e-96,19.220189
11347,251,13917,1988,5vuu_9OJ_A_805,1,unimol,0.62074764,0.59474273,21.846878,0,0.97742841,25.12
11348,251,11580,1654,5e9m_BAE_A_2001,2,diffdock,0.64973104,0.59450562,22.108259,0,0.98659111,6.795022
11349,251,14346,2049,5yaq_ISE_B_402,3,diffdock_l,0.2823977,0.59348461,18.93652,0,0,37.482623
11350,251,14030,2004,5w8q_BU4_B_400,2,diffdock,0.24660437,0.59257732,13.327909,0,0.99726344,22.414133
11351,251,14486,2069,5ykt_PMP_A_501,3,diffdock_l,0.26015154,0.59248474,16.873781,0,0.9956315,41.189831
11352,251,15934,2276,6lit_2OH_B_501,2,diffdock,0.31981906,0.59202392,21.086123,0,0.98502213,21.846814
11353,251,11685,1669,5eo8_TFU_A_401,2,diffdock,0.27291671,0.5913175,18.429539,0,8.5583784e-21,15.322553
11354,251,16416,2345,6ofr_BOG_A_806,1,unimol,0.62073761,0.59098278,21.964373,0,0,30.84
11355,251,8682,1240,4i0b_CMP_A_302,2,diffdock,0.29661015,0.59090957,20.026133,0,0,30.685107
11356,251,996,142,1h5r_THM_D_1292,2,diffdock,0.64899538,0.59090407,22.437944,0,2.8017117e-60,39.896881
11357,251,11629,1661,5eo7_SFU_A_405,2,diffdock,0.29665662,0.58981546,20.138302,0,3.1482198e-77,20.421452
11358,251,11958,1708,5fwe_OGA_A_1358,2,diffdock,0.28418491,0.58862352,19.596245,0,0,30.149476
11359,251,6364,909,3rsc_TYD_A_397,1,unimol,0.61893977,0.58819788,22.124414,0,0,24.26
11360,251,15178,2168,6f7r_CIT_A_1002,2,diffdock,0.25029601,0.58788235,15.007338,0,0,17.326346
11361,251,14493,2070,5ykt_PMP_B_501,3,diffdock_l,0.25892204,0.58772915,16.873781,0,0.99633278,40.146373
11362,251,2460,351,1ruk_BEZ_H_601,3,diffdock_l,0.23810879,0.58769125,10.869378,0,0.022780744,31.267385
11363,251,2669,381,1tf8_TRP_A_913,2,diffdock,0.2600135,0.58747633,17.206549,0,0,17.8169
11364,251,10943,1563,5a86_D7E_A_1433,2,diffdock,0.26485925,0.58736787,18.138332,0,0,35.545687
11365,251,6960,994,3wk1_O7E_A_301,2,diffdock,0.65178128,0.58666573,22.884501,0,0.99219277,20.668984
11366,252,3034,433,1vzu_UDP_B_2371,3,diffdock_l,0.27688116,0.8097413,8.3741026,0,0,29.6964
11367,252,5099,728,2qcx_PF1_A_300,3,diffdock_l,0.23150685,0.74122136,4.6797819,0,0.96105393,23.254183
11368,252,15662,2237,6jea_NAG_A_501,3,diffdock_l,0.24386498,0.72422332,7.9430099,0,0,23.163949
11369,252,3027,432,1vzu_UDP_A_1371,3,diffdock_l,0.24242498,0.70194262,8.4113302,0,0,28.577341
11370,252,11370,1624,5d9w_ASC_A_301,2,diffdock,0.23896986,0.6991835,7.0500832,0,0,12.326127
11371,252,16718,2388,6qnj_GLC_A_402,2,diffdock,0.63711676,0.69367315,14.938587,0,0,18.850838
11372,252,4692,670,2jav_5Z5_A_1280,2,diffdock,0.25120653,0.68887517,10.737066,0,0,20.624469
11373,252,15605,2229,6i6r_H62_A_704,2,diffdock,0.28159679,0.6877527,13.161759,0,0,31.236927
11374,252,3033,433,1vzu_UDP_B_2371,2,diffdock,0.25602826,0.68196416,11.640684,0,0,29.20956
11375,252,12344,1763,5i5s_NVU_B_402,3,diffdock_l,0.25891591,0.66965291,12.635392,0,0.018762109,29.469074
11376,252,15465,2209,6hmw_FUL_A_203,2,diffdock,0.24503474,0.66373203,10.431125,0,2.3301516e-63,21.729476
11377,252,15486,2212,6hmw_FUL_E_204,2,diffdock,0.24475744,0.66057985,10.469076,0,2.4570879e-37,22.146153
11378,252,11070,1581,5ahn_IMP_A_1468,3,diffdock_l,0.25821591,0.66012177,12.998403,0,0,22.791389
11379,252,15479,2211,6hmw_FUL_D_204,2,diffdock,0.24430919,0.65794906,10.469076,0,2.9307699e-77,24.265364
11380,252,15507,2215,6hmw_FUL_H_201,2,diffdock,0.24418262,0.65599432,10.52067,0,0,19.483279
11381,252,730,104,1gkc_NFH_B_1449,2,diffdock,0.29149715,0.64955156,15.992312,0,0,18.750622
11382,252,14267,2038,5xvt_8FL_A_709,1,unimol,0.66037879,0.64713811,17.920403,0,0,20.03
11383,252,15521,2217,6hmw_FUL_J_201,2,diffdock,0.24279083,0.64349616,10.751831,0,4.425905e-77,21.464118
11384,252,11574,1653,5e4r_40E_A_504,3,diffdock_l,0.23589347,0.64299615,7.9896851,0,0,17.794173
11385,252,11937,1705,5fuv_THM_A_1388,2,diffdock,0.25964462,0.64231901,14.299515,0,5.1498749e-43,18.422464
11386,252,4280,611,2fr6_CTN_D_1004,3,diffdock_l,0.28552191,0.63559461,16.534824,0,0.93527664,29.583294
11387,252,6156,879,2zyv_NPO_X_1602,3,diffdock_l,0.24108051,0.63224003,10.677257,0,7.5462674e-06,15.42542
11388,252,4266,609,2fr6_CTN_A_1001,3,diffdock_l,0.28395497,0.63161671,16.590176,0,9.3082134e-22,29.930341
11389,252,15466,2209,6hmw_FUL_A_203,3,diffdock_l,0.2567355,0.6299394,14.399426,0,1.6394961e-50,19.659695
11390,252,5455,779,2vjb_CCD_A_1539,2,diffdock,0.25067719,0.62877102,13.524156,0,0,31.335589
11391,252,15487,2212,6hmw_FUL_E_204,3,diffdock_l,0.25544802,0.62793938,14.340442,0,1.1329409e-81,20.779248
11392,252,164,23,1bit_BEN_A_246,3,diffdock_l,0.24116834,0.62710908,10.975224,0,0,12.566105
11393,252,4258,608,2fpu_HSO_B_509,2,diffdock,0.24598199,0.62518798,12.475941,0,0.0036612339,17.867196
11394,253,5281,754,2r4t_GLC_A_502,3,diffdock_l,0.24768572,0.67082514,11.138205,0,1.7735952e-36,39.152646
11395,253,10277,1468,4w1v_3GS_B_502,1,unimol,0.60466443,0.66951699,15.982524,0,0,19.14
11396,253,834,119,1h1i_QUE_C_1358,1,unimol,0.62246236,0.65123152,17.535429,0,0,23.43
11397,253,12147,1735,5h5k_C5P_B_203,2,diffdock,0.26272542,0.64684516,14.651832,0,0,25.35298
11398,253,11706,1672,5eo8_TFU_A_404,2,diffdock,0.26380924,0.6464048,14.716613,0,3.9675482e-21,15.771154
11399,253,2670,381,1tf8_TRP_A_913,3,diffdock_l,0.28101127,0.64247618,15.794298,0,0.99204787,17.793883
11400,253,13644,1949,5u8z_83D_C_602,1,unimol,0.62129995,0.63866417,18.253767,0,0,27.22
11401,253,13651,1950,5u8z_83D_D_602,1,unimol,0.62129998,0.63809532,18.302938,0,0.99204551,27.58
11402,253,13637,1948,5u8z_83D_B_602,1,unimol,0.62129979,0.6377905,18.302938,0,0.94309431,21.93
11403,253,12498,1785,5in3_G1P_A_416,3,diffdock_l,0.2832868,0.63738698,16.329422,0,1.192317e-06,30.622926
11404,253,14492,2070,5ykt_PMP_B_501,2,diffdock,0.67750981,0.63734362,18.704605,0,3.4013607e-27,43.560239
11405,253,14485,2069,5ykt_PMP_A_501,2,diffdock,0.67712172,0.63724287,18.704605,0,0,40.821377
11406,253,3194,456,1x8i_BMH_A_2,2,diffdock,0.29460401,0.63464523,17.175711,0,0,19.466359
11407,253,5385,769,2uyv_TLA_C_1275,2,diffdock,0.28515212,0.6345328,16.774231,0,1.9066488e-41,32.455107
11408,253,2530,361,1sep_BIO_A_801,3,diffdock_l,0.24301358,0.6327167,11.903486,0,9.1291348e-06,37.324167
11409,253,9705,1386,4pik_MAN_A_502,3,diffdock_l,0.23912027,0.63205492,11.150302,0,3.5409036e-91,14.469823
11410,253,7155,1022,3zcm_PX3_B_1216,1,unimol,0.62129999,0.62999765,18.988642,0,0,25.12
11411,253,12316,1759,5i0d_GLC_B_1122,3,diffdock_l,0.23892085,0.62930705,11.117539,0,1.17992e-62,28.874366
11412,253,12085,1726,5goo_FRU_C_501,3,diffdock_l,0.25837639,0.62827209,15.202183,0,0,31.550275
11413,253,7148,1021,3zcm_PX3_A_1214,1,unimol,0.62128356,0.62789432,18.988642,0,0.97542855,24.71
11414,253,3684,526,2ai1_P1G_A_293,2,diffdock,0.63514076,0.62596785,19.500298,0,0,23.740356
11415,253,2299,328,1pym_OXL_A_1001,3,diffdock_l,0.23633611,0.62547786,9.993331,0,0.014384992,16.312159
11416,253,1758,251,1m3u_KPL_G_265,1,unimol,0.7865953,0.62472917,19.774792,0,0.85666867,23
11417,253,1772,253,1m3u_KPL_I_265,1,unimol,0.69796275,0.62384191,19.774792,0,0.88935954,21.86
11418,253,10831,1547,4zu3_4SD_E_301,2,diffdock,0.30616752,0.62343649,18.450502,0,1.559193e-37,30.660666
11419,253,7437,1062,4al9_GLA_G_1123,3,diffdock_l,0.28351459,0.62278127,17.35969,0,1.0703247e-34,16.551922
11420,253,5609,801,2wj4_HQD_A_1281,2,diffdock,0.25048538,0.62239369,14.142567,0,0,21.894882
11421,253,4397,628,2giq_NN2_B_2001,1,unimol,0.96620466,0.62172918,20.501057,0,0.9778921,21.61
11422,253,11908,1701,5fli_QUE_J_301,1,unimol,0.62129999,0.62168001,19.645996,0,0,21.3
11423,253,7416,1059,4al9_GLA_C_1123,3,diffdock_l,0.28206899,0.62081045,17.35969,0,0,16.247593
11424,253,11713,1673,5eo8_TFU_A_405,2,diffdock,0.25618857,0.62058883,15.301251,0,0,16.439341
11425,253,11880,1697,5fli_QUE_A_301,1,unimol,0.62129998,0.62011886,19.700529,0,0.98549107,24.68
11426,253,4390,627,2giq_NN2_A_1001,1,unimol,0.86897279,0.61980855,20.433231,0,0.97800861,19.25
11427,253,10803,1543,4zu3_4SD_B_301,2,diffdock,0.30670843,0.61950131,18.767725,0,7.1150928e-31,29.010464
11428,253,11894,1699,5fli_QUE_F_301,1,unimol,0.62036895,0.61871941,19.67779,0,0.98729903,25.45
11429,253,11887,1698,5fli_QUE_C_301,1,unimol,0.62054431,0.61853919,19.700529,0,0,26.65
11430,253,10796,1542,4zu3_4SD_A_301,2,diffdock,0.30390836,0.61845115,18.669655,0,4.1985099e-68,29.696242
11431,253,9733,1390,4ptx_BGC_A_501,3,diffdock_l,0.28892008,0.61844333,18.144781,0,0,28.32584
11432,253,5932,847,2z48_A2G_A_1005,3,diffdock_l,0.31488502,0.61796395,19.171579,0,5.208167e-57,25.790431
11433,253,3195,456,1x8i_BMH_A_2,3,diffdock_l,0.32540951,0.61583335,19.574656,0,1.4919203e-06,19.023173
11434,253,10838,1548,4zu3_4SD_F_301,2,diffdock,0.29738568,0.6152248,18.669655,0,0.99454913,31.572924
11435,253,6975,996,3wlf_FEH_B_401,3,diffdock_l,0.33530859,0.61037557,20.059034,0,0.00019502145,30.835265
11436,253,6989,998,3wlf_FEH_D_401,3,diffdock_l,0.33213657,0.61011661,20.07259,0,2.2345963e-49,30.657837
11437,253,6968,995,3wlf_FEH_A_401,3,diffdock_l,0.3293154,0.60981339,20.081631,0,7.211778e-54,30.903979
11438,253,9740,1391,4ptx_BGC_B_501,3,diffdock_l,0.28150086,0.60936956,18.144781,0,0.99631495,39.842087
11439,253,9914,1416,4rii_TYD_B_401,2,diffdock,0.30453526,0.60619784,19.684114,0,0,43.44535
11440,253,15045,2149,6e43_BEZ_C_502,2,diffdock,0.29407843,0.60603218,19.305847,0,4.2475396e-42,32.164744
11441,253,14239,2034,5xmq_PLG_C_501,1,unimol,0.95360993,0.60598378,21.833296,0,0.94502419,18.95
11442,253,1661,237,1lnf_VAL_E_1321,2,diffdock,0.30592067,0.60565876,19.827946,0,8.5253813e-06,20.636646
11443,253,15038,2148,6e43_BEZ_B_502,2,diffdock,0.29314693,0.60553462,19.305847,0,2.3297639e-93,30.395233
11444,254,5895,842,2ynf_WHU_A_1563,1,unimol,0.62379509,0.65852534,17.254198,0,0,25.26
11445,254,5448,778,2vag_V25_A_1482,2,diffdock,0.59666231,0.65399142,17.177069,0,0.98838998,26.159441
11446,254,5610,801,2wj4_HQD_A_1281,3,diffdock_l,0.28540364,0.65011197,16.276606,0,5.0071315e-123,20.947794
11447,254,3286,469,1y5v_NE8_A_500,3,diffdock_l,0.25107269,0.64640727,13.804879,0,0.92839631,28.627264
11448,254,8704,1243,4i4v_NGA_A_201,3,diffdock_l,0.26026407,0.64380935,15.104094,0,4.6270867e-41,17.098567
11449,254,1619,231,1l4f_NCN_A_991,2,diffdock,0.28763942,0.64294986,16.839016,0,0,24.545074
11450,254,1640,234,1l5o_NCN_A_991,2,diffdock,0.28742399,0.64273767,16.839016,0,0,27.888328
11451,254,11406,1629,5del_D59_A_603,3,diffdock_l,0.25589404,0.63979519,14.857587,0,0.14759686,24.030063
11452,254,6343,906,3roe_THM_F_265,1,unimol,0.71832196,0.63737926,18.89797,0,0,26.12
11453,254,6322,903,3roe_THM_C_265,1,unimol,0.73455089,0.63516435,19.082779,0,0,21.9
11454,254,6336,905,3roe_THM_E_265,1,unimol,0.62227255,0.6350464,18.89797,0,0,23.04
11455,254,388,55,1dy3_87Y_A_201,3,diffdock_l,0.26145409,0.63461323,15.785904,0,0.96396506,21.601418
11456,254,9346,1335,4mol_2FG_B_802,1,unimol,0.66767415,0.63318636,19.196674,0,0.96715893,23.29
11457,254,9353,1336,4mol_2FG_D_802,1,unimol,0.64152035,0.63288393,19.196674,0,0.95670906,23.69
11458,254,9339,1334,4mol_2FG_A_802,1,unimol,0.63587206,0.6324807,19.196674,0,0.97251366,24.62
11459,254,6315,902,3roe_THM_B_265,1,unimol,0.6188287,0.63149639,18.89797,0,0,24.32
11460,254,13224,1889,5o3b_9HZ_D_501,1,unimol,0.62166189,0.63092382,19.168747,0,0,19.17
11461,254,3118,445,1wmz_NGA_D_504,3,diffdock_l,0.27299918,0.63027431,16.908012,0,0,24.99367
11462,254,3104,443,1wmz_A2G_B_502,3,diffdock_l,0.27284802,0.62961382,16.93895,0,0,18.65105
11463,254,10811,1544,4zu3_4SD_B_302,3,diffdock_l,0.29742182,0.62954043,18.13748,0,0,25.925771
11464,254,5098,728,2qcx_PF1_A_300,2,diffdock,0.61024152,0.62435394,19.408688,0,2.3783811e-43,25.790197
11465,254,8275,1182,4ejh_0QA_E_502,1,unimol,0.76332632,0.62359535,20.027281,0,9.265573e-05,27.62
11466,254,10810,1544,4zu3_4SD_B_302,2,diffdock,0.2627125,0.62245153,16.744883,0,1.5880787e-22,33.820412
11467,254,1578,225,1kuj_MMA_G_504,3,diffdock_l,0.2617355,0.62138907,16.708067,0,0.95723273,42.86995
11468,254,8282,1183,4ejh_0QA_F_502,1,unimol,0.61613849,0.62075692,19.714298,0,0,27.66
11469,254,11740,1677,5ew8_5SF_B_802,1,unimol,0.9523094,0.61866489,20.8494,0,0.9640563,22.69
11470,254,878,125,1h48_C5P_C_901,3,diffdock_l,0.27981164,0.61466526,18.44549,0,4.6705211e-55,34.310523
11471,254,7436,1062,4al9_GLA_G_1123,2,diffdock,0.28782475,0.61427482,18.944279,0,2.4735563e-96,17.7847
11472,254,2313,330,1pzy_NAG_B_405,3,diffdock_l,0.31085928,0.61374843,19.847958,0,1.2645346e-88,22.249248
11473,254,885,126,1h48_C5P_D_204,3,diffdock_l,0.27826446,0.61364133,18.44549,0,4.267842e-54,36.481301
11474,254,7415,1059,4al9_GLA_C_1123,2,diffdock,0.28679064,0.6135655,18.944279,0,3.0077774e-103,20.969794
11475,254,13527,1932,5tdt_MBN_D_501,3,diffdock_l,0.26425674,0.61328429,17.478615,0,1.5880056e-58,35.734341
11476,254,12399,1771,5i9m_69K_B_302,2,diffdock,0.25356479,0.61253329,16.251188,0,7.1213065e-51,30.224776
11477,254,7247,1035,4a01_2PN_B_1773,2,diffdock,0.23602473,0.611873,13.065915,0,0,41.820684
11478,254,8991,1284,4jxh_HRC_A_301,3,diffdock_l,0.24896048,0.61163428,15.449759,0,0.0006603144,14.725057
11479,254,892,127,1h48_C5P_E_901,3,diffdock_l,0.27868183,0.60951997,18.782732,0,3.5322362e-74,15.987435
11480,254,12204,1743,5hc0_NPO_A_402,3,diffdock_l,0.23505811,0.60880989,12.715348,0,1.2182693e-22,18.197731
11481,254,12281,1754,5hss_650_C_401,3,diffdock_l,0.24270753,0.607549,14.581116,0,9.4893569e-06,34.613287
11482,254,13618,1945,5u5g_7VD_C_302,3,diffdock_l,0.24512459,0.60733846,15.193189,0,7.7936859e-94,19.665063
11483,254,12497,1785,5in3_G1P_A_416,2,diffdock,0.28752983,0.60536506,19.641777,0,0,30.265507
11484,254,8403,1200,4fxr_BMP_B_301,3,diffdock_l,0.27139575,0.60372249,18.669678,0,1.0314809e-33,41.617919
11485,254,11637,1662,5eo7_SFU_B_401,3,diffdock_l,0.2789787,0.60033406,19.552759,0,6.3352693e-68,20.713456
11486,254,13114,1873,5mot_HBD_A_401,3,diffdock_l,0.24074741,0.60024896,14.708746,0,0.9890453,14.287057
11487,254,11672,1667,5eo7_SFU_C_403,3,diffdock_l,0.27733676,0.60001997,19.520514,0,1.064698e-64,19.872332
11488,254,4693,670,2jav_5Z5_A_1280,3,diffdock_l,0.28542574,0.59808112,20.174883,0,0.92049377,20.661493
11489,254,4196,599,2f78_BEZ_B_1004,3,diffdock_l,0.25719766,0.5980639,17.956959,0,5.7843133e-30,17.314129
11490,254,9528,1361,4nkw_PLO_C_601,1,unimol,0.62338761,0.59767644,22.094358,0,0.99336545,29.09
11491,254,1312,187,1j3k_UMP_C_611,3,diffdock_l,0.31164916,0.59720535,21.331974,0,0.98177398,25.380287
11492,254,1319,188,1j3k_UMP_D_711,3,diffdock_l,0.31133506,0.59701187,21.331974,0,2.2434686e-39,39.718661
11493,254,2320,331,1pzy_NAG_D_406,3,diffdock_l,0.27897405,0.59673303,19.847958,0,1.3619494e-88,24.247746
11494,255,16977,2425,6s39_K5Z_A_301,2,diffdock,0.23681377,0.77951225,6.8367357,0,0,21.727756
11495,255,17375,2482,6u6c_PZV_F_802,1,unimol,0.88858106,0.69604833,15.365856,0,0.9741068,25.67
11496,255,5806,829,2xum_OGA_A_601,3,diffdock_l,0.23257521,0.66586658,9.7940073,0,0.99815832,18.636407
11497,255,1577,225,1kuj_MMA_G_504,2,diffdock,0.62754432,0.66500942,16.954662,0,0,21.078603
11498,255,6422,917,3sjh_LAR_A_503,3,diffdock_l,0.2753744,0.66134292,15.251254,0,1.4924378e-49,22.903384
11499,255,5540,791,2w5t_GP9_A_1644,3,diffdock_l,0.27270646,0.65993246,14.755984,0,0.0016681174,17.061347
11500,255,17377,2482,6u6c_PZV_F_802,3,diffdock_l,0.28620582,0.65978648,15.766881,0,0,57.201784
11501,255,73,10,1aiq_UMP_B_266,3,diffdock_l,0.30975789,0.65596911,16.733261,0,0,28.001163
11502,255,5267,752,2r4j_13P_B_816,3,diffdock_l,0.24272385,0.65363811,12.14599,0,3.7181366e-58,26.371301
11503,255,4728,675,2jig_PD2_A_1254,3,diffdock_l,0.21754578,0.6470379,6.6569228,0,0.00076703582,18.459792
11504,255,3699,528,2ajv_COC_L_501,3,diffdock_l,0.25041613,0.64695076,13.707753,0,0.014730931,19.77293
11505,255,899,128,1h48_CDI_A_201,3,diffdock_l,0.27499751,0.64591562,16.101994,0,2.9695807e-43,26.083936
11506,255,16894,2413,6rgg_K3Q_B_405,3,diffdock_l,0.27721542,0.64586113,16.365252,0,9.20379e-34,22.190779
11507,255,920,131,1h48_CDI_F_902,3,diffdock_l,0.27485279,0.64557233,16.103045,0,0,29.102465
11508,255,9628,1375,4ox5_DAL_A_307,3,diffdock_l,0.22382523,0.64537737,8.0817175,0,0,10.189521
11509,255,14535,2076,5z54_0HZ_B_303,3,diffdock_l,0.27508689,0.64493041,16.200418,0,1.4134097e-53,53.348778
11510,255,13113,1873,5mot_HBD_A_401,2,diffdock,0.61826446,0.64276619,18.212084,0,0.93432812,16.013438
11511,255,906,129,1h48_CDI_D_201,3,diffdock_l,0.2734797,0.64232949,16.101341,0,0,29.243466
11512,255,8639,1234,4i02_CMP_A_301,1,unimol,0.58238157,0.63537802,18.581491,0,0.99317321,24.77
11513,255,52,7,1aia_PMP_A_411,3,diffdock_l,0.30134709,0.63322519,18.111595,0,4.0923413e-35,34.460113
11514,255,11462,1637,5dne_ASN_A_601,3,diffdock_l,0.27541303,0.63318957,17.064295,0,1.2550983e-46,16.327126
11515,255,5204,743,2qvr_CIT_A_335,3,diffdock_l,0.23058643,0.63272393,10.145215,0,9.9369289e-40,17.605186
11516,255,11469,1638,5dne_ASN_C_601,3,diffdock_l,0.27503715,0.63118559,17.099867,0,1.5944241e-52,23.80937
11517,255,4719,674,2ji6_TPW_A_1566,1,unimol,0.60449333,0.63093085,19.029114,0,0.97678162,21.8
11518,255,5918,845,2z20_PLP_B_801,3,diffdock_l,0.24706394,0.63052148,14.068528,0,0.98693534,43.751247
11519,255,6582,940,3uu7_2OH_A_1,2,diffdock,0.27620854,0.63017709,17.371481,0,0,25.103831
11520,255,6589,941,3uu7_2OH_B_1,2,diffdock,0.27604759,0.62985968,17.371481,0,0,24.35138
11521,255,15207,2172,6fgv_D9T_A_1901,3,diffdock_l,0.2302137,0.62907403,10.168413,0,0.51018017,8.4262259
11522,255,2033,290,1o28_UFP_D_718,3,diffdock_l,0.29150312,0.62892322,17.999071,0,0,34.926027
11523,255,2054,293,1o29_UFP_C_813,3,diffdock_l,0.28031083,0.62453133,17.938145,0,0,37.867972
11524,255,2796,399,1tsd_UMP_B_265,3,diffdock_l,0.31693585,0.62423774,19.249542,0,1.1064511e-39,28.108232
11525,255,6695,956,3vcp_PRO_A_502,3,diffdock_l,0.24308234,0.62362347,13.755038,0,0.07925653,16.026487
11526,255,2789,398,1tsd_UMP_A_267,3,diffdock_l,0.31492242,0.6236164,19.250446,0,1.4854147e-39,28.680553
11527,255,12106,1729,5gwt_SIN_C_301,3,diffdock_l,0.25282129,0.62312987,15.472306,0,0,29.94553
11528,255,5911,844,2z20_PLP_A_701,3,diffdock_l,0.24506236,0.62311468,14.105567,0,1.2555381e-33,19.693224
11529,255,12792,1827,5jp9_DCM_B_401,3,diffdock_l,0.27299653,0.62162993,17.354664,0,0,18.392124
11530,255,59,8,1aia_PMP_B_411,3,diffdock_l,0.2801131,0.62148594,18.156502,0,4.9123901e-35,34.291445
11531,255,8122,1160,4dt8_ADN_B_401,2,diffdock,0.24995935,0.61950574,15.285884,0,0.97650452,28.237295
11532,255,16299,2328,6nnp_G6P_A_502,3,diffdock_l,0.237106,0.61917969,12.947578,0,9.3986069e-09,23.31773
11533,255,3377,482,1z8p_DEB_A_420,3,diffdock_l,0.29676276,0.61730369,19.162086,0,4.8096315e-05,30.528103
11534,255,5309,758,2rbx_3AY_X_2001,3,diffdock_l,0.24354726,0.61729697,14.19898,0,0,25.629894
11535,255,17712,2530,7bp1_CAQ_A_401,2,diffdock,0.30229833,0.61646322,19.449226,0,0,29.89863
11536,255,1555,222,1knu_YPA_A_1001,1,unimol,0.89019729,0.61601487,21.047276,0,0.72652695,27.32
11537,255,10768,1538,4zqp_IMP_A_601,2,diffdock,0.29205973,0.61501085,19.093214,0,0,31.140295
11538,255,2250,321,1pr0_NOS_C_1247,3,diffdock_l,0.36665584,0.61418505,20.209614,0,2.8329332e-55,13.479911
11539,255,10230,1461,4uy7_HIS_B_800,3,diffdock_l,0.2467064,0.61227408,15.093465,0,0,22.894752
11540,255,9565,1366,4nr9_ALY_A_2005,3,diffdock_l,0.23020652,0.61163812,10.954508,0,0.54819335,8.5820336
11541,255,3706,529,2ajx_TGN_L_501,3,diffdock_l,0.27587417,0.61114475,18.759686,0,0.0012416855,21.172866
11542,255,15060,2151,6f2b_AKG_B_402,3,diffdock_l,0.26584639,0.60982264,17.289463,0,7.6348628e-108,25.658042
11543,255,6373,910,3rsc_TYD_B_397,3,diffdock_l,0.31292348,0.60960015,20.285692,0,9.9098104e-61,39.748201
11544,256,9564,1366,4nr9_ALY_A_2005,2,diffdock,0.37978514,0.72915658,13.061275,0,0.0016869943,10.723149
11545,256,255,36,1ck6_SHA_A_900,3,diffdock_l,0.22850465,0.70177534,8.9548693,0,0.00024188397,27.435637
11546,256,15206,2172,6fgv_D9T_A_1901,2,diffdock,0.35879276,0.69034498,15.048069,0,0.028779878,13.462025
11547,256,6583,940,3uu7_2OH_A_1,3,diffdock_l,0.31092989,0.67257523,16.053495,0,3.2376741e-39,25.401718
11548,256,6590,941,3uu7_2OH_B_1,3,diffdock_l,0.31075406,0.67246504,16.053495,0,0.029417303,24.04038
11549,256,12246,1749,5hpu_IPH_C_101,3,diffdock_l,0.22843893,0.67137234,10.058131,0,0,28.001163
11550,256,4377,625,2g5v_22M_A_301,2,diffdock,0.23610296,0.67124463,12.034958,0,0,20.579324
11551,256,6226,889,3qss_MTG_A_405,3,diffdock_l,0.26069103,0.66892035,14.275612,0,0.99417878,28.846132
11552,256,8424,1203,4g1x_TQU_A_410,3,diffdock_l,0.23365228,0.66743156,11.743739,0,1.1625452e-39,14.699598
11553,256,3440,491,1zei_CRS_E_55,3,diffdock_l,0.22885085,0.65452568,11.09107,0,4.3515897e-36,13.1164
11554,256,5652,807,2wzv_FMN_B_801,3,diffdock_l,0.29105475,0.64556961,17.359167,0,0.98434584,36.897779
11555,256,5022,717,2pvy_ACP_D_802,3,diffdock_l,0.22785723,0.64030341,10.991714,0,3.0943123e-32,40.296462
11556,256,5133,733,2qg6_NMN_A_301,2,diffdock,0.23330683,0.63449911,13.347335,0,0,17.102221
11557,256,4439,634,2gyv_HBP_B_545,1,unimol,0.58611184,0.63205188,18.947374,0,0.95798112,31.43
11558,256,5811,830,2xyj_WLM_A_1441,1,unimol,0.88950709,0.63087808,19.902227,0,0.98875404,23.31
11559,256,6225,889,3qss_MTG_A_405,2,diffdock,0.24192256,0.62979924,14.991443,0,0.99721344,22.245112
11560,256,5832,833,2xyj_WLM_B_1442,1,unimol,0.93070059,0.62776777,20.230543,0,0.94354713,23.17
11561,256,5825,832,2xyj_WLM_B_1441,1,unimol,0.81830269,0.62773686,19.902227,0,0.98612151,26.89
11562,256,10930,1561,5a66_3PO_A_1000,3,diffdock_l,0.23845344,0.62569753,14.686799,0,0.72511844,45.743984
11563,256,5813,830,2xyj_WLM_A_1441,3,diffdock_l,0.75320427,0.62509196,20.085405,0,1.1054887e-57,34.781941
11564,256,3307,472,1yik_MM1_A_501,3,diffdock_l,0.2091501,0.62310103,7.3708816,0,1.8942564e-09,7.6068709
11565,256,5805,829,2xum_OGA_A_601,2,diffdock,0.63293774,0.62030883,20.399929,0,0.99815634,20.922453
11566,256,5818,831,2xyj_WLM_A_1442,1,unimol,0.62144577,0.61845787,20.251358,0,0.95854964,24.69
11567,256,4432,633,2gyv_HBP_A_1409,1,unimol,0.59002825,0.61758805,20.138615,0,0.084249576,33.19
11568,256,5183,740,2qse_1HP_A_1,3,diffdock_l,0.27961704,0.61656378,18.784708,0,3.5155258e-38,25.712302
11569,256,11742,1677,5ew8_5SF_B_802,3,diffdock_l,0.27655783,0.61573961,18.663057,0,0.99236474,34.421305
11570,256,8928,1275,4j4b_0TF_B_301,3,diffdock_l,0.29039126,0.61570101,19.55821,0,0.01031378,30.23814
11571,256,8248,1178,4e9z_651_A_301,2,diffdock,0.24110463,0.61353726,15.830381,0,0.65286175,22.272118
11572,257,163,23,1bit_BEN_A_246,2,diffdock,0.23978846,0.69186838,11.54888,0,0,13.490304
11573,257,11201,1600,5c4i_TPP_C_402,1,unimol,0.88768724,0.67313257,16.919804,0,0.96004788,28.05
11574,257,11208,1601,5c4i_TPP_F_402,1,unimol,0.88767672,0.67265215,16.94383,0,0.93954369,28.42
11575,257,14555,2079,5z9b_HX3_A_303,2,diffdock,0.23468173,0.66876302,11.59916,0,2.2509963e-53,16.265486
11576,257,12035,1719,5g4r_LF1_C_1739,2,diffdock,0.29202358,0.66564349,16.012156,0,1.5701118e-65,25.95403
11577,257,443,63,1e7h_PLM_A_1007,2,diffdock,0.23523958,0.65623585,12.333197,0,1.2946313e-31,20.839949
11578,257,3117,445,1wmz_NGA_D_504,2,diffdock,0.28505045,0.65039109,16.705788,0,3.5996711e-94,17.454615
11579,257,3103,443,1wmz_A2G_B_502,2,diffdock,0.28472593,0.64713739,16.900524,0,2.5760127e-56,19.104439
11580,257,436,62,1e7h_PLM_A_1001,2,diffdock,0.23572786,0.6459153,13.046993,0,0.075643749,22.168165
11581,257,11924,1703,5fp9_4SV_A_1342,3,diffdock_l,0.22702617,0.6453068,10.515074,0,0,28.001163
11582,257,8423,1203,4g1x_TQU_A_410,2,diffdock,0.24515041,0.64327115,14.555041,0,4.9187123e-13,15.113201
11583,257,2739,391,1tl2_NDG_A_238,2,diffdock,0.24705856,0.64300155,14.733405,0,0,13.049161
11584,257,2754,393,1tl2_NDG_A_241,3,diffdock_l,0.24226127,0.6417116,14.336455,0,0,12.142516
11585,257,17608,2515,6xu3_PLP_D_401,3,diffdock_l,0.25261387,0.63393892,15.78031,0,8.3111368e-58,39.321459
11586,257,2747,392,1tl2_NDG_A_240,3,diffdock_l,0.23948143,0.63247363,14.553532,0,2.0553161e-45,34.642796
11587,257,16395,2342,6ofr_BOG_A_803,1,unimol,0.62181491,0.62368927,19.917513,0,0,21.49
11588,257,3439,491,1zei_CRS_E_55,2,diffdock,0.23561298,0.62355103,14.266214,0,4.7612162e-14,13.604916
11589,257,5034,719,2q28_TPP_A_4001,1,unimol,0.95557736,0.62290851,20.760305,0,0.97597414,22.55
11590,257,9816,1402,4qbz_D80_B_901,2,diffdock,0.26376802,0.62290755,17.342958,0,0.99646388,34.860037
11591,257,16381,2340,6ofr_BOG_A_801,1,unimol,0.61920457,0.62203534,19.978008,0,0,25.49
11592,257,9817,1402,4qbz_D80_B_901,3,diffdock_l,0.2895376,0.62100725,18.930632,0,9.055733e-48,33.94476
11593,257,11636,1662,5eo7_SFU_B_401,2,diffdock,0.28542343,0.61658415,19.173195,0,0,21.051856
11594,257,5539,791,2w5t_GP9_A_1644,2,diffdock,0.23588093,0.61351166,14.978984,0,0,21.078717
11595,257,13673,1953,5ud0_13P_B_405,2,diffdock,0.29613789,0.61292322,20.076073,0,0,21.262874
11596,257,15262,2180,6flu_DTK_A_405,2,diffdock,0.24778753,0.61270925,16.753597,0,0,21.730877
11597,257,11671,1667,5eo7_SFU_C_403,2,diffdock,0.27723497,0.61161023,19.066105,0,0,21.010554
11598,257,8123,1160,4dt8_ADN_B_401,3,diffdock_l,0.77187084,0.61013124,21.488964,0,0.97146819,23.086089
11599,257,15751,2250,6jyg_FLC_E_401,1,unimol,0.58927189,0.60923041,20.957117,0,0.97840159,24.81
11600,257,8234,1176,4e7v_CRS_Q_101,2,diffdock,0.25571789,0.60853075,17.799994,0,1.77322e-22,21.811206
11601,257,10643,1520,4z6p_DHY_C_403,3,diffdock_l,0.31189351,0.60560859,21.119268,0,7.4669403e-29,38.869253
11602,257,12043,1720,5g4r_LF1_D_1739,3,diffdock_l,0.24601265,0.60467628,17.141695,0,0.7428803,25.092215
11603,257,9894,1413,4r3n_3GQ_B_404,3,diffdock_l,0.22623096,0.60377343,12.048693,0,7.8949599e-47,18.419896
11604,257,3376,482,1z8p_DEB_A_420,2,diffdock,0.24247702,0.60311229,16.847321,0,0,29.073153
11605,257,8528,1218,4h9x_HL4_A_404,2,diffdock,0.24346566,0.60299449,16.980991,0,0,30.149476
11606,257,283,40,1d6u_HY1_A_2001,3,diffdock_l,0.28384713,0.60239668,20.272827,0,0,28.001163
11607,257,13232,1890,5o3d_9J5_A_501,2,diffdock,0.27969401,0.60202125,19.940145,0,0,13.394913
11608,257,5694,813,2xh0_PEP_B_1440,3,diffdock_l,0.34916093,0.60158609,21.55584,0,0.93650689,33.729916
11609,257,290,41,1d6u_HY1_B_3001,3,diffdock_l,0.28212558,0.60017008,20.272827,0,0,28.001163
11610,257,14563,2080,5z9b_HX3_B_303,3,diffdock_l,0.2271052,0.59917346,12.871526,0,0,16.054771
11611,257,8199,1171,4e7v_CRS_C_101,2,diffdock,0.24823372,0.59894759,17.799994,0,2.8550975e-33,20.181117
11612,257,5701,814,2xh0_PEP_C_1440,3,diffdock_l,0.31152723,0.5982525,21.764101,0,0.97934256,36.029485
11613,257,9012,1287,4jzx_IPE_B_401,3,diffdock_l,0.22713234,0.59762557,12.96583,0,0,28.001163
11614,257,12245,1749,5hpu_IPH_C_101,2,diffdock,0.23554822,0.59581684,16.014463,0,0,30.149476
11615,257,6800,971,3vv5_SLZ_B_301,3,diffdock_l,0.25866301,0.59515031,19.047249,0,0.99834672,20.445783
11616,257,1241,177,1ixo_G3P_A_1001,2,diffdock,0.23103724,0.59492241,14.627523,0,0,23.341477
11617,257,6562,937,3u1t_MLI_B_350,3,diffdock_l,0.22667091,0.59473754,12.726545,0,0.038005878,17.222248
11618,257,6555,936,3u1t_MLI_A_351,3,diffdock_l,0.22652495,0.59433875,12.687702,0,6.8433945e-51,52.630746
11619,257,17699,2528,6zug_QPW_H_1001,3,diffdock_l,0.2832467,0.59376026,20.991899,0,0,28.001163
11620,257,5091,727,2qca_DGP_A_200,2,diffdock,0.23274772,0.59079974,15.456538,0,0,13.428345
11621,257,4231,604,2fhn_BNI_X_501,3,diffdock_l,0.28122505,0.59024628,21.121368,0,0,20.568208
11622,258,8373,1196,4fa2_SB0_A_402,1,unimol,0.62119986,0.69907221,15.036067,0,0,25.89
11623,258,2880,411,1u6r_IOM_B_1601,3,diffdock_l,0.22401415,0.65914819,9.9173412,0,0.99466489,23.498773
11624,258,14738,2105,6a3j_SOE_C_402,3,diffdock_l,0.32745494,0.64788543,17.924246,0,2.2528363e-39,33.095241
11625,258,15156,2165,6f77_PLP_C_600,1,unimol,0.62119932,0.643528,18.516989,0,0,25.21
11626,258,14436,2062,5ybp_AKG_A_302,2,diffdock,0.28824206,0.64204811,17.576321,0,0,23.192791
11627,258,8564,1223,4hgg_SYN_A_502,3,diffdock_l,0.22350929,0.6341137,10.842932,0,2.7597585e-06,21.896976
11628,258,5651,807,2wzv_FMN_B_801,2,diffdock,0.62909561,0.62865526,19.909998,0,0,36.977422
11629,258,1878,268,1mvc_BM6_A_200,2,diffdock,0.24750906,0.62595487,15.917912,0,0,24.151773
11630,258,14737,2105,6a3j_SOE_C_402,2,diffdock,0.28290005,0.62577827,18.337725,0,0,43.818156
11631,258,3698,528,2ajv_COC_L_501,2,diffdock,0.25942323,0.62435276,17.225075,0,0.033301016,20.549803
11632,258,9607,1372,4ocj_NDG_A_401,3,diffdock_l,0.25664944,0.62257404,17.134918,0,0.9897732,23.116097
11633,258,4279,611,2fr6_CTN_D_1004,2,diffdock,0.60083509,0.61783199,20.399328,0,9.7447492e-28,29.502789
11634,258,6247,892,3qwi_CUE_A_272,3,diffdock_l,0.22726332,0.6137815,13.666321,0,5.1861572e-06,36.707786
11635,258,12546,1792,5ita_6DC_A_801,2,diffdock,0.63524537,0.61341333,21.256098,0,0.99611195,38.737646
11636,258,4749,678,2nos_AGU_A_903,3,diffdock_l,0.20685452,0.61132955,8.2070065,0,0,12.722097
11637,258,6254,893,3qwi_CUE_B_272,3,diffdock_l,0.22675627,0.61102518,13.688097,0,1.7200576e-07,41.402297
11638,258,14745,2106,6a3j_SOE_D_401,3,diffdock_l,0.25601886,0.60925619,17.982449,0,1.0578185e-60,39.267935
11639,258,14724,2103,6a3j_SOE_A_402,3,diffdock_l,0.25648182,0.60919254,18.084734,0,7.8008224e-52,39.442043
11640,258,14731,2104,6a3j_SOE_B_401,3,diffdock_l,0.25587641,0.60737565,18.084734,0,1.3061439e-51,52.345443
11641,258,16740,2391,6qol_JB5_A_301,3,diffdock_l,0.22639003,0.60601395,13.786965,0,2.5892161e-13,19.330042
11642,258,4265,609,2fr6_CTN_A_1001,2,diffdock,0.28685552,0.60462172,20.38656,0,1.0406922e-29,28.952086
11643,258,4917,702,2oci_TYC_A_401,3,diffdock_l,0.22535726,0.60068004,13.385224,0,0.99740791,15.622729
11644,258,2649,378,1t93_FLV_A_432,3,diffdock_l,0.22623753,0.60052565,14.016579,0,5.777503e-05,19.408208
11645,258,7100,1014,3wwc_BUA_A_403,2,diffdock,0.22229168,0.60012489,11.988443,0,0,15.583382
11646,258,2753,393,1tl2_NDG_A_241,2,diffdock,0.23942103,0.6000706,16.817915,0,0,16.093553
11647,258,12309,1758,5i0d_GLC_A_1124,3,diffdock_l,0.22379892,0.59893582,12.724972,0,7.3700328e-50,25.817723
11648,258,11293,1613,5cga_KP6_H_301,2,diffdock,0.28809713,0.59826343,21.037201,0,2.140513e-90,41.194727
11649,258,5917,845,2z20_PLP_B_801,2,diffdock,0.6123664,0.59825597,22.183233,0,0,38.188658
11650,258,11258,1608,5cga_KP6_A_301,2,diffdock,0.28803029,0.59816268,21.037201,0,1.5324357e-83,39.759434
11651,258,1788,255,1m7p_G3H_A_5401,3,diffdock_l,0.22584152,0.59768592,13.830774,0,0,17.90567
11652,258,1032,147,1h70_CIR_A_500,3,diffdock_l,0.25661507,0.59766534,19.01791,0,0,47.823433
11653,258,1130,161,1hsr_BHO_A_800,3,diffdock_l,0.22644598,0.59584628,14.443083,0,3.2674069e-30,34.253517
11654,258,4230,604,2fhn_BNI_X_501,2,diffdock,0.28656038,0.59553927,21.165531,0,0,22.319678
11655,258,2642,377,1t93_FLV_A_431,3,diffdock_l,0.2257848,0.59497774,13.966232,0,3.7207495e-27,19.835551
11656,258,15360,2194,6fw0_E92_B_602,2,diffdock,0.25606702,0.59365399,19.236111,0,0,37.124733
11657,258,6288,898,3r3z_GOA_D_305,2,diffdock,0.24710774,0.59119742,18.37425,0,1.1049981e-96,23.796326
11658,258,12084,1726,5goo_FRU_C_501,2,diffdock,0.23968283,0.59079743,17.52055,0,3.9892743e-48,32.752656
11659,258,1795,256,1m7p_G3H_B_6401,3,diffdock_l,0.22524177,0.59067352,13.896838,0,0,18.112548
11660,258,16298,2328,6nnp_G6P_A_502,2,diffdock,0.23759415,0.58817075,17.193777,0,0,27.666028
11661,258,17099,2442,6syz_M1E_A_601,5,autodock,0.10226017,0.58781652,0.93453974,0,0.99742835,40.916727
11662,258,15480,2211,6hmw_FUL_D_204,3,diffdock_l,0.26945433,0.58764024,20.94891,0,1.0454292e-58,19.320793
11663,258,15522,2217,6hmw_FUL_J_201,3,diffdock_l,0.27095367,0.5869189,21.052006,0,2.2052865e-82,23.396276
11664,258,12315,1759,5i0d_GLC_B_1122,2,diffdock,0.22257278,0.58564025,12.911339,0,4.035127e-76,35.742589
11665,258,17106,2443,6syz_M1E_B_601,5,autodock,0.10150091,0.58524862,0.93453974,0,0.99583611,23.765052
11666,258,4195,599,2f78_BEZ_B_1004,2,diffdock,0.24385695,0.58461407,18.623249,0,1.5385153e-05,16.900674
11667,258,15508,2215,6hmw_FUL_H_201,3,diffdock_l,0.26710413,0.58422591,21.040249,0,9.2552958e-63,19.938494
11668,258,9704,1386,4pik_MAN_A_502,2,diffdock,0.22413501,0.58344378,13.802242,0,0,16.416105
11669,258,471,67,1ei6_PPF_D_412,2,diffdock,0.30458369,0.58325027,23.150732,0,0.85534774,32.849465
11670,258,11693,1670,5eo8_TFU_A_402,3,diffdock_l,0.2342143,0.58305264,17.004194,0,4.9288757e-21,13.945388
11671,258,14562,2080,5z9b_HX3_B_303,2,diffdock,0.22203024,0.58226619,12.92345,0,2.3469128e-53,16.263643
11672,259,3356,479,1z3n_3NA_A_320,3,diffdock_l,0.2629362,0.67527723,14.42529,0,1.0871836e-08,12.705227
11673,259,3314,473,1yqc_GLV_A_1001,3,diffdock_l,0.21801169,0.67269452,8.8499117,0,2.9047447e-46,11.620402
11674,259,13028,1861,5m0e_7CR_A_922,1,unimol,0.91521479,0.66899486,17.45402,0,0,24.01
11675,259,14869,2124,6bmm_OLB_A_404,1,unimol,0.61990831,0.66663426,17.088099,0,0.66940902,33.81
11676,259,7981,1140,4d0z_BBK_E_1584,1,unimol,0.85718805,0.66538825,17.49732,0,0,28.06
11677,259,16320,2331,6nyo_U94_A_301,3,diffdock_l,0.25255571,0.65295285,15.042074,0,6.8804851e-31,19.60658
11678,259,17748,2535,7c7g_FJR_A_402,3,diffdock_l,0.23030648,0.640759,13.240795,0,2.211716e-49,34.620955
11679,259,1825,260,1mmx_FUC_A_348,5,autodock,0.18454678,0.63368425,2.4702415,0,0.99570412,18.368815
11680,259,10937,1562,5a7p_6Z1_B_1361,3,diffdock_l,0.2303821,0.63248502,13.705926,0,8.4125723e-64,38.089454
11681,259,12566,1795,5iuy_BOG_C_503,1,unimol,0.62461363,0.63177571,19.753712,0,0.97060563,27.72
11682,259,3355,479,1z3n_3NA_A_320,2,diffdock,0.23094425,0.63047809,13.920419,0,8.5452986e-09,24.080976
11683,259,17461,2494,6v9f_QTS_B_2001,3,diffdock_l,0.23448393,0.62789519,14.532375,0,0.97756677,18.780017
11684,259,2383,340,1qmh_CIT_B_401,3,diffdock_l,0.22192252,0.6259629,11.695927,0,2.9786869e-27,24.550222
11685,259,1529,218,1kdo_C_B_6407,3,diffdock_l,0.25111475,0.62393143,16.747553,0,0,43.510786
11686,259,1403,200,1jtk_THU_A_138,3,diffdock_l,0.26119931,0.62212424,17.648531,0,4.1065174e-18,14.350693
11687,259,16011,2287,6mae_JBA_A_301,2,diffdock,0.28544856,0.62151223,19.163563,0,0,27.658386
11688,259,5182,740,2qse_1HP_A_1,2,diffdock,0.28281071,0.62057341,19.022062,0,0,26.781067
11689,259,9544,1363,4np7_DPJ_A_403,3,diffdock_l,0.25553008,0.61752017,17.6343,0,0,28.001163
11690,259,387,55,1dy3_87Y_A_201,2,diffdock,0.61644092,0.61639239,20.697392,0,0,26.722175
11691,259,7311,1044,4a9j_TYL_A_1188,3,diffdock_l,0.22385143,0.61624277,13.253486,0,2.2035481e-48,15.115294
11692,259,13730,1961,5uio_8DM_D_202,3,diffdock_l,0.23921419,0.61546963,15.910872,0,3.0493965e-36,19.758322
11693,259,1888,269,1n3o_GYP_B_1101,5,autodock,0.18025806,0.61363118,1.4397131,0,0.96549363,11.751365
11694,259,11133,1590,5b4o_6DQ_C_201,3,diffdock_l,0.22627606,0.61360604,14.011066,0,0,17.386814
11695,259,10382,1483,4wxb_CIT_D_501,1,unimol,0.61747885,0.6133068,20.981043,0,0.89851491,21.84
11696,259,3823,546,2brk_CMF_A_1534,1,unimol,0.61990831,0.61240717,21.166571,0,0,27.38
11697,259,9606,1372,4ocj_NDG_A_401,2,diffdock,0.63157831,0.61212984,21.487404,0,0,25.111733
11698,259,8016,1145,4d5e_TPP_B_1590,1,unimol,0.85520846,0.60921999,21.877821,0,0,28.38
11699,259,1907,272,1ne4_RP1_A_601,3,diffdock_l,0.23408843,0.60796995,15.721877,0,4.2383745e-43,17.292941
11700,259,11448,1635,5die_5CJ_B_601,3,diffdock_l,0.2296293,0.60777335,15.020017,0,0,28.328481
11701,259,11441,1634,5die_5CJ_A_601,3,diffdock_l,0.22983917,0.60766916,15.041321,0,0,30.678044
11702,259,9621,1374,4ovl_1TD_B_308,3,diffdock_l,0.22306224,0.60610259,13.28877,0,4.462807e-28,21.376637
11703,259,14170,2024,5x86_TMP_B_207,2,diffdock,0.28826422,0.60558874,20.57687,0,0,24.737798
11704,259,10929,1561,5a66_3PO_A_1000,2,diffdock,0.50061174,0.60536107,21.515177,0,0,19.051764
11705,259,7590,1084,4bux_F35_A_2166,2,diffdock,0.53444984,0.60525864,21.542721,0,0.99025789,34.586309
11706,259,4952,707,2pd5_ZST_A_600,3,diffdock_l,0.28346498,0.60466549,20.40835,0,8.3088653e-11,23.70396
11707,259,11112,1587,5b4o_6DQ_A_201,3,diffdock_l,0.2244771,0.60332313,14.255547,0,0,24.717882
11708,259,5589,798,2wdq_TEO_I_1589,3,diffdock_l,0.25992667,0.60267035,19.039297,0,0,28.001163
11709,259,948,135,1h5r_G1P_B_1294,3,diffdock_l,0.28126208,0.60223648,20.42235,0,0,35.632348
11710,259,6009,858,2z7s_P01_A_1,3,diffdock_l,0.23084692,0.60181196,15.653028,0,0.79063443,48.738746
11711,259,4415,630,2gnm_MAN_A_253,5,autodock,0.18112334,0.60024366,1.8393437,0,0.95776925,18.385597
11712,259,12042,1720,5g4r_LF1_D_1739,2,diffdock,0.47434797,0.60003502,21.986176,0,0.90288514,34.394274
11713,259,7002,1000,3wr4_GDE_B_502,2,diffdock,0.27495013,0.5993469,20.378241,0,0,30.42359
11714,259,5582,797,2wdq_TEO_E_1589,3,diffdock_l,0.25393612,0.59779986,19.039297,0,0,28.001163
11715,259,1865,266,1msv_PUT_A_355,3,diffdock_l,0.25306084,0.59738522,18.935835,0,3.7614063e-28,40.632026
11716,259,12561,1794,5iuy_BOG_B_503,3,diffdock_l,0.29060057,0.59707908,21.404947,0,0,18.780877
11717,259,4916,702,2oci_TYC_A_401,2,diffdock,0.62760632,0.59612637,22.978523,0,0,15.617969
11718,259,9124,1303,4l7p_M95_A_601,3,diffdock_l,0.22940247,0.59327278,15.944821,0,0.30438178,30.851927
11719,259,3468,495,1zgj_P1S_A_0,3,diffdock_l,0.23887024,0.5929227,17.423845,0,0,21.849725
11720,259,4951,707,2pd5_ZST_A_600,2,diffdock,0.25353772,0.59278467,19.39012,0,7.0853402e-09,24.95771
11721,259,12161,1737,5h8q_5YE_B_302,2,diffdock,0.28336304,0.59270241,21.444794,0,0.9894668,35.494905
11722,260,2084,297,1o68_KIV_D_275,5,autodock,0.27708405,1.3548995,0.93660909,0,0.99031121,5.7579443
11723,260,754,107,1gxu_2HP_A_1092,5,autodock,0.27132895,1.3072051,0.93660909,0,0.96195406,6.5892633
11724,260,2077,296,1o68_KIV_A_275,5,autodock,0.26132821,1.2559515,0.93660909,0,0.66708194,7.6442698
11725,260,10092,1441,4ubp_HAE_C_800,5,autodock,0.27398218,1.2376531,1.6282854,0,0.8431804,7.4635554
11726,260,1405,200,1jtk_THU_A_138,5,autodock,0.27942059,1.2369632,1.9633688,0,0.97042791,14.561205
11727,260,8048,1149,4dab_HPA_A_301,5,autodock,0.25261008,1.2175112,0.93660909,0,8.6265855e-07,3.1113013
11728,260,2091,298,1o68_KIV_E_275,5,autodock,0.25224622,1.2122909,0.93660909,0,0.63603787,5.8620153
11729,260,1412,201,1jtk_THU_B_1138,5,autodock,0.27562894,1.2088455,1.9633688,0,0.96836954,10.260316
11730,260,2749,392,1tl2_NDG_A_240,5,autodock,0.2819166,1.2058094,2.3377614,0,0.97603187,15.741273
11731,260,8321,1188,4ekr_0R0_B_203,5,autodock,0.28062287,1.1630273,2.7399566,0,0.99014366,1253.0386
11732,260,6081,868,2ztl_3HL_B_301,5,autodock,0.24857503,1.1628248,1.0277684,0,0.0092631356,8.1396567
11733,260,7390,1055,4ajj_MLI_A_1333,5,autodock,0.27704279,1.154963,2.6552801,0,0,16.224222
11734,260,8356,1193,4f06_PHB_A_401,5,autodock,0.25262135,1.1519724,1.4849371,0,0,1476.512
11735,260,6704,957,3vmg_9CA_B_2001,5,autodock,0.26034464,1.1504195,1.8002812,0,0.93286234,345.00064
11736,260,8734,1247,4i6s_FUC_A_102,5,autodock,0.28011901,1.1395864,2.9777637,0,0.99744441,11.912724
11737,260,7397,1056,4ajj_MLI_D_1333,5,autodock,0.27350064,1.1364574,2.5769978,0,0.96001536,5.9869185
11738,260,5689,812,2xh0_PEP_A_1440,5,autodock,0.27557485,1.1322055,2.7317984,0,0.99324194,8.1206003
11739,260,8741,1248,4i6s_FUC_B_101,5,autodock,0.27819028,1.1318503,2.9737134,0,0.99790919,12.481145
11740,260,7201,1028,3zwe_FUC_A_110,5,autodock,0.27228569,1.1219656,2.6553922,0,0.99734029,11.252553
11741,260,8307,1186,4ekr_0R0_A_202,5,autodock,0.27206847,1.1131775,2.7399566,0,0.98534401,1290.375
11742,260,7243,1034,3zzv_FUC_B_401,5,autodock,0.26933948,1.1073946,2.6553922,0,0.99747654,11.218742
11743,260,6088,869,2ztl_3HL_C_301,5,autodock,0.24547097,1.103832,1.0359384,0,0.00029581569,7.9780401
11744,260,6074,867,2ztl_3HL_A_301,5,autodock,0.24536408,1.1000751,1.0359384,0,0.00033540325,8.1360174
11745,260,8349,1192,4evs_PHB_A_408,5,autodock,0.25263171,1.097716,2.0065188,0,0,1314.6447
11746,260,5696,813,2xh0_PEP_B_1440,5,autodock,0.26485746,1.0840457,2.6701491,0,0.99497305,8.3271992
11747,260,243,34,1cib_HDA_A_437,5,autodock,0.27855383,1.0818997,3.6115217,0,0.0043340843,6.9402705
11748,260,8713,1244,4i4v_NGA_A_202,5,autodock,0.27700967,1.0764944,3.581111,0,0.9916923,11.631926
11749,260,8748,1249,4i6s_FUC_C_101,5,autodock,0.26971251,1.0750208,3.0619822,0,0.81237836,8.7168355
11750,261,14096,2013,5x0j_SEP_A_302,5,autodock,0.53406513,1.3332785,1.2472795,0,0.97551666,42.298573
11751,261,15517,2216,6hmw_FUL_I_201,5,autodock,0.55664923,1.1871872,2.8773651,0,0.66644587,11.931232
11752,261,15986,2283,6m5m_NAG_B_202,5,autodock,0.54984361,1.1820322,2.8833051,0,0.94187661,12.908548
11753,261,15468,2209,6hmw_FUL_A_203,5,autodock,0.54069512,1.1743765,2.8773651,0,0.99784598,11.290086
11754,261,15503,2214,6hmw_FUL_G_202,5,autodock,0.5411546,1.1730394,2.9049518,0,0.99606139,8.4717249
11755,261,15489,2212,6hmw_FUL_E_204,5,autodock,0.54061061,1.1712418,2.9049518,0,0.99495498,10.691212
11756,261,15510,2215,6hmw_FUL_H_201,5,autodock,0.54015987,1.1702454,2.8852947,0,0.98922809,10.876966
11757,261,15482,2211,6hmw_FUL_D_204,5,autodock,0.54028609,1.1698437,2.9049518,0,0.99399064,11.483926
11758,261,15496,2213,6hmw_FUL_F_202,5,autodock,0.5397609,1.1662484,2.9049518,0,0.99517371,9.4129907
11759,261,15475,2210,6hmw_FUL_B_204,5,autodock,0.53519231,1.1528662,2.9049518,0,0.95132747,11.457311
11760,261,15524,2217,6hmw_FUL_J_201,5,autodock,0.53302025,1.1470156,2.9301174,0,0.92563913,10.488045
11761,261,4660,665,2j1s_FUL_B_1153,5,autodock,0.53475825,1.1131584,3.3537581,0,0.95396598,9.3153307
11762,261,7145,1020,3zbs_OVE_A_1380,5,autodock,0.47927601,1.0876657,2.735477,0,0.11713531,16.252418
11763,261,14922,2131,6cdy_EY1_A_501,5,autodock,0.46510638,1.082133,2.0405016,0,0,14.687865
11764,261,16644,2377,6q4y_MAN_A_402,5,autodock,0.5240155,1.0731635,3.6134391,0,0.97919176,20.3766
11765,261,13984,1997,5vys_1YJ_A_301,5,autodock,0.53972148,1.0731553,4.0499792,0,0.99329901,7.6770325
11766,261,8363,1194,4f8n_GAL_A_204,5,autodock,0.49590565,1.0691359,3.3464592,0,0.80037569,13.680373
11767,261,16651,2378,6q4y_MAN_B_402,5,autodock,0.52197937,1.0686143,3.6359775,0,0.97068548,14.746087
11768,261,5031,718,2q1a_2KT_X_295,5,autodock,0.50804351,1.0470016,3.723726,0,0.86913979,14.383954
11769,261,4030,575,2dm5_ODI_A_312,5,autodock,0.47799501,1.0459755,3.1887615,0,0.015449858,13.398387
11770,261,9203,1314,4lol_1YE_A_401,5,autodock,0.46139215,1.035335,2.2186043,0,0,33.159684
11771,261,6032,861,2zgw_BTN_A_1401,5,autodock,0.47260241,1.0322322,3.1116414,0,0,372.81544
11772,261,11457,1636,5dky_NOJ_A_1000,5,autodock,0.55701765,1.0276023,4.9907913,0,0.994114,97.499661
11773,261,6802,971,3vv5_SLZ_B_301,5,autodock,0.51777368,1.0246848,4.1780128,0,0.87996909,35.463251
11774,261,530,75,1foi_14W_A_810,5,autodock,0.45079014,1.0170448,1.9346789,0,7.0712547e-08,2.9193604
11775,261,537,76,1foi_14W_B_810,5,autodock,0.45072189,1.0166113,1.9346789,0,6.416827e-08,2.8349256
11776,261,6795,970,3vv5_SLZ_A_300,5,autodock,0.50704718,1.0139898,4.185288,0,0.9933091,53.203013
11777,261,14404,2057,5yb7_ORN_C_603,5,autodock,0.54090663,1.0139463,5.0389805,0,0.99188131,19.815281
11778,261,12143,1734,5h5k_C5P_A_206,5,autodock,0.4629764,1.0109707,2.5933757,0,0,10.684901
11779,261,13991,1998,5vys_1YJ_B_301,5,autodock,0.48993743,1.0097029,4.0584698,0,0.98250049,9.8766682
11780,261,1818,259,1ml4_PAL_A_385,5,autodock,0.48416258,1.0039442,4.0758133,0,0.79644971,17.4545
11781,261,8062,1151,4dch_GLC_A_501,5,autodock,0.49101395,1.0019404,4.1994553,0,0.0049832634,13.979529
11782,261,7047,1006,3wsg_CIT_F_302,5,autodock,0.5075992,0.99556738,4.4742002,0,0.81800155,14.148349
11783,261,4709,672,2jhp_GUN_A_1647,5,autodock,0.46021546,0.98673025,2.7063551,0,0.20328149,2.3256717
11784,261,17624,2517,6y4f_GLU_A_202,5,autodock,0.43875023,0.98595285,0.96459216,0,0.0011841873,7.1435774
11785,261,6039,862,2zgw_BTN_B_1402,5,autodock,0.46456049,0.98373818,3.1081951,0,0,299.12988
11786,261,15608,2229,6i6r_H62_A_704,5,autodock,0.45087493,0.97809935,2.3837976,0,0.036356706,14.123598
11787,261,14390,2055,5yb7_ORN_B_603,5,autodock,0.52206674,0.97671724,5.0256767,0,0.96255378,48.508208
11788,261,5493,784,2vmg_MBG_A_1179,5,autodock,0.48381305,0.97658389,4.477519,0,0.93332741,12.653226
11789,261,1391,198,1jl0_PUT_B_401,5,autodock,0.53793007,0.97189318,5.5501151,0,0.98378099,18.437755
11790,261,1867,266,1msv_PUT_A_355,5,autodock,0.54441836,0.97000742,5.8838816,0,0.89594961,14.025407
11791,261,6025,860,2zgw_ADN_B_1302,5,autodock,0.49628079,0.96167288,4.9504085,0,0.64114893,10.344993
11792,261,3848,549,2bs8_NAG_A_1177,5,autodock,0.4553449,0.96104395,2.7341716,0,6.251768e-05,13.121041
11793,261,103,14,1anc_BEN_A_290,5,autodock,0.51678428,0.95935789,5.2248697,0,0.98945176,15.427731
11794,261,1874,267,1msv_PUT_B_355,5,autodock,0.53855054,0.955964,5.8975515,0,0.98533611,18.869461
11795,261,6753,964,3vq4_0NX_A_304,5,autodock,0.47955971,0.95590096,4.5710359,0,1.8566134e-05,7.718386
11796,261,663,94,1g8z_GAL_F_104,5,autodock,0.47438379,0.95513093,4.3220348,0,1.876181e-06,9.9832909
11797,261,12150,1735,5h5k_C5P_B_203,5,autodock,0.44823409,0.95199572,2.5933757,0,0,12.733972
11798,261,16434,2347,6oha_XAN_A_501,5,autodock,0.52570175,0.95089556,5.5916886,0,0.9847464,284.58656
11799,261,4513,644,2ht8_G39_A_800,5,autodock,0.47496712,0.94999849,4.4410963,0,0.00029563579,14.943071
11800,262,9413,1344,4n36_2F8_C_401,5,autodock,0.66888408,0.9970227,5.3670931,0,0.91923255,9.7959701
11801,262,1713,244,1lti_GAL_D_104,5,autodock,0.66507735,0.97611177,5.5288367,0,0.98718053,13.425139
11802,262,229,32,1cdk_MYR_B_403,5,autodock,0.66204901,0.96545816,5.6323223,0,0.95143516,5.6490764
11803,262,5255,750,2r3d_ACM_A_303,5,autodock,0.65105953,0.96476656,5.4105768,0,0.99574523,2.2515089
11804,262,9406,1343,4n36_2F8_B_401,5,autodock,0.64556953,0.96391191,5.3485107,0,0.86585288,11.041204
11805,262,9420,1345,4n36_2F8_D_401,5,autodock,0.63703439,0.95861569,5.3485107,0,0.80499103,14.006707
11806,262,1601,228,1kwu_MMA_B_601,5,autodock,0.56995464,0.93102269,4.9438152,0,0,6.8388869
11807,262,222,31,1cdk_MYR_A_403,5,autodock,0.60779395,0.92653335,5.630693,0,0.65871296,6.4728052
11808,262,1594,227,1kwu_MMA_A_501,5,autodock,0.56662216,0.92262565,4.9438152,0,0,12.71588
11809,262,1608,229,1kwu_MMA_C_701,5,autodock,0.56628407,0.92192589,4.9438152,0,0.024254861,10.284029
11810,262,9098,1299,4kwl_3SS_A_302,5,autodock,0.59547311,0.92027468,5.667747,0,0.6277726,19.190125
11811,262,11695,1670,5eo8_TFU_A_402,5,autodock,0.69259984,0.91570652,7.3459058,0,0.9792641,8.6386648
11812,262,2413,344,1rf2_BV4_D_104,5,autodock,0.62700343,0.91236602,6.1410456,0,0.76700901,17.338408
11813,262,11709,1672,5eo8_TFU_A_404,5,autodock,0.67000999,0.90578334,7.2630816,0,0.97038637,8.3019961
11814,262,2434,347,1rf2_BV4_G_107,5,autodock,0.60747524,0.9012416,6.1410456,0,0.66361627,23.064542
11815,262,11716,1673,5eo8_TFU_A_405,5,autodock,0.67293542,0.8951348,7.6316285,0,0.99417401,8.569608
11816,262,11688,1669,5eo8_TFU_A_401,5,autodock,0.66741626,0.89342262,7.482276,0,0.95865219,7.8933925
11817,262,11723,1674,5eo8_TFU_A_406,5,autodock,0.67169743,0.89315677,7.6316285,0,0.97765486,9.3975991
11818,262,5073,724,2qb3_PMP_A_700,5,autodock,0.68583876,0.88866482,7.9816494,0,0.99257171,174.11026
11819,262,11702,1671,5eo8_TFU_A_403,5,autodock,0.66853478,0.88699324,7.6639738,0,0.97937038,11.871447
11820,262,9189,1312,4lo1_GAL_A_301,5,autodock,0.6460295,0.87028854,7.3444433,0,0.971706,18.764859
11821,262,2420,345,1rf2_BV4_E_105,5,autodock,0.5697152,0.87015866,6.1410456,0,0.44565088,27.723005
11822,262,5283,754,2r4t_GLC_A_502,5,autodock,0.57545091,0.86972732,6.3454084,0,0.11463924,16.579618
11823,262,16301,2328,6nnp_G6P_A_502,5,autodock,0.68872853,0.8654029,8.6264105,0,0.98049124,11.95129
11824,262,14299,2042,5xz7_F6P_A_407,5,autodock,0.67610012,0.86296862,8.5719919,0,0.95544649,15.186913
11825,262,54,7,1aia_PMP_A_411,5,autodock,0.66598493,0.85696979,8.2658758,0,0.89941294,16.990483
11826,262,11464,1637,5dne_ASN_A_601,5,autodock,0.67407099,0.85251779,8.8196898,0,0.99691052,15.929257
11827,262,2441,348,1rf2_BV4_H_108,5,autodock,0.56171899,0.85216327,6.1410456,0,0.032270878,21.436319
11828,262,4695,670,2jav_5Z5_A_1280,5,autodock,0.65426488,0.85153872,7.9769135,0,0.98385078,5.6629729
11829,262,11471,1638,5dne_ASN_C_601,5,autodock,0.67339702,0.84857753,8.8965321,0,0.99319027,26.234992
11830,262,17421,2488,6urx_JMG_A_316,5,autodock,0.68962635,0.84715961,9.1594582,0,0.98976023,7.5884633
11831,262,13382,1911,5r0j_RBJ_B_401,5,autodock,0.57129654,0.84530825,6.7561216,0,0,9.6832238
11832,262,5612,801,2wj4_HQD_A_1281,5,autodock,0.67380212,0.84284302,9.0875835,0,0.98943247,433.54007
11833,262,2007,286,1nuw_F6P_A_2336,5,autodock,0.66788164,0.8355062,9.06287,0,0.93102363,12.053138
11834,262,6242,891,3qt8_FM0_A_328,5,autodock,0.6665155,0.83335,9.0068998,0,0.42275641,19.849554
11835,262,2700,385,1tiw_TFB_A_2002,5,autodock,0.67579591,0.83164897,9.4919376,0,0.97517751,4.8659034
11836,262,5360,765,2uuj_896_B_1250,5,autodock,0.57880992,0.82988,7.5338802,0,0,10.618551
11837,262,4639,662,2iyq_SKM_A_201,5,autodock,0.56787371,0.82788466,7.0143733,0,0.0096486996,21.501871
11838,262,13144,1877,5n5k_HAE_A_306,5,autodock,0.55762297,0.82454032,6.2848759,0,2.486857e-07,4.097698
11839,262,10603,1514,4z1d_PEP_B_300,5,autodock,0.67411571,0.82070641,9.8020859,0,0.87409549,5.7185165
11840,262,11646,1663,5eo7_SFU_B_402,5,autodock,0.66661511,0.81760338,9.5312548,0,0.99612178,15.173301
11841,262,11681,1668,5eo7_SFU_C_405,5,autodock,0.66418897,0.81338452,9.4137449,0,0.9806174,10.614461
11842,262,11667,1666,5eo7_SFU_B_405,5,autodock,0.66026629,0.81153813,9.3103943,0,0.96087899,11.045487
11843,262,1118,159,1hq2_PH2_A_181,5,autodock,0.57563668,0.81065679,7.8455939,0,0,14.487838
11844,262,11618,1659,5eo7_SFU_A_402,5,autodock,0.66314566,0.80818139,9.5312548,0,0.97562604,17.521365
11845,262,14355,2050,5yaq_ISE_C_402,5,autodock,0.63911437,0.80815923,8.9602213,0,0.87531947,19.336259
11846,262,6046,863,2zi2_24U_H_801,5,autodock,0.56274947,0.80620358,7.326643,0,0,11.413152
11847,262,3120,445,1wmz_NGA_D_504,5,autodock,0.55570996,0.80446411,6.539299,0,6.779952e-06,12.353908
11848,262,11632,1661,5eo7_SFU_A_405,5,autodock,0.65630385,0.80406125,9.4137449,0,0.93477357,9.9642817
11849,262,10232,1461,4uy7_HIS_B_800,5,autodock,0.62297267,0.80399271,8.8354092,0,0.68777183,36.772008
11850,263,516,73,1fhv_OSB_A_789,5,autodock,0.75652261,1.1173293,4.2676058,0,0.86475453,11.137078
11851,263,5325,760,2rtn_IMI_B_300,5,autodock,0.69158637,1.0016955,5.2158494,0,0.98928931,6.0304058
11852,263,40,5,1ac4_TMT_A_296,5,autodock,0.6410555,0.98039169,5.1389289,0,0,3.0833897
11853,263,12185,1740,5h9i_XAN_A_301,5,autodock,0.77415594,0.95828661,6.8951349,0,0.97845374,6.2166916
11854,263,2182,311,1pbd_PAB_A_396,5,autodock,0.61555983,0.9500997,4.5586104,0,0,13.291495
11855,263,5332,761,2rtn_IMI_D_300,5,autodock,0.62412008,0.9419878,5.1976228,0,0.29782452,7.4745456
11856,263,9749,1392,4pxd_1AL_A_502,5,autodock,0.7565653,0.91851143,7.5454245,0,0.99723205,184.47824
11857,263,5675,810,2x0u_X0U_B_1291,5,autodock,0.65274351,0.89986558,6.8953629,0,0,11.576235
11858,263,16910,2415,6rgr_RM4_A_403,5,autodock,0.74059065,0.8962241,7.5912519,0,0.89676992,12.726665
11859,263,10491,1498,4xv4_25T_A_303,5,autodock,0.65578237,0.89325975,7.0563674,0,0.7249455,3.2444815
11860,263,10484,1497,4xv4_25T_A_302,5,autodock,0.64727608,0.88549697,7.0663924,0,0.41737998,4.443726
11861,263,8958,1279,4jhh_H35_A_201,5,autodock,0.76326247,0.88118669,8.5004663,0,0.98890399,5.2588754
11862,263,2959,422,1v3v_5OP_B_2360,5,autodock,0.67594549,0.87428589,7.5800405,0,0.78971774,5.2806572
11863,263,474,67,1ei6_PPF_D_412,5,autodock,0.73034289,0.87397535,7.9873023,0,0.99174824,6.4885158
11864,263,9175,1310,4lcq_URQ_A_603,5,autodock,0.75250175,0.85798079,8.9251842,0,0.97287356,26.195143
11865,263,12010,1715,5g44_I6G_A_1510,5,autodock,0.60314704,0.85591417,5.5063424,0,0.00043261275,6.5135871
11866,263,6522,931,3tye_XHP_B_901,5,autodock,0.61623742,0.85318604,6.3791056,0,0,46.014521
11867,263,1034,147,1h70_CIR_A_500,5,autodock,0.7776482,0.84980971,9.5437632,0,0.99240078,13.529178
11868,263,8601,1228,4hrq_AZG_A_201,5,autodock,0.55799235,0.84487204,4.0345778,0,0.037822596,3.9294867
11869,263,3316,473,1yqc_GLV_A_1001,5,autodock,0.55704611,0.84392508,3.9724076,0,6.8151923e-08,3.7776857
11870,263,11842,1691,5fe1_12Q_B_901,5,autodock,0.63903442,0.84170848,7.7912621,0,0,5.916048
11871,263,5311,758,2rbx_3AY_X_2001,5,autodock,0.68834328,0.8415163,8.4496136,0,0.67975436,5.5642147
11872,263,4128,589,2eup_LG4_A_400,5,autodock,0.61321405,0.84000467,6.3160887,0,7.4025838e-08,7.012621
11873,263,15300,2185,6flu_DTK_B_404,5,autodock,0.74838846,0.83507063,9.4673147,0,0.99696166,12.356027
11874,263,15265,2180,6flu_DTK_A_405,5,autodock,0.74802588,0.83303918,9.4673147,0,0.96141655,12.215304
11875,263,11576,1653,5e4r_40E_A_504,5,autodock,0.5591648,0.82916713,4.3816595,0,0.045907592,6.1572883
11876,263,5003,714,2prl_ORO_A_399,5,autodock,0.64095238,0.82666205,8.2559795,0,0,6.72613
11877,263,5269,752,2r4j_13P_B_816,5,autodock,0.62505354,0.82636412,7.5619574,0,0.34234293,8.2773848
11878,263,15293,2184,6flu_DTK_B_403,5,autodock,0.7417625,0.82520465,9.4459667,0,0.96769158,12.090781
11879,263,7894,1127,4cno_9PY_D_301,5,autodock,0.74313868,0.82345177,9.5318422,0,0.96542026,18.9881
11880,263,17295,2470,6tog_NQH_A_201,5,autodock,0.61525991,0.82067956,6.9480624,0,0,5.1800086
11881,263,16938,2419,6rlt_MLI_B_512,5,autodock,0.78614549,0.82048604,10.488893,0,0.98390738,4.5344392
11882,263,1244,177,1ixo_G3P_A_1001,5,autodock,0.62004909,0.81927457,7.4600434,0,0.2001684,7.1187632
11883,263,15692,2241,6jmd_ORO_A_402,5,autodock,0.64060261,0.81813041,8.4710541,0,0,6.9154383
11884,263,10932,1561,5a66_3PO_A_1000,5,autodock,0.76937302,0.81647645,10.433662,0,0.99062928,8.7966959
11885,263,8972,1281,4jmz_1M2_A_302,5,autodock,0.76360588,0.81603307,10.366869,0,0.8932061,5.9823968
11886,263,3967,566,2cjz_PTR_A_1537,5,autodock,0.67443268,0.81584862,9.0761318,0,2.3093156e-05,10.63163
11887,263,10435,1490,4xh4_PPI_A_504,5,autodock,0.60354344,0.81233419,6.4374189,0,0,3.1249684
11888,263,9931,1418,4rje_PYR_D_402,5,autodock,0.74668672,0.81143526,10.020557,0,0,25.131415
11889,263,5542,791,2w5t_GP9_A_1644,5,autodock,0.65655196,0.80694895,9.2365627,0,0.45116919,7.5037408
11890,263,166,23,1bit_BEN_A_246,5,autodock,0.65582474,0.80472614,9.2979584,0,0.42904126,8.380863
11891,263,2392,341,1qxa_GLY_B_245,5,autodock,0.56481544,0.80407238,5.3424568,0,0,5.4825919
11892,263,5339,762,2tio_BEN_A_247,5,autodock,0.71280805,0.8012533,9.7907143,0,0.99351093,5.8344337
11893,263,1251,178,1ixo_G3P_D_1004,5,autodock,0.63579965,0.80102911,8.7742329,0,0.014872458,8.9750463
11894,263,16903,2414,6rgr_RM4_A_402,5,autodock,0.61727755,0.79975501,7.7237878,0,0.1190003,27.442302
11895,263,1706,243,1lro_PEP_B_2268,5,autodock,0.66518575,0.79947168,9.5216923,0,0.49870086,6.6087694
11896,263,2931,418,1uxi_FUM_A_1311,5,autodock,0.63078749,0.79936501,8.5546131,0,0,9.347487
11897,263,4520,645,2huu_ALA_A_701,5,autodock,0.77851362,0.79883951,11.189821,0,0.85340625,5.9909119
11898,263,13375,1910,5r0i_SYV_A_2501,5,autodock,0.56115072,0.7987781,5.2070293,0,0,8.1466907
11899,263,13620,1945,5u5g_7VD_C_302,5,autodock,0.74804971,0.79777097,10.572251,0,0.95593109,6.7127373
11900,264,13501,1928,5tde_2HP_B_901,5,autodock,0.74911179,1.0644868,4.5747743,0,0.98872415,3.2500444
11901,264,4184,597,2f78_BEZ_A_1003,5,autodock,0.75915497,1.0639902,4.7170668,0,0.94525785,5.358346
11902,264,4191,598,2f78_BEZ_B_1002,5,autodock,0.74686644,1.0495277,4.7478213,0,0.98902352,46.289009
11903,264,4177,596,2f78_BEZ_A_1001,5,autodock,0.7484858,1.0487913,4.7743158,0,0.99381177,48.020166
11904,264,8580,1225,4hon_AKG_A_401,5,autodock,0.78100766,1.0351879,5.3709683,0,0.99507849,16.587256
11905,264,4198,599,2f78_BEZ_B_1004,5,autodock,0.71604671,1.0313665,4.7522283,0,0.8065717,5.4788279
11906,264,16791,2398,6qrn_RIP_A_500,5,autodock,0.62070762,1.0295561,4.0880642,0,0.051348744,10.358462
11907,264,8587,1226,4hon_AKG_B_401,5,autodock,0.76561052,1.0266933,5.3780975,0,0.99470678,16.934052
11908,264,15867,2266,6l68_ALL_A_201,5,autodock,0.77113852,1.0221234,5.4848695,0,0.92068561,12.190795
11909,264,10428,1489,4xf0_CYS_A_502,5,autodock,0.7328936,0.9789371,5.7104907,0,0.96974753,48.523184
11910,264,628,89,1g6t_S3P_A_601,5,autodock,0.76240722,0.96794574,6.3525009,0,0.99608154,29.610384
11911,264,3092,441,1w62_PYC_A_700,5,autodock,0.79132677,0.95429709,6.9088054,0,0.99455771,39.042099
11912,264,9483,1354,4nf4_2JK_A_301,5,autodock,0.77808948,0.94325896,7.0039415,0,0.99558671,20.837731
11913,264,3694,527,2aiq_BEN_A_401,5,autodock,0.61906967,0.94268021,5.3574424,0,0.00036175764,8.6270523
11914,264,3435,490,1zei_CRS_E_54,5,autodock,0.74530476,0.93938752,6.5694604,0,0.99515623,25.231414
11915,264,7712,1101,4cju_JNS_B_1214,5,autodock,0.64357456,0.92337599,6.3262482,0,0,12.737456
11916,264,10610,1515,4z2w_AKG_A_401,5,autodock,0.74588719,0.91597054,7.0642252,0,0.81964589,26.045872
11917,264,17428,2489,6uvj_QJ1_A_205,5,autodock,0.61484769,0.91319314,5.6958995,0,0,4.6615501
11918,264,7705,1100,4cju_JNS_A_1217,5,autodock,0.64232797,0.91183152,6.5023685,0,0,11.139001
11919,264,9455,1350,4n9v_AZA_A_401,5,autodock,0.77391,0.90489037,7.7884936,0,0.99818906,2.5334619
11920,264,12353,1764,5i5t_67X_A_402,5,autodock,0.76744347,0.90380855,7.7516074,0,0.93320957,29.526737
11921,264,12857,1836,5kcp_PFB_B_379,5,autodock,0.77448998,0.90328915,7.8295341,0,0.86444697,3.6297043
11922,264,12360,1765,5i5t_67X_B_402,5,autodock,0.78356315,0.90178765,7.9828119,0,0.9550951,9.3073734
11923,264,7719,1102,4cjv_IV2_A_1212,5,autodock,0.61553351,0.90175768,5.9304757,0,0.0012203444,10.176348
11924,264,6781,968,3vqe_FMQ_A_1006,5,autodock,0.58851255,0.90113707,4.7685986,0,0,7.0382378
11925,264,15545,2220,6ho7_GHQ_A_301,5,autodock,0.75566755,0.89978314,7.6187634,0,0.98744015,10.447941
11926,264,6053,864,2zka_AZA_A_302,5,autodock,0.75809754,0.89036895,7.8911462,0,0.98642913,2.1504373
11927,264,14908,2129,6c1x_DNX_A_203,5,autodock,0.63679364,0.88838504,6.8532324,0,0,10.214912
11928,265,9945,1420,4rm3_FOA_A_1000,5,autodock,0.82435418,1.0916124,5.1261201,0,0.98023675,6.2610125
11929,265,9952,1421,4rm3_FOA_B_1000,5,autodock,0.76751249,1.0506548,5.1945319,0,0.83188786,5.1814019
11930,265,16049,2292,6mry_FLC_B_101,5,autodock,0.78896392,1.0173476,5.9363341,0,0.97468402,14.481968
11931,265,6697,956,3vcp_PRO_A_502,5,autodock,0.83574446,1.0086373,6.4163952,0,0.96418416,13.236658
11932,265,8965,1280,4jm8_26D_A_302,5,autodock,0.54961809,1.0039087,2.9100244,0,0,8.0848501
11933,265,16056,2293,6mry_FLC_C_102,5,autodock,0.62456793,0.99025829,4.6243882,0,0.48472971,10.186396
11934,265,1804,257,1m9j_CLW_B_907,5,autodock,0.54289329,0.97742288,2.5575061,0,0,2.272477
11935,265,8202,1171,4e7v_CRS_C_101,5,autodock,0.78192192,0.97334028,6.6030335,0,0.9626923,32.557045
11936,265,8216,1173,4e7v_CRS_K_101,5,autodock,0.77477938,0.96377208,6.6392937,0,0.98183247,59.999638
11937,265,14250,2035,5xoi_SIN_A_401,5,autodock,0.63295531,0.95849733,5.4921913,0,0,7.3618268
11938,265,1629,232,1l4n_NIO_A_991,5,autodock,0.63290123,0.95842902,5.4874549,0,0,5.9100032
11939,265,8230,1175,4e7v_CRS_O_101,5,autodock,0.71479486,0.94655583,6.6030335,0,0.80625289,57.330887
11940,265,10246,1463,4uzi_IMD_B_1456,5,autodock,0.62244197,0.9351614,5.3317666,0,0,2.2403634
11941,265,15426,2203,6h8p_OGA_A_504,5,autodock,0.8096859,0.92231457,7.8914852,0,0.93674889,12.125836
11942,265,16931,2418,6rlt_MLI_B_511,5,autodock,0.69995127,0.92131353,7.041451,0,0.64528093,5.8742295
11943,265,13627,1946,5u5x_TP5_A_302,5,autodock,0.60210129,0.91637624,4.9274712,0,0,3.5968573
11944,265,16063,2294,6mry_FLC_I_102,5,autodock,0.74559868,0.91605755,7.2909222,0,0.75800844,7.2099636
11945,265,11583,1654,5e9m_BAE_A_2001,5,autodock,0.54378332,0.91502237,3.5877652,0,0.0042430234,2.9608678
11946,265,16924,2417,6rlt_MLI_A_508,5,autodock,0.69558702,0.91473098,7.1629395,0,0.62902966,5.1671508
11947,265,3568,509,1zuw_DGL_C_3301,5,autodock,0.78719871,0.90670991,7.9741597,0,0.99437359,20.8538
11948,265,10288,1469,4wbd_CIT_A_602,5,autodock,0.79009407,0.89371266,8.3458195,0,0.97916952,9.8775019
11949,265,3554,507,1zuw_DGL_A_1301,5,autodock,0.78663282,0.8928807,8.2810736,0,0,20.422403
11950,265,8244,1177,4e7v_CRS_U_101,5,autodock,0.63180358,0.89247183,6.6030335,0,0.21048884,23.266535
11951,265,4310,615,2fyd_BGC_B_403,5,autodock,0.64750772,0.8899158,7.1116614,0,0.45600832,17.777042
11952,265,8769,1252,4i6y_MEV_A_501,5,autodock,0.65641154,0.88972406,7.2886353,0,0.47162222,9.6335978
11953,265,6354,907,3rop_NCA_A_302,5,autodock,0.55933011,0.88949054,4.7011991,0,0,2.6319299
11954,265,13851,1978,5v7y_AKG_B_302,5,autodock,0.77300451,0.88499566,8.2338324,0,0.83289745,20.754805
11955,265,2406,343,1r4s_MUA_A_800,5,autodock,0.66003241,0.88388452,7.4621067,0,0,1.9358777
11956,265,9581,1368,4o7g_ASC_A_303,5,autodock,0.63843754,0.88054513,7.0392923,0,0.33466706,10.497998
11957,265,1363,194,1jho_NIO_A_991,5,autodock,0.59586278,0.87603098,5.4874549,0,0,9.0682103
11958,265,3561,508,1zuw_DGL_B_2301,5,autodock,0.77466206,0.87549908,8.4818182,0,0.99613861,22.207023
11959,265,11352,1621,5cr1_STL_B_201,5,autodock,0.53605384,0.87236458,3.2336054,0,0,6.6943505
11960,265,5731,818,2xoz_AMP_B_1664,5,autodock,0.53780186,0.86891235,3.3858864,0,0.063195439,2.6352419
11961,265,1860,265,1mrj_ADN_A_300,5,autodock,0.54313082,0.86835754,3.9377654,0,0,9.0060748
11962,265,8223,1174,4e7v_CRS_M_101,5,autodock,0.62312473,0.86568737,6.6030335,0,0.22673155,38.383922
11963,265,17442,2491,6uzr_QM1_B_301,5,autodock,0.6681739,0.86567034,8.0865755,0,0,174.69665
11964,265,12423,1774,5iav_MLI_B_302,5,autodock,0.63643495,0.86492856,7.3244972,0,0,8.0280775
11965,265,10736,1533,4zib_4OG_A_512,5,autodock,0.63902253,0.86120203,7.4784303,0,0,8.4547552
11966,265,4688,669,2j9e_AKG_C_1119,5,autodock,0.78648993,0.85701369,9.1658039,0,0.994463,5.0445008
11967,265,11373,1624,5d9w_ASC_A_301,5,autodock,0.5655363,0.85652959,5.4258475,0,0.013877261,12.025835
11968,265,1419,202,1jw0_GUA_B_999,5,autodock,0.65601591,0.85537815,8.0483627,0,2.5129456e-06,6.5619947
11969,265,6277,896,3r3z_GOA_B_305,5,autodock,0.83574061,0.85320216,9.7966146,0,0.96427277,16.675394
11970,265,8762,1251,4i6w_1CO_B_1001,5,autodock,0.6891011,0.85028756,8.5982971,0,0.53481818,7.2599447
11971,265,6270,895,3r3z_GOA_A_305,5,autodock,0.82123473,0.8492372,9.7966146,0,0.95397998,13.226098
11972,265,3764,537,2bdg_PBZ_A_301,5,autodock,0.63867528,0.84699492,7.7866435,0,0,7.6677372
11973,265,6291,898,3r3z_GOA_D_305,5,autodock,0.79781089,0.84694793,9.6375694,0,0.93602526,8.669002
11974,265,6284,897,3r3z_GOA_C_305,5,autodock,0.81401817,0.84630018,9.7966146,0,0.93125091,10.74271
11975,265,14026,2003,5w8q_BU4_A_400,5,autodock,0.71183738,0.84532163,8.7878256,0,0.7540742,12.773329
11976,265,4135,590,2euq_BVC_A_401,5,autodock,0.58493164,0.8427574,5.9499083,0,0,7.420649
11977,265,14033,2004,5w8q_BU4_B_400,5,autodock,0.7135643,0.84135675,8.9029255,0,0.7589495,18.342636
11978,266,6235,890,3qss_MTG_B_405,5,autodock,0.65087785,1.0092065,5.0918531,0,0.0017827239,6.9792081
11979,266,9546,1363,4np7_DPJ_A_403,5,autodock,0.8229423,0.99553609,6.3530612,0,0.94195671,31.340341
11980,266,6228,889,3qss_MTG_A_405,5,autodock,0.63172883,0.98848744,5.0918531,0,0.00092309368,6.9805688
11981,266,12696,1813,5je1_TOF_A_302,5,autodock,0.63996626,0.98175519,5.3436327,0,0,656.71572
11982,266,12703,1814,5je1_TOF_B_302,5,autodock,0.63975291,0.97873087,5.3765187,0,0,573.8316
11983,266,488,69,1eyw_PEL_A_404,5,autodock,0.52829423,0.91228737,3.9867575,0,0,5.807417
11984,266,13606,1943,5u5g_7VD_A_302,5,autodock,0.77791238,0.88997588,7.9933424,0,0.88752517,6.2357477
11985,266,7103,1014,3wwc_BUA_A_403,5,autodock,0.52106017,0.88769115,3.9325933,0,2.8717599e-05,4.6497865
11986,266,9007,1286,4jzx_476_B_402,5,autodock,0.65624418,0.88765573,7.3280764,0,0,17.790473
11987,266,6613,944,3v1m_HPK_A_288,5,autodock,0.65853397,0.88569627,7.4139709,0,0.42212259,19.447594
11988,266,15118,2159,6f6a_CU5_A_301,5,autodock,0.83420204,0.88493019,8.7470083,0,0.9889204,68.7746
11989,266,7096,1013,3wwc_BUA_A_402,5,autodock,0.52771726,0.88460801,4.3704228,0,0.078037693,7.1368931
11990,266,3274,467,1y2x_NAG_C_2144,5,autodock,0.85255326,0.88017236,8.9733639,0,0.99443852,9.978876
11991,266,13613,1944,5u5g_7VD_B_302,5,autodock,0.75042342,0.88007839,7.9933424,0,0.8537781,6.3451669
11992,266,5857,836,2y4j_LAC_A_400,5,autodock,0.60456422,0.87882393,5.94103,0,0.00064530415,5.5024134
11993,266,5626,803,2wj4_HQD_D_1278,5,autodock,0.80793448,0.87681501,8.7300587,0,0.99434763,640.54897
11994,266,5619,802,2wj4_HQD_B_1278,5,autodock,0.80713869,0.87666078,8.7300587,0,0.99121738,708.39925
11995,266,15125,2160,6f6a_CU5_B_301,5,autodock,0.78693972,0.86566578,8.7470083,0,0.99606177,130.18129
11996,266,285,40,1d6u_HY1_A_2001,5,autodock,0.61942475,0.86321958,6.9780045,0,0.0056933056,19.130346
11997,266,8370,1195,4f8n_PC_A_202,5,autodock,0.52051421,0.86147849,4.2859621,0,0,4.5116495
11998,266,9994,1427,4tq4_DMA_A_403,5,autodock,0.83002984,0.85676196,9.4535608,0,0.0081736772,7.9839197
11999,266,3281,468,1y2x_NAG_D_3144,5,autodock,0.78527702,0.85438815,8.9733639,0,0.9904881,13.924109
12000,266,11940,1705,5fuv_THM_A_1388,5,autodock,0.6397761,0.84864367,7.9155407,0,0,611.11595
12001,266,292,41,1d6u_HY1_B_3001,5,autodock,0.61561191,0.84590139,6.9780045,0,0.0066721363,21.943086
12002,266,15881,2268,6l7v_3PO_A_302,5,autodock,0.58310703,0.84172207,6.095355,0,0.00024765947,5.1350656
12003,266,16945,2420,6rum_TOP_A_301,5,autodock,0.61029673,0.83660299,6.9604974,0,0.0078148814,16.824838
12004,266,9609,1372,4ocj_NDG_A_401,5,autodock,0.82207739,0.83234814,10.077577,0,0.98897583,184.44036
12005,266,14971,2138,6cwr_6LA_A_201,5,autodock,0.80530338,0.83183926,9.9440775,0,0.98296262,102.12582
12006,266,10001,1428,4tq4_DMA_C_403,5,autodock,0.76059051,0.82707153,9.4435892,0,0.73722447,8.8303268
12007,266,9658,1379,4p7q_NAG_A_703,5,autodock,0.84075703,0.82520161,10.488891,0,0.92021658,11.063533
12008,266,12864,1837,5kf2_COA_A_401,5,autodock,0.58425789,0.82487661,6.4563651,0,0.36469823,17.421727
12009,266,9574,1367,4nv0_MG7_A_403,5,autodock,0.59633622,0.82467781,6.7719946,0,0,15.806119
12010,266,1853,264,1moo_4MZ_A_265,5,autodock,0.53715628,0.82440786,5.8521132,0,0.42756819,1.6095243
12011,266,5150,735,2qhv_OC9_A_1001,5,autodock,0.74887981,0.82406963,9.4310322,0,0.72920703,7.5736413
12012,266,9903,1414,4rg3_ECE_A_603,5,autodock,0.77607514,0.82362856,9.699069,0,0.97258257,3.0145886
12013,266,16707,2386,6qhu_FAH_A_401,5,autodock,0.65416018,0.82360682,8.8507967,0,0.63294804,12.914764
12014,266,1272,181,1j0y_BGC_B_2601,5,autodock,0.78228976,0.82319212,9.7949286,0,0.99208799,16.23253
12015,266,10008,1429,4tq4_DMA_D_403,5,autodock,0.727218,0.82072316,9.4455833,0,0.68146827,7.7520249
12016,266,1286,183,1j0y_BGC_D_4601,5,autodock,0.77941446,0.81953358,9.8602333,0,0.9954937,21.26445
12017,266,8545,1220,4hey_4MZ_A_308,5,autodock,0.53045925,0.81820559,5.6021118,0,6.1877194e-08,1.2880469
12018,266,10099,1442,4uc9_ASP_C_1300,5,autodock,0.68877393,0.81578959,9.489069,0,0.50945192,11.74874
12019,266,11324,1617,5clo_NS8_M_101,5,autodock,0.51488145,0.81228143,4.2521358,0,0.97555121,10.821983
12020,266,15559,2222,6hqr_3DM_A_502,5,autodock,0.61272315,0.81057494,7.6925206,0,0,9.1768155
12021,266,5395,770,2uyv_TLA_D_1275,5,autodock,0.79467312,0.81015894,10.41983,0,0.80641514,11.14523
12022,266,9721,1388,4pik_MAN_C_503,5,autodock,0.78769563,0.80961859,10.368379,0,0.99472734,12.693859
12023,266,3638,519,2a9z_26A_A_1002,5,autodock,0.61518571,0.80910317,7.813457,0,0,115.44431
12024,266,11835,1690,5fc5_PC_A_516,5,autodock,0.59683763,0.80904851,7.1452699,0,0,5.8615223
12025,266,9000,1285,4jzx_476_A_402,5,autodock,0.60684395,0.80880992,7.4887681,0,0,17.168883
12026,266,110,15,1aog_MAE_A_500,5,autodock,0.62230371,0.80730895,8.4509544,0,0,6.3449675
12027,266,12409,1772,5i9m_69K_C_302,5,autodock,0.66569346,0.80560472,9.6228399,0,0.00062968485,15.37128
12028,267,3302,471,1yik_MM1_A_500,5,autodock,0.50542241,0.92786278,3.6994777,0,0,2.1703113
12029,267,1930,275,1ngp_NPA_H_302,5,autodock,0.82561249,0.91373276,7.8279028,0,0.99041332,13.292604
12030,267,13116,1873,5mot_HBD_A_401,5,autodock,0.66466935,0.87642541,7.7453375,0,0,6.2479624
12031,267,6298,899,3r51_MMA_A_200,5,autodock,0.78808564,0.87283389,8.4735947,0,0.99414591,12.377559
12032,267,17253,2464,6tfb_N6W_B_202,5,autodock,0.66120595,0.86843533,7.8790989,0,0,3.2760387
12033,267,13893,1984,5vl0_BNF_D_404,5,autodock,0.64627695,0.86686995,7.7441969,0,0,4.6977612
12034,267,3421,488,1zei_CRS_B_56,5,autodock,0.61286678,0.86256864,6.9006371,0,0.00017594343,10.149811
12035,267,4758,679,2npq_BOG_A_1000,5,autodock,0.80734728,0.85012345,9.2685843,0,0.94542792,31.67147
12036,267,2294,327,1pwz_RSO_B_256,5,autodock,0.81579252,0.8474987,9.4047928,0,0.88966781,9.9532028
12037,267,17120,2445,6szl_M3E_B_604,5,autodock,0.64426989,0.83617565,8.4823494,0,0,16.428969
12038,267,3428,489,1zei_CRS_C_56,5,autodock,0.59355254,0.83195711,6.9615111,0,0.26352222,11.326139
12039,267,3449,492,1zei_CRS_F_54,5,autodock,0.59276989,0.83110973,6.9615111,0,0.27306059,9.2585457
12040,267,7425,1060,4al9_GLA_D_1123,5,autodock,0.78972839,0.82250281,9.9106588,0,0.99493079,20.146867
12041,267,7404,1057,4al9_GLA_A_1123,5,autodock,0.78969278,0.82235499,9.9106588,0,0.99717157,19.538758
12042,267,7411,1058,4al9_GLA_B_1123,5,autodock,0.78877212,0.82132021,9.9106588,0,0.9964507,22.712599
12043,267,7432,1061,4al9_GLA_E_1123,5,autodock,0.78872057,0.82102456,9.9106588,0,0.99724919,13.390451
12044,267,13886,1983,5vl0_BNF_A_404,5,autodock,0.61889668,0.82092277,8.3328114,0,0,4.8584775
12045,267,14824,2117,6ayv_MLI_A_409,5,autodock,0.81048804,0.81900127,10.202868,0,0.8776113,9.8496917
12046,267,257,36,1ck6_SHA_A_900,5,autodock,0.50103769,0.81762736,4.8310561,0,1.3620498e-09,4.1766065
12047,267,495,70,1eyw_TEN_A_403,5,autodock,0.68168167,0.81577624,9.5378857,0,0.54223483,11.366254
12048,267,6130,875,2zvq_1NP_X_501,5,autodock,0.62612823,0.81365818,8.7207489,0,0,4.334389
12049,267,11177,1596,5bwd_FUM_A_901,5,autodock,0.63329532,0.81341408,8.8858843,0,0,8.3128254
12050,267,1979,282,1ns4_BGC_A_1400,5,autodock,0.85070655,0.8130761,10.865966,0,0.98342128,26.64295
12051,267,131,18,1axg_ETF_A_404,5,autodock,0.80402316,0.81182669,10.378404,0,0.92673304,5.5044764
12052,267,10127,1446,4ud9_FQI_H_1257,5,autodock,0.61331624,0.81008164,8.1884937,0,0.004033556,9.1146152
12053,267,1986,283,1ns4_BGC_B_2400,5,autodock,0.81583677,0.8056131,10.682664,0,0.95400933,20.532797
12054,267,789,112,1h0v_UN4_A_1299,5,autodock,0.66331102,0.80523242,9.5928593,0,1.049296e-08,10.0128
12055,267,8853,1264,4ioq_BAQ_A_201,5,autodock,0.51944245,0.80483154,6.3624902,0,0,1.7812214
12056,267,3414,487,1zei_CRS_A_54,5,autodock,0.56239453,0.80326277,6.8919787,0,0.28803427,17.590532
12057,267,138,19,1axg_ETF_B_404,5,autodock,0.78166582,0.80276369,10.277825,0,0.97389817,4.7807348
12058,267,4142,591,2eus_ABN_A_400,5,autodock,0.60871911,0.80147401,8.1422987,0,0,12.574066
12059,267,145,20,1axg_ETF_C_404,5,autodock,0.76616361,0.80096008,10.232973,0,0.92464831,4.3787133
12060,267,10407,1486,4x36_CHT_A_409,5,autodock,0.6107833,0.79901507,8.2793503,0,0,2.778036
12061,267,152,21,1axg_ETF_D_404,5,autodock,0.7750087,0.79755331,10.384775,0,0.90992849,4.0400035
12062,267,11611,1658,5eo7_SFU_A_401,5,autodock,0.74465671,0.79552471,10.313972,0,0.84749629,8.0592614
12063,267,9714,1387,4pik_MAN_B_503,5,autodock,0.74331594,0.79502578,10.320707,0,0,6.3119401
12064,267,9700,1385,4pik_MAN_A_501,5,autodock,0.67804427,0.79460891,10.183817,0,0.28940064,11.056288
12065,267,11674,1667,5eo7_SFU_C_403,5,autodock,0.72909967,0.79412729,10.316827,0,0.81217591,10.377013
12066,267,11625,1660,5eo7_SFU_A_403,5,autodock,0.68951905,0.79136334,10.316827,0,0.58348336,9.3171664
12067,267,13494,1927,5tde_2HP_A_502,5,autodock,0.53847464,0.79054512,6.8870392,0,0.19945812,3.8728476
12068,267,11653,1664,5eo7_SFU_B_403,5,autodock,0.66904592,0.78714467,10.316827,0,0.57034555,7.7526685
12069,267,17736,2533,7bqu_EF2_A_501,5,autodock,0.63654592,0.78303031,9.901371,0,0,66.436312
12070,267,2532,361,1sep_BIO_A_801,5,autodock,0.6039461,0.77952911,8.589921,0,1.6680786e-08,7.3687904
12071,267,11562,1651,5e4o_L57_A_201,5,autodock,0.6449644,0.7790053,10.158541,0,0,6.65007
12072,267,8944,1277,4jb0_ENO_A_402,5,autodock,0.82969,0.7787915,11.821016,0,0.99515966,51.72851
12073,267,5087,726,2qb4_LEU_A_601,5,autodock,0.77493321,0.77700579,11.07539,0,0.96165993,26.542633
12074,267,14663,2094,6a1f_9OF_A_807,5,autodock,0.62838687,0.77617331,9.9125814,0,0,12.21632
12075,267,3869,552,2bxh_IOS_A_1001,5,autodock,0.60780885,0.77077791,8.9642258,0,3.557264e-05,46.633406
12076,267,3456,493,1zei_CRS_F_55,5,autodock,0.51295069,0.76861558,7.0140638,0,0.058317537,8.3399073
12077,267,3897,556,2c3d_COM_B_1526,5,autodock,0.78738704,0.76492927,11.756571,0,0.99266624,11.58964
12078,268,4982,711,2pir_NK_A_933,5,autodock,0.67566803,0.9860073,5.5547523,0,0.53172694,5.8778344
12079,268,4240,605,2fhn_BNI_Y_502,5,autodock,0.66986449,0.94379215,6.2272496,0,0,7.8970803
12080,268,12773,1824,5jj2_MLI_A_303,5,autodock,0.74394249,0.9104384,7.1025343,0,0.79774644,5.4426445
12081,268,4233,604,2fhn_BNI_X_501,5,autodock,0.60894942,0.88535355,6.2272496,0,0,9.9911089
12082,268,4534,647,2i1v_FDP_B_710,5,autodock,0.61132809,0.87745184,6.5387058,0,7.2858691e-05,15.912478
12083,268,12724,1817,5jep_EVF_B_302,5,autodock,0.79636401,0.86573058,8.3915958,0,0.9987308,5.1717751
12084,268,1160,165,1if4_FBS_A_555,5,autodock,0.62800561,0.8598621,7.4941592,0,0,4.651028
12085,268,14859,2122,6ba2_7KM_A_809,5,autodock,0.84852206,0.84707684,9.4662018,0,0.99704444,14.788489
12086,268,16504,2357,6pdd_O9S_A_803,5,autodock,0.84822189,0.84594389,9.4729137,0,0.98846031,12.709903
12087,268,2315,330,1pzy_NAG_B_405,5,autodock,0.80233062,0.84593353,9.059886,0,0.99650131,11.51734
12088,268,13207,1886,5nov_93B_A_201,5,autodock,0.49433576,0.84104476,5.0240335,0,0,2.7733466
12089,268,13599,1942,5tzr_MLI_A_2403,5,autodock,0.48534559,0.84053228,3.9797454,0,4.892547e-06,4.9403161
12090,268,11121,1588,5b4o_6DQ_B_201,5,autodock,0.59734233,0.83901098,6.8849263,0,0,7.5404999
12091,268,9630,1375,4ox5_DAL_A_307,5,autodock,0.71554427,0.83721772,8.8517456,0,0.598305,7.2810323
12092,268,12745,1820,5jg5_EVF_B_301,5,autodock,0.62828603,0.83533661,8.1102743,0,0.00014915668,4.8128826
12093,268,10519,1502,4y14_C0A_A_407,5,autodock,0.79074382,0.83403179,9.159585,0,0.97565494,12.861954
12094,268,11114,1587,5b4o_6DQ_A_201,5,autodock,0.59026366,0.8322352,6.8849263,0,0,7.1027875
12095,268,12759,1822,5jj2_MLI_A_301,5,autodock,0.59943699,0.82620195,7.2544866,0,0.20238548,5.3901869
12096,268,15433,2204,6hgl_TES_A_401,5,autodock,0.59173116,0.82586753,7.0700049,0,0,32.216441
12097,268,10526,1503,4y14_C0A_B_404,5,autodock,0.72758891,0.8241707,9.2562132,0,0.83166408,13.922411
12098,268,7600,1085,4bvh_OCZ_A_1393,5,autodock,0.6344237,0.82393546,8.5734501,0,0,614.60411
12099,268,12913,1844,5kxb_NGA_C_305,5,autodock,0.84909081,0.82358898,10.200663,0,0.9815442,17.556991
12100,268,3876,553,2c3d_COM_A_1525,5,autodock,0.78497161,0.82213966,9.4783335,0,0.95850336,14.569496
12101,268,12906,1843,5kxb_NGA_A_307,5,autodock,0.84430192,0.81905573,10.200663,0,0.98670514,14.686775
12102,268,3358,479,1z3n_3NA_A_320,5,autodock,0.84265493,0.81526269,10.280668,0,0.98128678,21.325555
12103,268,12689,1812,5jdv_EVF_B_302,5,autodock,0.62855685,0.81454543,8.7009401,0,0.00012677624,4.8497003
12104,268,12920,1845,5kxb_NGA_D_301,5,autodock,0.82587169,0.81423001,10.200663,0,0.93258687,20.327054
12105,268,16861,2408,6rbx_JYT_A_301,5,autodock,0.53051115,0.81110381,6.3914614,0,0,4.7439637
12106,269,2672,381,1tf8_TRP_A_913,5,autodock,0.87714142,1.0004589,5.7530427,0,0.98885047,12.335945
12107,269,10456,1493,4xpq_FUL_A_1003,5,autodock,0.8559377,0.88259919,8.1249323,0,0.9758683,15.751154
12108,269,12731,1818,5jep_EVF_B_303,5,autodock,0.62171201,0.87439916,6.7428684,0,0.51514023,4.0989106
12109,269,1965,280,1now_IFG_B_558,5,autodock,0.80258124,0.87100182,7.944788,0,0.98505966,13.700186
12110,269,6221,888,3qk1_BEN_A_1010,5,autodock,0.79555832,0.86356001,8.0566778,0,0.99729181,11.319592
12111,269,14194,2027,5xh2_NPO_A_305,5,autodock,0.49066577,0.84502168,4.6860747,0,0,5.3351871
12112,269,2728,389,1tkj_MED_A_913,5,autodock,0.48516789,0.82352896,4.855587,0,0.68288373,14.001042
12113,269,726,103,1gkc_NFH_A_1448,5,autodock,0.61538216,0.81944507,7.863008,0,0,12.622641
12114,269,5640,805,2wzh_NGO_A_1589,5,autodock,0.79639538,0.81791618,9.3905191,0,0.99407697,177.00399
12115,269,4121,588,2ef9_PEP_B_2268,5,autodock,0.7756138,0.8152753,9.3228455,0,0.79017853,7.4541714
12116,269,12717,1816,5jeh_EVF_B_302,5,autodock,0.60043718,0.8134985,7.398757,0,0.00064479874,8.0351716
12117,269,14845,2120,6b6r_BEN_A_302,5,autodock,0.79444484,0.81057724,9.5765114,0,0.99468222,5.6741296
12118,269,11023,1574,5af9_SJR_H_1250,5,autodock,0.62979633,0.80896297,8.6003523,0,0,7.1867314
12119,269,17064,2437,6sux_BEN_A_302,5,autodock,0.79450321,0.80883643,9.6375771,0,0.99569921,5.8809071
12120,269,17071,2438,6svu_BEN_A_302,5,autodock,0.79444146,0.80853982,9.6375771,0,0.9950621,5.8262792
12121,269,6305,900,3rgz_BLD_A_800,5,autodock,0.87886857,0.80823855,10.651982,0,0.98508357,23.066003
12122,269,1202,171,1isx_XYP_A_1461,5,autodock,0.67660379,0.80658235,9.3224115,0,0.038512995,11.904729
12123,269,600,85,1fwn_PEP_A_1268,5,autodock,0.6641682,0.7997793,9.3143454,0,0.002611054,6.7522297
12124,269,17092,2441,6sxr_KHP_A_513,5,autodock,0.67121211,0.79921799,9.4430008,0,0,17.049033
12125,269,6193,884,3qgz_ADN_A_127,5,autodock,0.79300242,0.79479783,10.075911,0,0.98538912,15.954709
12126,269,15664,2237,6jea_NAG_A_501,5,autodock,0.6605183,0.79435235,9.4505978,0,0.97165953,12.717711
12127,269,1153,164,1ia1_TQ3_B_196,5,autodock,0.85919962,0.79186835,10.97047,0,0.70707169,12.144318
12128,269,733,104,1gkc_NFH_B_1449,5,autodock,0.59415968,0.78802539,7.8990521,0,0,11.477288
12129,269,2742,391,1tl2_NDG_A_238,5,autodock,0.86003771,0.78302795,11.313004,0,0.98014289,20.072807
12130,269,13137,1876,5n5k_8NW_A_307,5,autodock,0.55890618,0.77869869,7.2490525,0,0,10.040415
12131,269,194,27,1bqp_MAN_C_402,5,autodock,0.8478735,0.77802023,11.317554,0,0.98157457,24.430943
12132,269,7649,1092,4c7g_NGO_A_1495,5,autodock,0.63050234,0.77736598,9.608593,0,0.00072545102,56.525412
12133,269,12752,1821,5jg5_EVF_B_302,5,autodock,0.54173918,0.77305395,7.2014894,0,0.00011921058,4.1368357
12134,269,2756,393,1tl2_NDG_A_241,5,autodock,0.84415651,0.77279013,11.450324,0,0.91474386,23.857513
12135,269,2462,351,1ruk_BEZ_H_601,5,autodock,0.48501027,0.77120028,5.9928594,0,0.0090563881,6.0011609
12136,269,8181,1168,4dwv_PFB_A_378,5,autodock,0.80408011,0.76655638,11.285205,0,0.97711035,13.077103
12137,269,8188,1169,4dwv_PFB_B_378,5,autodock,0.79709022,0.76459874,11.285205,0,0.97598258,8.9208606
12138,269,11569,1652,5e4o_L57_B_201,5,autodock,0.54419638,0.76363583,7.4812889,0,0,6.8410491
12139,269,187,26,1bqp_MAN_B_401,5,autodock,0.79644329,0.7632141,11.317554,0,0.99240612,26.866589
12140,269,17085,2440,6sxr_KHP_A_507,5,autodock,0.59388725,0.75854207,8.7782145,0,0,11.653792
12141,269,14187,2026,5xdt_ZI7_A_403,5,autodock,0.61358023,0.75807653,9.6955242,0,0,11.782371
12142,269,12836,1833,5kcp_PFB_A_378,5,autodock,0.68217386,0.75552278,11.21287,0,0.1994283,9.7285136
12143,269,5955,850,2z48_NGA_A_1003,5,autodock,0.81617232,0.75548071,11.93697,0,0.88625975,14.28987
12144,269,2735,390,1tl2_NDG_A_237,5,autodock,0.77301971,0.75461408,11.465395,0,0.91981646,14.749067
12145,269,12381,1768,5i93_69O_A_202,5,autodock,0.61021879,0.75203715,9.6997452,0,0.6215499,7.9072254
12146,269,14551,2078,5z9b_AX7_A_304,5,autodock,0.49825938,0.75192205,7.2036877,0,0,6.7212392
12147,269,10050,1435,4u2a_A2G_A_303,5,autodock,0.7950384,0.75125342,11.759722,0,0.98890218,25.20824
12148,269,3106,443,1wmz_A2G_B_502,5,autodock,0.58436244,0.75061306,8.771637,0,0.056390025,12.903148
12149,269,2826,403,1u18_HSM_B_402,5,autodock,0.5481939,0.74850978,7.976171,0,1.181668e-07,3.427499
12150,269,12850,1835,5kcp_PFB_B_378,5,autodock,0.66687479,0.74725268,11.21287,0,1.687954e-07,13.466048
12151,269,1944,277,1nmm_NAG_B_403,5,autodock,0.80773456,0.74661384,12.161034,0,0.9959926,29.601073
12152,269,10750,1535,4zjz_BEZ_B_601,5,autodock,0.61150174,0.7457956,10.016874,0,8.5791979e-07,6.0939482
12153,269,10743,1534,4zjz_BEZ_A_1001,5,autodock,0.61121994,0.74491836,10.016874,0,7.8630469e-08,7.2220119
12154,269,1951,278,1nmm_NAG_D_527,5,autodock,0.80273517,0.74484686,12.161034,0,0.98266007,45.501763
12155,269,3470,495,1zgj_P1S_A_0,5,autodock,0.66975049,0.74474885,11.386203,0,0,85.715342
12156,270,12892,1841,5kmj_6UF_A_901,5,autodock,0.87189009,0.9072028,7.6332688,0,0.95625447,206.6867
12157,270,7320,1045,4a9j_TYL_B_1187,5,autodock,0.60767872,0.88823931,5.9184494,0,0,6.4525092
12158,270,6438,919,3sp6_IL2_A_901,5,autodock,0.91317206,0.8805173,8.5724049,0,0.98685155,49.912555
12159,270,2623,374,1t5z_DHT_A_931,5,autodock,0.63195033,0.86739017,7.2279568,0,0,500.21845
12160,270,16616,2373,6q4b_HHN_A_301,5,autodock,0.49630276,0.86398553,4.9530096,0,0.0032037636,3.2739971
12161,270,9616,1373,4ofu_DHT_A_1001,5,autodock,0.62531371,0.86054211,7.2405233,0,0,525.48528
12162,270,4975,710,2pir_DHT_A_931,5,autodock,0.62665798,0.85159337,7.510313,0,0,367.04509
12163,270,7327,1046,4a9j_TYL_C_1184,5,autodock,0.54735843,0.83748066,5.9607129,0,0,7.4015083
12164,270,4933,704,2ot7_OGA_A_500,5,autodock,0.73302885,0.82881634,9.0006342,0,0.0029750985,9.2964325
12165,270,8951,1278,4jh6_FCN_A_202,5,autodock,0.54168583,0.82693787,6.1234746,0,0,11.276771
12166,270,7467,1066,4b1f_DGL_B_1256,5,autodock,0.88678705,0.82205538,10.128391,0,0.97997862,16.442479
12167,270,7460,1065,4b1f_DGL_A_1257,5,autodock,0.88175668,0.82087617,10.128391,0,0.97009739,25.844026
12168,270,2119,302,1ovk_NYL_A_405,5,autodock,0.83314517,0.81296415,9.9075251,0,0.9925805,173.74115
12169,270,5416,773,2v32_BEZ_C_1222,5,autodock,0.6249043,0.80899325,8.578208,0,0.087030557,8.6076804
12170,270,12542,1791,5irw_D9P_A_202,5,autodock,0.80606067,0.80751929,9.8277779,0,0.93181556,39.620989
12171,270,5409,772,2v32_BEZ_A_1222,5,autodock,0.6205427,0.80726688,8.4866438,0,0.052163348,9.1561119
12172,270,15930,2275,6lit_2OH_A_501,5,autodock,0.60639649,0.80644859,7.8388667,0,0,358.22857
12173,270,8013,1144,4d4u_FUC_A_950,5,autodock,0.8201376,0.80179604,10.110738,0,0.99216204,9.3958503
12174,270,9924,1417,4rje_PYR_B_402,5,autodock,0.81621876,0.79966383,10.132916,0,0.9615893,4.5661629
12175,270,5136,733,2qg6_NMN_A_301,5,autodock,0.68149916,0.79921896,9.6646194,0,0,16.435797
12176,270,2329,332,1q20_PLO_A_401,5,autodock,0.6764021,0.7968334,9.6739368,0,0,51.649052
12177,270,13585,1940,5tvr_AKG_A_402,5,autodock,0.84207888,0.79517178,10.64178,0,0.8724767,5.6656555
12178,270,17778,2539,7jo3_VGS_A_302,5,autodock,0.82416523,0.79365614,10.480597,0,0.99382982,5.7880764
12179,270,15622,2231,6ijp_IMP_A_402,5,autodock,0.63960862,0.79222923,9.4130745,0,0,124.99269
12180,270,13592,1941,5tvr_AKG_B_402,5,autodock,0.82535058,0.78929522,10.650124,0,0.83489415,6.9638138
12181,270,9427,1346,4n4j_HG1_A_605,5,autodock,0.49159275,0.7889946,6.4682817,0,7.5086421e-05,4.0043192
12182,270,12941,1848,5l9v_OGA_A_502,5,autodock,0.57867808,0.78861845,7.6185784,0,0.00036504976,15.893863
12183,270,15937,2276,6lit_2OH_B_501,5,autodock,0.58468603,0.78783325,7.8388667,0,0,5.9283446
12184,270,12024,1717,5g44_YTZ_A_1512,5,autodock,0.66035516,0.78369305,9.9525871,0,0,7.0356821
12185,270,2917,416,1uqx_MMA_A_1116,5,autodock,0.6231703,0.77945699,9.4393892,0,0.015507171,12.34706
12186,270,5059,722,2qab_EI1_A_1,5,autodock,0.61609507,0.77883003,9.0569887,0,0,354.53891
12187,270,16728,2389,6qo4_97T_A_301,5,autodock,0.65788499,0.77841391,10.103207,0,0.00093715661,338.1129
12188,270,2098,299,1o8a_NXA_A_702,5,autodock,0.88469463,0.77650235,11.748097,0,0.99112529,5.5811626
12189,270,7089,1012,3wur_O4B_B_204,5,autodock,0.57802582,0.77505791,7.9820347,0,0,2.8805516
12190,270,11100,1585,5av4_GEN_A_400,5,autodock,0.68859889,0.77407719,10.698663,0,0,37.80512
12191,270,10141,1448,4ug6_H4B_A_902,5,autodock,0.45359055,0.7696478,4.1961117,0,3.3565817e-10,4.9943913
12192,270,7488,1069,4b1y_LAB_B_1376,5,autodock,0.6434091,0.76823274,10.342632,0,0,83.236357
12193,270,7544,1077,4bdr_KAI_B_900,5,autodock,0.83253146,0.7669157,11.553015,0,0.98520634,33.54049
12194,270,7726,1103,4cjv_IV2_B_1215,5,autodock,0.61427276,0.76575775,9.2663612,0,0.05171607,16.229365
12195,270,12045,1720,5g4r_LF1_D_1739,5,autodock,0.66452244,0.76397073,10.703975,0,0,21.77383
12196,270,4541,648,2i6p_4NP_A_401,5,autodock,0.47152791,0.76307419,5.1977706,0,0,5.0073457
12197,270,17463,2494,6v9f_QTS_B_2001,5,autodock,0.49793238,0.76272151,7.284656,0,0,8.2187144
12198,270,11828,1689,5fay_CHT_A_908,5,autodock,0.62425399,0.7625034,10.039873,0,0,10.910324
12199,270,6606,943,3uud_EST_B_600,5,autodock,0.62219156,0.76135976,10.022864,0,0,517.67019
12200,270,1727,246,1lzz_IHG_A_830,5,autodock,0.47814837,0.75922793,6.1637955,0,0.0018228382,4.2044997
12201,270,705,100,1gim_HDA_A_438,5,autodock,0.61441407,0.75919432,9.5152874,0,0.93288062,7.6513641
12202,270,7313,1044,4a9j_TYL_A_1188,5,autodock,0.47680938,0.75872668,5.9184494,0,0,4.9409076
12203,270,17729,2532,7bp1_CAQ_D_401,5,autodock,0.84926285,0.7562221,12.241592,0,0.99569163,578.63465
12204,270,7838,1119,4clr_FDB_C_1270,5,autodock,0.6602444,0.75579497,10.951835,0,0,3.1989879
12205,270,7831,1118,4clr_FDB_B_1270,5,autodock,0.6731659,0.75542615,11.108485,0,0,3.4346797
12206,271,13102,1871,5mdh_MAK_A_335,5,autodock,0.69444047,0.91764399,7.6194048,0,0.50881286,6.9868835
12207,271,3197,456,1x8i_BMH_A_2,5,autodock,0.86325695,0.87653825,9.1307163,0,0.96127922,16.149034
12208,271,9560,1365,4npm_SIN_B_301,5,autodock,0.57847899,0.87091875,7.19842,0,0,7.0217571
12209,271,9553,1364,4npm_SIN_A_301,5,autodock,0.5719161,0.86466918,7.1890645,0,0,7.4742353
12210,271,11961,1708,5fwe_OGA_A_1358,5,autodock,0.52148953,0.83757349,6.9706864,0,0.00033863201,9.0643805
12211,271,4485,640,2hdk_COI_B_900,5,autodock,0.49851305,0.8244407,7.054224,0,0.0016312522,6.3081593
12212,271,12766,1823,5jj2_MLI_A_302,5,autodock,0.44319361,0.81936425,5.0687017,0,2.0313968e-05,4.5467329
12213,271,17218,2459,6t5p_VD8_D_302,5,autodock,0.82257364,0.81652859,10.483348,0,0.9918212,9.3205315
12214,271,3596,513,2a15_NCA_A_1001,5,autodock,0.58936056,0.81053698,8.957448,0,0,37.302804
12215,271,17204,2457,6t5p_VD8_A_302,5,autodock,0.82586581,0.81019093,10.728573,0,0.98949598,7.3145016
12216,271,2301,328,1pym_OXL_A_1001,5,autodock,0.45370677,0.80896505,6.4842868,0,0.0089501257,5.9667211
12217,271,13872,1981,5vjg_0BP_A_403,5,autodock,0.57485487,0.80789106,8.6082687,0,0.0068971911,4.3166119
12218,271,2308,329,1pym_OXL_B_1002,5,autodock,0.4540165,0.80599366,6.5618844,0,0.0028945493,6.7325734
12219,271,16973,2424,6s37_SAL_A_601,5,autodock,0.56923008,0.80460632,8.5610552,0,0.31959997,25.209019
12220,271,10400,1485,4x36_CHT_A_408,5,autodock,0.45073482,0.80195005,5.9579034,0,0,2.3777787
12221,271,8328,1189,4evi_C9M_A_402,5,autodock,0.68043037,0.80005353,10.530931,0,0,517.58972
12222,271,11639,1662,5eo7_SFU_B_401,5,autodock,0.56905303,0.7973528,8.7448425,0,0.43420721,7.8751904
12223,271,10414,1487,4x36_CHT_A_410,5,autodock,0.44868532,0.79272593,5.8926158,0,0,2.224216
12224,271,17211,2458,6t5p_VD8_B_302,5,autodock,0.63804121,0.78962335,10.483348,0,0.00066477262,7.7626787
12225,271,14425,2060,5ybl_AKG_C_302,5,autodock,0.73534341,0.78903691,11.108901,0,0.59756646,6.9596952
12226,271,3400,485,1zdq_MSM_B_1508,5,autodock,0.59048961,0.78691933,9.6627302,0,0,12.394364
12227,271,17015,2430,6s9g_L1Q_A_305,5,autodock,0.81037127,0.78405006,11.470454,0,0.99422471,24.12496
12228,271,1615,230,1kya_XYD_B_612,5,autodock,0.58550722,0.78327589,9.4874592,0,0,5.064953
12229,271,3407,486,1zdq_MSM_C_1509,5,autodock,0.58792834,0.78175972,9.6627302,0,0,9.2184712
12230,271,10239,1462,4uzi_IMD_B_1455,5,autodock,0.43915196,0.78056225,5.6419916,0,0,2.8406439
12231,271,82,11,1aj8_CIT_B_2000,5,autodock,0.86429901,0.77843729,12.148159,0,0.87865931,19.183617
12232,271,3526,503,1zng_HE4_A_202,5,autodock,0.45079793,0.77570889,6.5093689,0,0,9.9807361
12233,271,3211,458,1xdj_HCS_A_1050,5,autodock,0.65724298,0.7755503,11.141294,0,0.67478312,8.7521275
12234,271,3393,484,1zdq_MSM_A_1507,5,autodock,0.58181154,0.77472388,9.6627302,0,0,4.9567921
12235,271,12927,1846,5l1v_7PF_A_401,5,autodock,0.95234732,0.77317716,12.8757,0,0.99422414,6.4998893
12236,271,14446,2063,5ybp_AKG_B_302,5,autodock,0.71399756,0.77246496,11.64938,0,0.31675314,6.6485834
12237,271,14810,2115,6ayv_F6P_A_401,5,autodock,0.86939861,0.77198847,12.444298,0,0.92827897,12.20449
12238,271,10421,1488,4x36_CHT_A_411,5,autodock,0.44281975,0.76957861,5.9885592,0,0,2.4668991
12239,271,8979,1282,4jp3_CIT_A_301,5,autodock,0.46610262,0.76645372,8.0540142,0,0.086898461,16.049644
12240,271,5703,814,2xh0_PEP_C_1440,5,autodock,0.81062505,0.76551685,12.147749,0,0.99553368,8.8870706
12241,271,13508,1929,5tde_FLC_A_501,5,autodock,0.53551162,0.7622962,8.9670553,0,0.036585412,13.045023
12242,271,418,59,1e48_13P_P_302,5,autodock,0.51953445,0.76215874,8.7772236,0,2.7996094e-05,11.016124
12243,271,8510,1215,4gy9_ZIP_A_201,5,autodock,0.53059653,0.76004955,8.9714022,0,0.0030213452,4.0762848
12244,271,10344,1477,4ws1_URF_A_301,5,autodock,0.41986847,0.75862207,4.1330805,0,2.7300729e-05,4.0847668
12245,271,8916,1273,4j0k_EGR_B_501,5,autodock,0.44553284,0.75559554,6.4187417,0,0,19.946582
12246,271,2280,325,1pt8_OXL_B_801,5,autodock,0.45280941,0.75536623,7.5775657,0,9.9719391e-05,4.9143469
12247,271,12507,1786,5in3_G1P_B_418,5,autodock,0.63839542,0.75467246,11.702724,0,0.0038948247,12.855146
12248,271,14817,2116,6ayv_F6P_B_401,5,autodock,0.74979179,0.75356085,12.411246,0,0.83145779,11.553898
12249,271,4618,659,2isf_PAC_A_317,5,autodock,0.45252713,0.75168428,7.5702901,0,0.0012136637,5.3147204
12250,271,14558,2079,5z9b_HX3_A_303,5,autodock,0.45105926,0.74849488,7.1860113,0,0,21.570728
12251,271,5199,742,2qui_LTN_B_478,5,autodock,0.87173937,0.74613035,13.519828,0,0.98971903,10.558388
12252,271,7348,1049,4ajj_88R_B_1333,5,autodock,0.81782137,0.74541121,12.990895,0,0.98582353,17.086882
12253,271,5920,845,2z20_PLP_B_801,5,autodock,0.67083572,0.74452392,12.373221,0,0,15.797815
12254,271,14565,2080,5z9b_HX3_B_303,5,autodock,0.45054035,0.74408886,7.1860113,0,0,42.047875
12255,271,8552,1221,4hez_1MZ_A_302,5,autodock,0.43811904,0.74321655,6.258893,0,0,1.8110461
12256,272,2518,359,1s6h_4BZ_A_1,5,autodock,0.57840593,0.91091241,6.1829658,0,0,11.947188
12257,272,12955,1850,5la1_XYP_A_601,5,autodock,0.53849691,0.86212716,6.2833538,0,0.023796233,23.836726
12258,272,1076,153,1hdi_3PG_A_419,5,autodock,0.4459711,0.85145468,5.6628704,0,0.04265727,8.5252979
12259,272,4380,625,2g5v_22M_A_301,5,autodock,0.65210965,0.83027078,8.9220476,0,0,4.8274896
12260,272,1916,273,1nf0_13P_A_5001,5,autodock,0.51919419,0.82779704,6.7787538,0,0.00049370407,6.8635484
12261,272,1769,252,1m3u_KPL_H_265,5,autodock,0.86397861,0.82093019,10.16711,0,0.017237616,10.138779
12262,272,13676,1953,5ud0_13P_B_405,5,autodock,0.69861141,0.82042911,9.5386438,0,0.74190483,10.876546
12263,272,5304,757,2rbu_273_X_4001,5,autodock,0.4236666,0.8187675,5.5354233,0,1.7765627e-06,3.5069313
12264,272,1741,248,1m3u_KPL_C_265,5,autodock,0.84614467,0.81820988,10.16711,0,0.96571796,8.9785767
12265,272,1755,250,1m3u_KPL_E_265,5,autodock,0.82283729,0.80989781,10.16711,0,0.98606712,13.877852
12266,272,1734,247,1m3u_KPL_B_265,5,autodock,0.81460478,0.80778201,10.16711,0,0.88406971,9.1842282
12267,272,10372,1481,4wxb_CIT_B_501,5,autodock,0.75244411,0.80757459,10.010911,0,0.75484099,12.575778
12268,272,1580,225,1kuj_MMA_G_504,5,autodock,0.95662991,0.80634666,10.962796,0,0.99456837,11.63211
12269,272,908,129,1h48_CDI_D_201,5,autodock,0.95552691,0.80371598,11.045069,0,0.97648273,32.213828
12270,272,1762,251,1m3u_KPL_G_265,5,autodock,0.733313,0.80203912,10.16711,0,0.62243271,11.49152
12271,272,3134,447,1x09_IPE_A_901,5,autodock,0.51229319,0.80105082,7.3346868,0,0.018630758,5.861679
12272,272,1776,253,1m3u_KPL_I_265,5,autodock,0.68994796,0.79992332,10.16711,0,0.38922512,8.9092804
12273,272,7845,1120,4clr_FDB_D_1270,5,autodock,0.568549,0.79750086,8.5573874,0,0,3.5358264
12274,272,17659,2522,6ypv_AKG_A_302,5,autodock,0.53483878,0.79562542,7.795589,0,0.0292738,9.0919864
12275,272,12269,1752,5hss_64Z_E_402,5,autodock,0.75650434,0.7927138,10.516721,0,0.79985757,13.806009
12276,272,915,130,1h48_CDI_E_902,5,autodock,0.82948705,0.79110512,10.883426,0,0.98921254,27.029556
12277,272,1566,223,1kuj_MMA_C_502,5,autodock,0.82894839,0.78787161,10.99363,0,0.98809704,9.266211
12278,272,1573,224,1kuj_MMA_E_503,5,autodock,0.8302038,0.78645754,11.07106,0,0.99229678,12.435699
12279,272,523,74,1fk1_DAO_A_201,5,autodock,0.42787156,0.78632517,6.7241321,0,0,9.1224814
12280,272,9035,1290,4k5u_GAL_A_301,5,autodock,0.76441237,0.7830608,10.865734,0,0.88552765,13.339253
12281,272,1699,242,1lro_PEP_A_1268,5,autodock,0.51896629,0.77305185,8.1936169,0,0.036958221,6.0600208
12282,272,1748,249,1m3u_KPL_D_265,5,autodock,0.61180036,0.77196454,10.16711,0,0.56996392,9.8057514
12283,272,10876,1553,4zvz_4TF_B_503,5,autodock,0.72618057,0.77187384,11.215744,0,0.74024808,14.757305
12284,273,4044,577,2e1a_MSE_D_301,5,autodock,0.5956019,0.92486009,6.5499101,0,0.2562013,15.547924
12285,273,1482,211,1kae_HSO_A_1001,5,autodock,0.89444044,0.90979097,8.1885548,0,0.97297035,9.8184542
12286,273,17498,2499,6vmz_R3P_A_404,5,autodock,0.66147474,0.90741178,7.4870396,0,0,5.9922639
12287,273,7075,1010,3wur_O4B_B_201,5,autodock,0.5221623,0.85744664,6.622623,0,0,14.760963
12288,273,7082,1011,3wur_O4B_B_202,5,autodock,0.49416185,0.84905664,6.5850201,0,0,3.577292
12289,273,7068,1009,3wur_O4B_A_202,5,autodock,0.48801954,0.84742322,6.5925269,0,0,4.2227095
12290,273,8755,1250,4i6w_1CO_A_501,5,autodock,0.56596074,0.82914478,8.0947113,0,0.34718919,8.9848322
12291,273,8776,1253,4i6y_MEV_B_1001,5,autodock,0.58221426,0.82405024,8.6838188,0,0.49691222,8.6960388
12292,273,10337,1476,4wqq_MAN_D_204,5,autodock,0.41593409,0.81738911,5.342732,0,0.021003208,11.546593
12293,273,8706,1243,4i4v_NGA_A_201,5,autodock,0.9745198,0.81474953,11.04518,0,0.98220294,15.013525
12294,273,17743,2534,7bzm_GIM_B_501,5,autodock,0.64778211,0.79911361,10.172144,0,0,28.423947
12295,273,9567,1366,4nr9_ALY_A_2005,5,autodock,0.41377911,0.79435047,5.6036048,0,2.9051413e-09,6.9850238
12296,273,2924,417,1uux_PPI_A_1165,5,autodock,0.41804729,0.79199801,6.0345068,0,0.00013294618,2.9783871
12297,273,1678,239,1lqp_FCN_A_4002,5,autodock,0.42315211,0.78847776,7.0443292,0,0,32.321537
12298,273,13634,1947,5u5z_7VP_A_302,5,autodock,0.39780999,0.78359323,5.2853456,0,0.00017647346,10.223979
12299,273,10330,1475,4wqq_MAN_B_204,5,autodock,0.40143332,0.78316872,5.4670138,0,0.0073662928,12.53329
12300,273,4107,586,2ef9_A5P_A_1269,5,autodock,0.67306941,0.78293409,10.930559,0,0.57640037,12.68881
12301,273,8720,1245,4i4v_NGA_B_202,5,autodock,0.62445661,0.78275242,10.42849,0,8.7807817e-06,14.351371
12302,273,3477,496,1zha_PEP_A_1268,5,autodock,0.42197874,0.77746811,7.1942515,0,0.0037237175,7.4526936
12303,273,11849,1692,5fes_9SE_A_409,5,autodock,0.41881151,0.77651904,6.4981999,0,1.186284e-07,10.347892
12304,273,12241,1748,5hpu_IPH_A_101,5,autodock,0.57039114,0.77422802,9.7286081,0,0,5.1273814
12305,273,1685,240,1lqp_FCN_A_4004,5,autodock,0.39780522,0.77250841,5.5012379,0,0,6.2271723
12306,273,17610,2515,6xu3_PLP_D_401,5,autodock,0.97648446,0.77136712,12.649553,0,0.98505485,21.6755
12307,273,9847,1406,4qya_LU2_A_201,5,autodock,0.4239085,0.7677546,7.6715994,0,4.8444962e-08,11.475866
12308,273,17043,2434,6sj8_44V_A_901,5,autodock,0.62771673,0.76552124,11.075562,0,0,3.0080053
12309,273,15874,2267,6l68_ALL_A_202,5,autodock,0.42501391,0.76523329,7.8006234,0,0.0015704174,11.204933
12310,273,8174,1167,4dvw_0M4_B_512,5,autodock,0.59697621,0.76386626,10.713368,0,0.51528455,6.8077319
12311,273,9329,1332,4mju_27S_A_501,5,autodock,0.51236648,0.76385837,8.8276367,0,0.0001687637,18.260785
12312,273,5983,854,2z48_NGA_B_2003,5,autodock,0.79125796,0.76380956,11.987242,0,0.90260081,9.8301586
12313,273,3771,538,2bdg_PBZ_B_302,5,autodock,0.5731449,0.76292307,10.26497,0,0,7.6400389
12314,273,4681,668,2j5z_GAL_A_1278,5,autodock,0.4165825,0.76157193,6.5644412,0,0.0012811003,13.115521
12315,273,5969,852,2z48_NGA_A_1006,5,autodock,0.85871136,0.75908882,12.679249,0,0.81760958,15.682926
12316,273,6760,965,3vq4_0NX_B_303,5,autodock,0.4236297,0.75789299,7.8918519,0,2.3662986e-05,8.6273099
12317,273,5997,856,2z48_NGA_B_2006,5,autodock,0.84660936,0.75754138,12.679249,0,0.80576763,13.071513
12318,273,11366,1623,5d8u_0N8_A_203,5,autodock,0.41890648,0.75596277,6.9873853,0,2.8469653e-08,9.3888678
12319,273,4317,616,2fyd_BGC_D_530,5,autodock,0.57927517,0.75459654,10.742501,0,0.38386722,17.06504
12320,273,10981,1568,5abz_Z47_A_201,5,autodock,0.51742073,0.75447829,9.1960173,0,0,14.785093
12321,273,14040,2005,5wct_GY4_A_303,5,autodock,0.46932429,0.75134943,8.8073778,0,0,15.82964
12322,273,11926,1703,5fp9_4SV_A_1342,5,autodock,0.41978194,0.75102296,7.3151364,0,0,6.1861335
12323,273,5941,848,2z48_A2G_B_2005,5,autodock,0.6444039,0.74895222,11.870522,0,3.0247217e-07,10.165811
12324,273,14481,2068,5yfj_RUB_C_401,5,autodock,0.8778678,0.74852443,13.237143,0,0.84162842,29.638634
12325,273,14474,2067,5yfj_RUB_B_401,5,autodock,0.86913095,0.74728058,13.237143,0,0.77148208,28.453203
12326,273,12535,1790,5ip6_6C9_A_301,5,autodock,0.53732448,0.74330582,9.8641281,0,0,23.190507
12327,273,13879,1982,5vka_AKG_A_402,5,autodock,0.53183955,0.74266851,9.7719526,0,0.00048981706,14.074016
12328,273,439,62,1e7h_PLM_A_1001,5,autodock,0.48463175,0.74118341,9.3113508,0,4.0955763e-07,7.4196242
12329,273,14530,2075,5z54_0HZ_A_303,5,autodock,0.65362164,0.74039791,12.398696,0,0,20.395115
12330,273,1692,241,1lqp_FCN_B_4003,5,autodock,0.39449041,0.73925925,5.5012379,0,0,5.3124601
12331,273,12899,1842,5kts_CIZ_A_402,5,autodock,0.44031661,0.73852865,8.8995571,0,0.046417927,19.903984
12332,273,5101,728,2qcx_PF1_A_300,5,autodock,0.48012165,0.73764914,9.3679085,0,0,15.107203
12333,273,14537,2076,5z54_0HZ_B_303,5,autodock,0.64965226,0.73372903,12.592268,0,0,12.2222
12334,274,14005,2000,5w3k_9TY_A_401,5,autodock,0.55621954,0.9827638,5.1299567,0,0,5.6740126
12335,274,17785,2540,7joc_ARZ_A_302,5,autodock,0.55975166,0.8514772,7.6604133,0,0,8.9218174
12336,274,14306,2043,5y1g_AKB_A_401,5,autodock,0.51119684,0.84403841,7.0763297,0,0.12281315,6.2117751
12337,274,16000,2285,6m9b_BTN_C_201,5,autodock,0.56330226,0.83344471,8.2015553,0,0,32.104459
12338,274,9399,1342,4mux_2E4_A_402,5,autodock,0.52215248,0.83340638,7.5490212,0,0,15.216723
12339,274,4653,664,2izf_BTN_D_301,5,autodock,0.57250584,0.83112877,8.5560703,0,0,7.1155811
12340,274,16007,2286,6m9b_BTN_D_201,5,autodock,0.56100198,0.83040417,8.2015553,0,0,46.289568
12341,274,11520,1645,5dw3_TRP_B_402,5,autodock,0.68183682,0.82633963,9.7569847,0,0.54880647,66.131146
12342,274,11513,1644,5dw3_TRP_A_402,5,autodock,0.68989693,0.82549348,9.8054762,0,0.51506201,49.969821
12343,274,11534,1647,5dw3_TRP_D_402,5,autodock,0.6697906,0.82453876,9.744894,0,0.48436117,37.067157
12344,274,16980,2425,6s39_K5Z_A_301,5,autodock,0.65567951,0.81668396,9.8289375,0,4.2662101e-10,7.0645757
12345,274,4646,663,2izf_BTN_B_300,5,autodock,0.54313461,0.80620487,8.5560703,0,0,5.5203003
12346,274,3379,482,1z8p_DEB_A_420,5,autodock,1.0195204,0.80615888,11.49992,0,0.98805231,31.445484
12347,274,9196,1313,4lo1_GAL_B_301,5,autodock,0.58543535,0.79979719,9.590003,0,0.029019616,16.962698
12348,274,3127,446,1wq4_TYR_A_501,5,autodock,0.51180951,0.79558728,8.2740822,0,2.2508523e-06,12.530744
12349,274,1720,245,1luq_BTN_A_5100,5,autodock,0.51396641,0.79378144,8.3543501,0,0,5.6299949
12350,274,15944,2277,6lj7_EFR_A_301,5,autodock,0.39195028,0.79215654,6.381125,0,9.9733101e-07,7.0839995
12351,274,5871,838,2ye5_2A7_A_1224,5,autodock,0.48903486,0.786558,8.2541904,0,0.0070797576,11.632302
12352,274,12871,1838,5kjw_53C_A_800,5,autodock,0.50013129,0.78473517,8.3908234,0,0,3.8298998
12353,274,16714,2387,6qli_4LR_A_301,5,autodock,0.36531802,0.78142474,5.0786161,0,6.0738288e-05,4.5201794
12354,274,11149,1592,5bk9_SIN_A_301,5,autodock,0.50366649,0.78059484,8.566,0,0,7.2991306
12355,274,3988,569,2cxp_A5P_A_1601,5,autodock,0.84293831,0.77852146,11.776191,0,0.98359898,17.554079
12356,274,1790,255,1m7p_G3H_A_5401,5,autodock,0.39495111,0.77789878,7.0291939,0,0,7.7602789
12357,274,11527,1646,5dw3_TRP_C_402,5,autodock,0.56296922,0.77560219,9.8298073,0,0.4982665,35.748498
12358,274,14579,2082,5z9p_AX7_B_301,5,autodock,0.52093212,0.7731583,9.133173,0,0,3.6710591
12359,274,1132,161,1hsr_BHO_A_800,5,autodock,0.39614802,0.7723724,7.3355055,0,7.1842033e-10,4.2673593
12360,274,1797,256,1m7p_G3H_B_6401,5,autodock,0.39357778,0.77138422,7.0003109,0,0,6.991252
12361,274,9070,1295,4kqx_HIO_A_402,5,autodock,0.50235736,0.77134226,8.8019962,0,0.0048993114,9.1608497
12362,274,6207,886,3qhd_CTN_A_165,5,autodock,0.5666298,0.7684823,10.253467,0,0,13.575627
12363,274,14670,2095,6a1l_BEZ_A_403,5,autodock,0.55462012,0.7671249,9.8949871,0,1.8423438e-06,9.4360635
12364,274,16770,2395,6qot_6SD_B_301,5,autodock,0.66996102,0.7670949,11.672496,0,0,42.872253
12365,274,2273,324,1pt8_OXL_A_802,5,autodock,0.39554338,0.76690913,7.3711152,0,2.0766007e-08,5.4138201
12366,274,2777,396,1toq_AMG_E_503,5,autodock,1.0024918,0.76636928,12.924144,0,0.99442989,21.669085
12367,274,2770,395,1toq_AMG_C_502,5,autodock,1.0014271,0.76594696,12.924144,0,0.99309577,14.704836
12368,274,481,68,1eow_U2G_A_130,5,autodock,0.48009418,0.76521845,8.7792215,0,0,12.94028
12369,274,13760,1965,5uio_LG3_C_201,5,autodock,0.5642566,0.76353651,10.305142,0,0,5.870715
12370,274,6214,887,3qhd_CTN_B_165,5,autodock,0.56330591,0.76327665,10.251707,0,0,10.703987
12371,274,14677,2096,6a1l_BEZ_A_404,5,autodock,0.53037204,0.7631866,9.6074467,0,0.38411707,6.4900925
12372,274,9959,1422,4rp9_ASC_A_501,5,autodock,0.88193191,0.762444,12.680264,0,0.96175507,11.70249
12373,274,1195,170,1iri_E4P_D_604,5,autodock,0.83143667,0.76112476,12.34385,0,0.98046264,13.822057
12374,274,6396,913,3se2_3AB_C_4,5,autodock,0.56146292,0.75903305,10.300858,0,0,12.135201
12375,274,11030,1575,5afy_WCE_H_1248,5,autodock,0.39465354,0.75780269,7.4877381,0,0,4.1422422
12376,274,15048,2149,6e43_BEZ_C_502,5,autodock,0.57259966,0.75668348,10.836792,0,0.10030501,7.6108649
12377,274,15790,2255,6k92_GT0_A_802,5,autodock,0.82370929,0.75665598,12.442244,0,0.97324662,29.532488
12378,274,11345,1620,5cpp_ADO_A_422,5,autodock,0.41137345,0.75447,8.4807739,0,0,3.9561839
12379,274,15041,2148,6e43_BEZ_B_502,5,autodock,0.56905747,0.75396106,10.836792,0,0.066192897,10.54141
12380,274,13767,1966,5uio_LG3_E_201,5,autodock,0.56352484,0.75375987,10.587098,0,0,8.7778114
12381,274,1181,168,1iri_E4P_A_601,5,autodock,0.72494119,0.75280489,12.34385,0,0.79667444,14.689276
12382,274,5913,844,2z20_PLP_A_701,5,autodock,0.63699316,0.75241922,11.965193,0,0,26.103346
12383,274,1188,169,1iri_E4P_C_603,5,autodock,0.68925236,0.75194421,12.34385,0,0.68958416,12.753206
12384,275,17631,2518,6y4z_TLA_D_301,5,autodock,0.52149365,0.82579931,7.8947825,0,0.17848104,9.3847957
12385,275,17141,2448,6t02_M5E_A_601,5,autodock,0.38160187,0.80799451,6.7332954,0,0.066983099,13.034745
12386,275,17155,2450,6t02_M5E_B_601,5,autodock,0.37741123,0.80308831,6.660995,0,7.7953203e-05,5.958598
12387,275,2686,383,1thc_FL9_A_131,5,autodock,0.36221363,0.79333898,5.6273155,0,7.7106375e-07,4.3329685
12388,275,16896,2413,6rgg_K3Q_B_405,5,autodock,0.59738637,0.77263772,10.456529,0,0.00022295567,13.276812
12389,275,5934,847,2z48_A2G_A_1005,5,autodock,0.51556686,0.76071408,9.6847639,0,3.9640961e-07,10.494903
12390,275,7901,1128,4cpp_ADM_A_422,5,autodock,0.52736227,0.76067217,9.9027519,0,0,4.0739637
12391,275,446,63,1e7h_PLM_A_1007,5,autodock,0.37336988,0.75919938,7.128921,0,0,6.9269658
12392,275,6186,883,3qfx_CP6_B_702,5,autodock,0.54571167,0.75757327,10.528732,0,0,10.778419
12393,275,17113,2444,6sz3_M1H_B_601,5,autodock,0.36760254,0.75491973,6.8192782,0,0,3.3479908
12394,275,2952,421,1v3v_5OP_A_1360,5,autodock,0.37271481,0.74852681,7.3482041,0,2.5076912e-05,4.7559896
12395,275,2455,350,1rqh_PYR_A_602,5,autodock,0.34303083,0.74600733,5.0546656,0,1.1974475e-06,3.1671139
12396,275,6410,915,3se2_LDR_A_1,5,autodock,0.50871557,0.74493108,10.134195,0,0,48.325518
12397,275,6158,879,2zyv_NPO_X_1602,5,autodock,0.37655077,0.74278706,8.076005,0,0,6.8899057
12398,275,3708,529,2ajx_TGN_L_501,5,autodock,0.59045609,0.74227119,11.535584,0,0,9.5501848
12399,275,1356,193,1jf0_CZH_A_197,5,autodock,0.66451507,0.73870406,12.648932,0,0,2179.497
12400,275,12416,1773,5iav_MLI_A_302,5,autodock,0.43665286,0.73846334,9.3453178,0,0.00011500955,7.0082957
12401,275,16805,2400,6r5o_BGC_A_801,5,autodock,1.0082682,0.73757389,13.905919,0,0.93327511,25.556154
12402,275,1146,163,1ia1_TQ3_A_194,5,autodock,0.89591935,0.73718265,13.62781,0,0.9968135,5.1824233
12403,275,10197,1456,4uqs_INE_A_904,5,autodock,0.37618146,0.73699997,8.1474619,0,3.1063579e-05,3.5444497
12404,275,11044,1577,5agl_CCW_A_800,5,autodock,0.41426377,0.7366101,9.146266,0,2.7391898e-06,7.9438821
12405,275,17617,2516,6xzx_O5H_A_302,5,autodock,0.50192986,0.73582041,10.332914,0,0,11.187888
12406,275,4086,583,2eb5_OXL_B_2002,5,autodock,0.40014367,0.73262635,9.1285353,0,0.069881934,6.5947506
12407,275,4079,582,2eb5_OXL_A_2001,5,autodock,0.40083007,0.73239134,9.1735506,0,0.084320578,5.005224
12408,275,8384,1197,4fh7_TBP_A_202,5,autodock,0.33770073,0.73067649,4.4713473,0,9.9369131e-06,15.291215
12409,275,3981,568,2coj_GBN_B_420,5,autodock,0.52546549,0.73055014,10.985961,0,0.0017155615,11.844602
12410,275,11975,1710,5g03_OE2_A_1263,5,autodock,0.55695514,0.72895097,11.776203,0,0.35866923,13.441707
12411,275,9826,1403,4qe1_RUU_A_403,5,autodock,0.49477238,0.72871749,10.452375,0,0.00070058129,17.176787
12412,275,3883,554,2c3d_COM_A_1526,5,autodock,0.37559165,0.72748366,8.3446245,0,2.4102425e-05,15.817766
12413,275,7824,1117,4clo_XP0_D_1270,5,autodock,0.4931745,0.72727357,10.437637,0,0,8.2768701
12414,275,3862,551,2bx7_34D_B_1313,5,autodock,0.37247859,0.72653456,7.9493256,0,0.013439892,10.331729
12415,275,16917,2416,6rhk_K4B_A_302,5,autodock,0.54400057,0.72537579,11.724339,0,0,9.1656237
12416,275,17239,2462,6tbx_N0Z_C_303,5,autodock,0.3600051,0.72534267,6.8836479,0,0,14.684449
12417,275,8727,1246,4i4v_NGA_D_201,5,autodock,0.51534021,0.72450001,10.975427,0,2.3976367e-07,11.773014
12418,275,3246,463,1xkw_188_A_1001,5,autodock,0.61552858,0.72341271,12.808995,0,0,5.2727523
12419,275,4100,585,2eb5_OXL_E_2005,5,autodock,0.38803402,0.7227376,9.2755718,0,0.033241381,11.442676
12420,275,4093,584,2eb5_OXL_D_2004,5,autodock,0.38154434,0.72260587,9.1285353,0,0.018217689,6.3845822
12421,275,14656,2093,5zpt_HY1_B_703,5,autodock,0.52499709,0.72235737,11.301639,0,0,10.333248
12422,275,5773,824,2xul_AKG_B_201,5,autodock,0.48328564,0.72196792,10.389309,0,4.0967215e-09,5.9221492
12423,275,14180,2025,5xdt_MB3_A_404,5,autodock,0.344019,0.72165786,5.6411462,0,0,6.0271814
12424,275,3890,555,2c3d_COM_B_1525,5,autodock,0.37415711,0.72104037,8.3266602,0,7.3293983e-06,15.305929
12425,275,5710,815,2xhk_AKG_A_519,5,autodock,0.36589999,0.71986246,7.6914825,0,0.00030801117,16.841584
12426,275,14439,2062,5ybp_AKG_A_302,5,autodock,0.49946187,0.71980394,10.876707,0,4.6524479e-06,6.2851691
12427,275,901,128,1h48_CDI_A_201,5,autodock,0.61545138,0.71896872,13.002978,0,0.0002693897,86.733271
12428,275,5164,737,2qim_ZEA_A_160,5,autodock,0.58773568,0.71807793,12.515478,0,1.6655096e-06,6.9936398
12429,275,922,131,1h48_CDI_F_902,5,autodock,0.61474617,0.71805898,13.01235,0,2.3997231e-05,70.115462
12430,275,5962,851,2z48_NGA_A_1004,5,autodock,0.38888919,0.71718422,9.4931059,0,6.797241e-06,9.0409457
12431,275,2879,411,1u6r_IOM_B_1601,2,diffdock,0.62757987,0.71683745,13.229976,0,0.99224389,25.023797
12432,275,16819,2402,6r5o_BGC_B_801,5,autodock,0.79282669,0.71632014,13.905919,0,0.86294012,25.264531
12433,275,14649,2092,5zpt_HY1_A_702,5,autodock,0.5097202,0.7162225,11.243017,0,0,10.456
12434,276,3505,500,1zk0_SS2_A_1260,5,autodock,0.39250255,0.82896095,7.1251602,0,0.00026054651,4.3162781
12435,276,16035,2290,6mnh_JVD_A_301,5,autodock,0.48031882,0.82593693,8.0230303,0,0,7.9772353
12436,276,2238,319,1pr0_NOS_A_1245,5,autodock,1.0366264,0.7931671,11.992885,0,0.98108004,14.106482
12437,276,9938,1419,4rkz_3S4_A_402,5,autodock,0.43299863,0.78961351,8.3631954,0,0.0013919428,12.122635
12438,276,15923,2274,6l8a_BAL_E_503,5,autodock,0.45292929,0.78785419,8.5798836,0,7.2360643e-08,4.3611121
12439,276,14635,2090,5zi4_OAA_A_401,5,autodock,0.34886879,0.78237617,7.4934101,0,1.4321799e-05,4.9240039
12440,276,838,119,1h1i_QUE_C_1358,5,autodock,0.58628769,0.78198977,10.537154,0,0,1223.3296
12441,276,16469,2352,6ooi_PGA_G_301,5,autodock,0.65140975,0.78158613,11.293089,0,0.064093046,7.2098969
12442,276,15062,2151,6f2b_AKG_B_402,5,autodock,0.95134842,0.77956354,12.221636,0,0.85530146,9.8810967
12443,276,15888,2269,6l86_LMR_B_302,5,autodock,0.85684877,0.77865139,12.009642,0,0.84859081,16.673703
12444,276,13095,1870,5m8d_UGI_B_501,5,autodock,0.52943778,0.77795044,10.152424,0,0,217.72783
12445,276,10316,1473,4wdx_WDX_B_402,5,autodock,0.58194193,0.77535379,10.698022,0,0,19.28415
12446,276,16161,2308,6nbw_LAB_A_403,5,autodock,0.64957144,0.76966345,11.721719,0,0,39.37899
12447,276,13753,1964,5uio_LG3_B_201,5,autodock,0.47670682,0.7689145,9.58249,0,0,4.0064442
12448,276,2252,321,1pr0_NOS_C_1247,5,autodock,0.89401751,0.76863079,12.534126,0,0.99568188,13.866584
12449,276,2763,394,1toq_AMG_A_501,5,autodock,0.84176156,0.76845004,12.333893,0,0.99716238,17.611466
12450,276,13746,1963,5uio_LG3_A_201,5,autodock,0.47079719,0.76567082,9.58249,0,0,9.0175261
12451,276,2784,397,1toq_AMG_G_504,5,autodock,0.83325369,0.76537507,12.333893,0,0,7.7819859
12452,276,16462,2351,6ooi_PGA_F_301,5,autodock,0.5941484,0.76352267,11.293089,0,0.59775368,7.5711228
12453,276,16448,2349,6ooi_PGA_D_301,5,autodock,0.61150004,0.76322657,11.436843,0,0.6147413,7.4026541
12454,276,16476,2353,6ooi_PGA_H_302,5,autodock,0.58818155,0.76109397,11.293089,0,0.082925709,6.8348742
12455,276,3582,511,227l_BNZ_A_169,5,autodock,0.35728223,0.75774274,8.5687332,0,0,3.5586832
12456,276,13396,1913,5r9o_54F_A_401,5,autodock,0.46956896,0.7555372,9.8862295,0,0,31.744414
12457,276,15069,2152,6f2b_AKG_C_402,5,autodock,0.64002552,0.75502718,12.116927,0,0.62486499,9.6680286
12458,276,15916,2273,6l8a_BAL_D_507,5,autodock,0.36203067,0.75428751,8.7582617,0,0.0019598228,4.7351998
12459,276,9693,1384,4pbr_2L7_A_401,5,autodock,0.5287602,0.75120338,11.048455,0,0,14.072391
12460,276,5206,743,2qvr_CIT_A_335,5,autodock,0.34110029,0.75066603,7.6557608,0,0.0092868135,12.460258
12461,276,10554,1507,4ysx_MLI_E_701,5,autodock,0.53716645,0.74873145,11.323747,0,0.11557525,6.5652142
