query_order,round,flat_index,row_index,row_label,algorithm_index,algorithm,utility,acquisition,predicted_runtime_mean,predicted_runtime_sd,score,runtime
1,0,12394,1770,5i3p_68T_A_1003,4,gnina,,,,,0.83469176,8.2910679
2,0,17751,2535,7c7g_FJR_B_402,6,smina,,,,,0,3.004661
3,0,17424,2489,6vei_9UO_B_502,1,unimol,,,,,0.97717331,24.35
4,0,5390,770,2rbx_3AY_X_2001,0,surfdock,,,,,0,2.3335885
5,0,3832,547,2bdg_PBZ_A_301,3,diffdock_l,,,,,0.99474304,15.597056
6,0,1288,184,1j0y_BGC_D_4601,0,surfdock,,,,,0.99550916,4.6779681
7,0,11076,1582,5aov_GLV_A_1336,2,diffdock,,,,,0.035166269,12.263839
8,0,11083,1583,5aov_GLV_A_1356,2,diffdock,,,,,1.1051073e-16,12.780984
9,0,11889,1698,5fli_QUE_A_301,3,diffdock_l,,,,,5.7004045e-40,55.060509
10,0,16802,2400,6qo4_97T_A_301,2,diffdock,,,,,0,21.949284
11,0,10865,1552,4zvz_4TF_B_503,1,unimol,,,,,0.81991149,19.07
12,0,9090,1298,4kfj_1R0_A_202,4,gnina,,,,,0.0002590492,6.029362
13,0,12220,1745,5h24_LQG_B_501,5,autodock,,,,,0,9.391414
14,0,13678,1954,5tix_OQR_B_302,0,surfdock,,,,,0,3.5958046
15,0,15626,2232,6ho7_GHQ_A_301,2,diffdock,,,,,0.99683635,14.485449
16,0,15571,2224,6hmw_FUL_A_203,3,diffdock_l,,,,,1.6394961e-50,19.659695
17,0,12250,1750,5h8q_GLU_A_302,0,surfdock,,,,,0,2.4761161
18,0,8886,1269,4itu_1HS_D_302,3,diffdock_l,,,,,1.4950978e-40,30.10335
19,0,15867,2266,6jz4_EVA_B_701,5,autodock,,,,,0.16164414,18.216157
20,0,1038,148,1h82_GZZ_A_590,2,diffdock,,,,,0,42.364642
21,0,4821,688,2nry_STU_C_503,5,autodock,,,,,0.99784655,228.20325
22,0,10460,1494,4xti_IMP_A_601,2,diffdock,,,,,0,35.566447
23,0,2027,289,1njr_XYL_A_285,4,gnina,,,,,6.1466915e-05,1.9269694
24,0,5890,841,2y4j_LAC_A_400,3,diffdock_l,,,,,0,19.749467
25,0,17240,2462,6tbx_N0Z_A_302,6,smina,,,,,0,1.0867481
26,0,5125,732,2qca_DGP_A_200,1,unimol,,,,,0,20.56
27,0,10862,1551,4zvz_4TF_A_503,5,autodock,,,,,0.046697126,13.268989
28,0,17177,2453,6t0a_M58_A_601,6,smina,,,,,0,0.64204297
29,0,10782,1540,4zsy_RW2_C_502,2,diffdock,,,,,0,62.749541
30,0,8640,1234,4i0g_1B9_A_504,2,diffdock,,,,,0.99150534,31.482756
31,0,5621,803,2wd2_MS5_A_1263,0,surfdock,,,,,0.67091075,4.0607433
32,0,16452,2350,6o04_DNA_D_603,2,diffdock,,,,,2.5848561e-49,53.861342
33,0,6630,947,3vca_PRO_A_504,1,unimol,,,,,0.044626171,18.1
34,0,11518,1645,5dt0_SKE_A_401,3,diffdock_l,,,,,0,21.920236
35,0,5130,732,2qca_DGP_A_200,6,smina,,,,,0,3.2484906
36,0,561,80,1fs5_16G_A_1267,1,unimol,,,,,0.97451995,28.28
37,0,12428,1775,5i8z_JA1_A_302,3,diffdock_l,,,,,0.16883444,19.762582
38,0,3594,513,1zfj_IMP_A_500,3,diffdock_l,,,,,0,22.930309
39,0,11320,1617,5cmb_GLY_A_301,1,unimol,,,,,0,21.52
40,0,15047,2149,6cut_FEJ_C_401,4,gnina,,,,,0.98810039,10.29518
41,0,8839,1262,4i9n_1E6_H_401,5,autodock,,,,,0.25732069,12.455283
42,0,17049,2435,6s9g_L1Q_A_305,4,gnina,,,,,0.95528941,2.6522797
43,0,2871,410,1tl2_NDG_A_239,1,unimol,,,,,0.95421403,16.58
44,0,15238,2176,6f76_CVK_A_203,6,smina,,,,,0,5.4757962
45,0,4427,632,2fzb_TOL_A_900,3,diffdock_l,,,,,1.4970414e-11,29.636566
46,0,2915,416,1tt6_DES_A_129,3,diffdock_l,,,,,0.035233381,16.026127
47,0,12479,1782,5icf_SAU_A_402,5,autodock,,,,,0,21.991938
48,0,14102,2014,5w5t_9X7_A_506,4,gnina,,,,,0,259.14313
49,0,1128,161,1hsr_BHO_A_800,1,unimol,,,,,0.99188539,21.33
50,0,361,51,1dpm_EBP_B_902,4,gnina,,,,,0.00014395142,3.126739
51,0,4437,633,2g21_L1B_B_985,6,smina,,,,,0,4.1082704
52,0,13768,1966,5u8z_83D_D_602,6,smina,,,,,0,4.0030824
53,0,17669,2524,6zi7_QR8_D_502,1,unimol,,,,,0.90169411,24.91
54,0,8209,1172,4e7v_CRS_Q_101,5,autodock,,,,,0.18847811,21.453222
55,0,8558,1222,4hon_AKG_B_401,4,gnina,,,,,0.99500132,2.3745566
56,0,13566,1938,5tch_MLI_F_501,0,surfdock,,,,,0.99787196,2.262593
57,0,13889,1984,5unx_8F1_B_803,1,unimol,,,,,0.97370697,22.63
58,0,6851,978,3wgc_PLG_C_401,5,autodock,,,,,1.601904e-08,11.530294
59,0,1911,273,1mmx_FUC_B_348,0,surfdock,,,,,0.084803449,4.8287277
60,0,15452,2207,6gck_EUB_B_302,3,diffdock_l,,,,,4.6192792e-38,41.489198
61,0,13387,1912,5ocm_9RH_F_302,3,diffdock_l,,,,,2.8910695e-59,38.628353
62,0,9825,1403,4qck_ASD_A_404,4,gnina,,,,,0.99830789,2.3668869
63,0,2000,285,1ne4_RP1_A_601,5,autodock,,,,,0,207.93604
64,0,13510,1930,5t6b_TMP_D_503,0,surfdock,,,,,0,3.5440493
65,0,3039,434,1uxi_FUM_A_1311,1,unimol,,,,,0.91529939,19.82
66,0,14518,2074,5ykt_PMP_A_501,0,surfdock,,,,,0.99034576,3.2516487
67,0,8993,1284,4jp3_CIT_A_301,5,autodock,,,,,0.086898461,16.049644
68,0,3637,519,1zmt_RNO_B_1001,4,gnina,,,,,0,2.751106
69,0,9482,1354,4ni1_2JX_A_204,4,gnina,,,,,0.029865494,1.8601706
70,0,4462,637,2giq_NN2_A_1001,3,diffdock_l,,,,,9.2940921e-59,53.207443
71,0,12045,1720,5g0v_JDD_B_1271,5,autodock,,,,,3.4758009e-05,9.1221727
72,0,540,77,1foi_14W_B_810,1,unimol,,,,,0.99301916,22.3
73,0,14164,2023,5wgv_PM7_A_713,3,diffdock_l,,,,,1.2639029e-31,34.44253
74,0,12501,1785,5ihe_D5M_B_701,6,smina,,,,,0.011212512,3.1211324
75,0,11894,1699,5fli_QUE_C_301,1,unimol,,,,,0,26.65
76,0,4920,702,2o7d_DHC_A_701,6,smina,,,,,0,1.5398351
77,0,6757,965,3w4i_8LG_A_402,2,diffdock,,,,,2.0484987e-65,29.717031
78,0,12552,1793,5ioq_DUR_B_302,1,unimol,,,,,0,21.2
79,0,9328,1332,4ma8_Z80_C_301,4,gnina,,,,,8.2069673e-07,3.1229275
80,0,17803,2543,8icd_ICT_A_418,2,diffdock,,,,,1.034521e-17,22.007711
81,0,14399,2057,5yaq_ISE_D_402,0,surfdock,,,,,0,2.5800925
82,0,6384,912,3ryd_SRT_A_271,0,surfdock,,,,,0,2.3552885
83,0,11895,1699,5fli_QUE_C_301,2,diffdock,,,,,0,49.01073
84,0,589,84,1fuq_CIT_B_1002,1,unimol,,,,,0.9669304,37.81
85,0,1134,162,1if4_FBS_A_555,0,surfdock,,,,,0.99666889,2.6735158
86,0,1820,260,1m3u_KPL_D_265,0,surfdock,,,,,0.77151058,2.5396945
87,0,16104,2300,6m5m_NAG_A_202,4,gnina,,,,,6.1126849e-05,2.3632084
88,0,3567,509,1zei_CRS_D_54,4,gnina,,,,,0.99369211,1.8616979
89,0,5874,839,2y00_Y00_B_601,1,unimol,,,,,0.9853551,25.37
90,0,15398,2199,6fs7_E4Z_B_903,5,autodock,,,,,0,15.320475
91,0,8639,1234,4i0g_1B9_A_504,1,unimol,,,,,0.98539928,23.29
92,0,12320,1760,5hgz_MLA_A_303,0,surfdock,,,,,0.97848244,1.9900539
93,0,8955,1279,4jb0_FER_A_401,2,diffdock,,,,,0,23.46996
94,0,5985,855,2z48_A2G_B_2005,0,surfdock,,,,,0,2.6952069
95,0,14905,2129,6bmm_OLB_A_404,2,diffdock,,,,,0,27.954615
96,0,4567,652,2htu_BCZ_A_801,3,diffdock_l,,,,,0.98655048,11.234147
97,0,1631,233,1kya_XYD_B_612,0,surfdock,,,,,0.9916317,2.0882567
98,0,12589,1798,5ita_6DC_B_801,3,diffdock_l,,,,,7.5825496e-34,37.263413
99,0,15983,2283,6l68_ALL_A_201,2,diffdock,,,,,0.0066050463,11.421713
100,0,257,36,1cq1_BGC_B_455,5,autodock,,,,,6.5250751e-05,13.301037
101,0,12254,1750,5h8q_GLU_A_302,4,gnina,,,,,0,2.5711413
102,0,3222,460,1wmz_A2G_B_502,2,diffdock,,,,,2.5760127e-56,19.104439
103,0,1306,186,1j3i_UMP_D_711,4,gnina,,,,,0.97627229,4.3846852
104,0,3001,428,1uay_ADN_B_1002,5,autodock,,,,,0.99773771,14.011356
105,0,9606,1372,4ovl_1TD_B_308,2,diffdock,,,,,0,23.860355
106,0,2487,355,1q92_DRM_A_1001,2,diffdock,,,,,0,15.926987
107,0,6947,992,3wug_XYP_B_1,3,diffdock_l,,,,,1.1901103e-30,14.596158
108,0,15343,2191,6fld_NAG_A_602,6,smina,,,,,4.359441e-07,1.4975065
109,0,16441,2348,6o04_DNA_A_601,5,autodock,,,,,0.00040132739,200.00239
110,0,4619,659,2iht_TPP_D_600,6,smina,,,,,0.88058444,6.240423
111,0,7920,1131,4d06_NAR_F_302,3,diffdock_l,,,,,2.1532666e-36,21.723687
112,0,16315,2330,6nga_KL7_A_803,5,autodock,,,,,0,7.532138
113,0,9819,1402,4qbz_D80_B_901,5,autodock,,,,,0.99209185,13.999505
114,0,15364,2194,6flu_DTK_A_402,6,smina,,,,,0.24354271,2.733182
115,0,15189,2169,6f2b_AKG_C_402,6,smina,,,,,0.62510664,1.8287492
116,0,14139,2019,5wcz_NOJ_B_601,6,smina,,,,,0.0046810373,0.90902049
117,0,9877,1411,4r2n_PHE_D_402,0,surfdock,,,,,0.74142151,2.7501152
118,0,4376,625,2fu9_MP2_A_1410,1,unimol,,,,,0.98259031,26.89
119,0,11470,1638,5dmm_HCS_A_505,4,gnina,,,,,0.0009088102,1.6957932
120,0,9516,1359,4nkw_PLO_D_601,3,diffdock_l,,,,,0,40.894668
121,0,17244,2463,6tbx_N0Z_B_302,3,diffdock_l,,,,,0,28.001163
122,0,17491,2498,6w0x_S6J_B_301,5,autodock,,,,,6.3441516e-09,17.266625
123,0,13576,1939,5tch_MLI_G_301,3,diffdock_l,,,,,0,28.001163
124,0,2776,396,1t93_FLV_A_432,4,gnina,,,,,0.00079637273,1.8428056
125,0,8841,1263,4ict_1ED_A_406,0,surfdock,,,,,0.98235538,3.6894188
126,0,10324,1474,4ws2_6UA_A_303,6,smina,,,,,0,0.66824839
127,0,15630,2232,6ho7_GHQ_A_301,6,smina,,,,,0.98717229,1.8919143
128,0,797,113,1h18_DTL_A_9010,6,smina,,,,,0.013464461,0.95240295
129,0,3819,545,2b3f_GAL_E_3314,4,gnina,,,,,0.99699715,6.8812584
130,0,15062,2151,6dl7_ONC_A_301,5,autodock,,,,,0,14.503249
131,0,16152,2307,6md2_GW9_A_501,3,diffdock_l,,,,,0,49.807171
132,0,15061,2151,6dl7_ONC_A_301,4,gnina,,,,,0.80113347,6.5968751
133,0,2603,371,1rum_BEZ_H_1601,6,smina,,,,,0.0085915776,0.61898304
134,0,10810,1544,4zu3_4SD_D_301,2,diffdock,,,,,5.2495923e-64,30.68038
135,0,1558,222,1klk_PMD_A_653,4,gnina,,,,,0.98987492,4.4645558
136,0,15955,2279,6kxh_DY9_B_402,2,diffdock,,,,,0,43.504177
137,0,8569,1224,4hrq_AZG_A_201,1,unimol,,,,,0.97877727,19.05
138,0,2784,397,1tc2_7HP_A_800,5,autodock,,,,,1.0220562e-07,2.4983093
139,0,6504,929,3ucc_2PG_A_601,1,unimol,,,,,0,22.98
140,0,4800,685,2npq_BOG_A_2000,5,autodock,,,,,0,11.305228
141,0,11613,1659,5eo7_SFU_A_405,0,surfdock,,,,,0.86463364,2.4734548
142,0,12385,1769,5i0m_UMP_B_201,2,diffdock,,,,,1.210419e-37,28.048549
143,0,466,66,1ei6_PPF_C_413,4,gnina,,,,,0.051749333,3.64109
144,0,5105,729,2qb4_DSM_A_801,2,diffdock,,,,,0.95435495,33.287436
145,0,6063,866,2zi2_24U_H_801,1,unimol,,,,,0.98034485,19.83
146,0,7099,1014,3zp7_PRE_A_1118,1,unimol,,,,,0,20.61
147,0,16301,2328,6ng5_KMD_A_803,5,autodock,,,,,0,7.0217599
148,0,4662,666,2ipf_FFA_A_3,0,surfdock,,,,,0.97721847,3.2124498
149,0,16086,2298,6lx5_C5F_B_502,0,surfdock,,,,,5.4205958e-07,3.3250002
150,0,8224,1174,4e7v_CRS_U_101,6,smina,,,,,0.21217742,0.6157134
151,0,1408,201,1jtk_THU_B_1138,1,unimol,,,,,0.96226708,20.91
152,0,4050,578,2coj_GBN_B_420,4,gnina,,,,,0.94883069,2.453389
153,0,2521,360,1qxa_GLY_B_245,1,unimol,,,,,0.01303997,26.37
154,0,16676,2382,6png_OSG_B_804,2,diffdock,,,,,0,43.444539
155,0,9943,1420,4rje_PYR_D_402,3,diffdock_l,,,,,0,23.309621
156,0,5060,722,2pwf_BGC_D_9999,6,smina,,,,,0.00041119874,0.92755796
157,0,13793,1970,5ud3_P6F_B_404,3,diffdock_l,,,,,0,14.808392
158,0,10395,1485,4x3j_3WR_A_1201,0,surfdock,,,,,0.98624027,4.8412606
159,0,12704,1814,5j61_A3G_A_501,6,smina,,,,,0.98098989,5.0291055
160,0,9908,1415,4rg3_ECE_A_603,3,diffdock_l,,,,,0.64212673,36.575469
161,0,16669,2381,6png_OSG_B_801,2,diffdock,,,,,0,43.974943
162,0,2554,364,1rf2_BV4_E_105,6,smina,,,,,0.44423549,3.6976332
163,0,1274,182,1j0y_BGC_B_2601,0,surfdock,,,,,0.9543416,2.6449362
164,0,580,82,1fsa_F6P_B_338,6,smina,,,,,2.1935784e-05,2.1922011
165,0,3219,459,1wc7_PP3_A_1214,6,smina,,,,,1.1723819e-05,6.6478204
166,0,10627,1518,4za7_4LV_A_606,1,unimol,,,,,0.85111147,20.99
167,0,4107,586,2e1a_MSE_D_301,5,autodock,,,,,0.2562013,15.547924
168,0,831,118,1h1i_QUE_B_1356,5,autodock,,,,,0,1116.4744
169,0,17042,2434,6s7u_KZK_C_501,4,gnina,,,,,0.80972588,8.7634589
170,0,16133,2304,6m9b_BTN_B_201,5,autodock,,,,,0,16.194172
171,0,17423,2489,6vei_9UO_B_502,0,surfdock,,,,,0,4.7807088
172,0,5065,723,2pye_7PE_A_504,4,gnina,,,,,7.8604028e-10,7.7437895
173,0,1483,211,1k8z_IAG_A_501,6,smina,,,,,0,2.100078
174,0,9822,1403,4qck_ASD_A_404,1,unimol,,,,,0,20.43
175,0,5124,732,2qca_DGP_A_200,0,surfdock,,,,,0.95858971,3.3449634
176,0,10005,1429,4tq4_DMA_D_403,2,diffdock,,,,,1.888078e-53,32.176823
177,0,6335,905,3roe_THM_A_265,0,surfdock,,,,,0,3.3192129
178,0,5854,836,2xyj_WLM_A_1442,2,diffdock,,,,,0,36.799579
179,0,15186,2169,6f2b_AKG_C_402,3,diffdock_l,,,,,0.35428335,15.432256
180,1,15625,2232,6ho7_GHQ_A_301,1,unimol,1.0435971,0.67960078,1.5356022,0,0.99041379,17.99
181,1,12251,1750,5h8q_GLU_A_302,1,unimol,1.0109392,0.6583336,1.5356022,0,0,23.91
182,1,5104,729,2qb4_DSM_A_801,1,unimol,1.0020559,0.65254873,1.5356022,0,0.98902921,22.86
183,1,11893,1699,5fli_QUE_C_301,0,surfdock,0.99542675,0.64823176,1.5356022,0,0,5.7402666
184,1,6503,929,3ucc_2PG_A_601,0,surfdock,0.99248866,0.64631845,1.5356022,0,0,2.5801554
185,1,7098,1014,3zp7_PRE_A_1118,0,surfdock,0.99248866,0.64631845,1.5356022,0,0,3.2090018
186,1,11319,1617,5cmb_GLY_A_301,0,surfdock,0.99248866,0.64631845,1.5356022,0,0,2.1297035
187,1,12551,1793,5ioq_DUR_B_302,0,surfdock,0.99248866,0.64631845,1.5356022,0,0.00010326938,3.0360627
188,1,5391,770,2rbx_3AY_X_2001,1,unimol,0.9924591,0.6462992,1.5356022,0,0.73531767,15.68
189,1,5986,855,2z48_A2G_B_2005,1,unimol,0.9924591,0.6462992,1.5356022,0,0.93542738,19.95
190,1,6336,905,3roe_THM_A_265,1,unimol,0.9924591,0.6462992,1.5356022,0,0,20.7
191,1,6385,912,3ryd_SRT_A_271,1,unimol,0.9924591,0.6462992,1.5356022,0,0.4721969,18.22
192,1,13511,1930,5t6b_TMP_D_503,1,unimol,0.9924591,0.6462992,1.5356022,0,0,27.55
193,1,13679,1954,5tix_OQR_B_302,1,unimol,0.9924591,0.6462992,1.5356022,0,0.9639552,22.03
194,1,14400,2057,5yaq_ISE_D_402,1,unimol,0.9924591,0.6462992,1.5356022,0,0,26.32
195,1,16087,2298,6lx5_C5F_B_502,1,unimol,0.99245892,0.64629908,1.5356022,0,0.83880029,25.07
196,1,6629,947,3vca_PRO_A_504,0,surfdock,0.97432178,0.634488,1.5356022,0,0.90096218,2.069561
197,1,1912,273,1mmx_FUC_B_348,1,unimol,0.95260183,0.62034375,1.5356022,0,0.92972479,18.7
198,1,12699,1814,5j61_A3G_A_501,1,unimol,0.95228171,0.62013529,1.5356022,0,0.98003429,21.38
199,1,4614,659,2iht_TPP_D_600,1,unimol,0.9391984,0.6116153,1.5356022,0,0.99062302,25.12
200,1,9821,1403,4qck_ASD_A_404,0,surfdock,0.9194959,0.59878484,1.5356022,0,0.97764501,2.5859804
201,1,3634,519,1zmt_RNO_B_1001,1,unimol,0.90387987,0.58861553,1.5356022,0,0.96317512,20.22
202,1,14099,2014,5w5t_9X7_A_506,1,unimol,0.90387987,0.58861553,1.5356022,0,0,31.15
203,1,5062,723,2pye_7PE_A_504,1,unimol,0.90387986,0.58861553,1.5356022,0,0.82942184,31.79
204,1,16101,2300,6m5m_NAG_A_202,1,unimol,0.90384237,0.58859111,1.5356022,0,0.96336168,14.03
205,1,2024,289,1njr_XYL_A_285,1,unimol,0.90384216,0.58859097,1.5356022,0,0.83104973,25
206,1,358,51,1dpm_EBP_B_902,1,unimol,0.90379156,0.58855802,1.5356022,0,0.91797723,21.44
207,1,9087,1298,4kfj_1R0_A_202,1,unimol,0.90372096,0.58851205,1.5356022,0,0.31133906,22.65
208,1,2773,396,1t93_FLV_A_432,1,unimol,0.90339137,0.58829741,1.5356022,0,0.9833779,16.77
209,1,11467,1638,5dmm_HCS_A_505,1,unimol,0.9033224,0.5882525,1.5356022,0,0.48373169,21.48
210,1,2520,360,1qxa_GLY_B_245,0,surfdock,0.98808718,0.58619932,1.6855813,0,0.93014715,2.6404344
211,1,15184,2169,6f2b_AKG_C_402,1,unimol,0.88859026,0.57865878,1.5356022,0,0.8351685,20.08
212,1,9479,1354,4ni1_2JX_A_204,1,unimol,0.88556027,0.57668562,1.5356022,0,0,19.37
213,1,463,66,1ei6_PPF_C_413,1,unimol,0.87213665,0.56794403,1.5356022,0,0.85570918,22.07
214,1,11897,1699,5fli_QUE_C_301,4,gnina,0.86042645,0.56031823,1.5356022,0,0.97037544,7.2920287
215,1,6507,929,3ucc_2PG_A_601,4,gnina,0.85663595,0.55784982,1.5356022,0,0.99474864,2.3813394
216,1,7102,1014,3zp7_PRE_A_1118,4,gnina,0.85663595,0.55784982,1.5356022,0,0.96707904,4.1647626
217,1,11323,1617,5cmb_GLY_A_301,4,gnina,0.85663595,0.55784982,1.5356022,0,0.99882663,2.5438189
218,1,12555,1793,5ioq_DUR_B_302,4,gnina,0.85663595,0.55784982,1.5356022,0,0.00038103628,2.9828584
219,1,5128,732,2qca_DGP_A_200,4,gnina,0.8546403,0.55655023,1.5356022,0,5.5223923e-09,3.478242
220,1,6633,947,3vca_PRO_A_504,4,gnina,0.82754741,0.53890707,1.5356022,0,4.7754138e-08,2.0398399
221,1,3815,545,2b3f_GAL_E_3314,0,surfdock,0.81827636,0.53286968,1.5356022,0,0,2.828061
222,1,8554,1222,4hon_AKG_B_401,0,surfdock,0.81723782,0.53219337,1.5356022,0,0.99329821,2.7992165
223,1,3563,509,1zei_CRS_D_54,0,surfdock,0.81655657,0.53174973,1.5356022,0,0.036488016,2.1399407
224,1,1554,222,1klk_PMD_A_653,0,surfdock,0.81457029,0.53045625,1.5356022,0,0.99428941,4.0786649
225,1,15043,2149,6cut_FEJ_C_401,0,surfdock,0.81364691,0.52985493,1.5356022,0,0.95382874,4.7010485
226,1,1302,186,1j3i_UMP_D_711,0,surfdock,0.80749214,0.52584688,1.5356022,0,0.98312368,3.5666614
227,1,17045,2435,6s9g_L1Q_A_305,0,surfdock,0.79657365,0.51873666,1.5356022,0,0.99700611,3.2533709
228,1,8644,1234,4i0g_1B9_A_504,6,smina,0.79620312,0.51849536,1.5356022,0,0.00078862754,3.9526249
229,1,4046,578,2coj_GBN_B_420,0,surfdock,0.79321285,0.51654807,1.5356022,0,0.99002875,2.8197495
230,2,13567,1938,5tch_MLI_F_501,1,unimol,0.91938129,0.50119655,1.8343718,0,0.90786412,24.52
231,2,1135,162,1if4_FBS_A_555,1,unimol,0.91925327,0.50112676,1.8343718,0,0.98795365,17.58
232,2,1289,184,1j0y_BGC_D_4601,1,unimol,0.91913006,0.50105959,1.8343718,0,0.9816682,24.6
233,2,14519,2074,5ykt_PMP_A_501,1,unimol,0.91858383,0.50076181,1.8343718,0,0.99035337,20.87
234,2,12321,1760,5hgz_MLA_A_303,1,unimol,0.91734317,0.50008548,1.8343718,0,0.6770346,25.74
235,2,4663,666,2ipf_FFA_A_3,1,unimol,0.91721216,0.50001406,1.8343718,0,0,23
236,2,1275,182,1j0y_BGC_B_2601,1,unimol,0.9056354,0.49370304,1.8343718,0,0.98244992,24.28
237,2,17046,2435,6s9g_L1Q_A_305,1,unimol,0.8519223,0.46442158,1.8343718,0,0.97132235,16.52
238,2,4047,578,2coj_GBN_B_420,1,unimol,0.84851621,0.46256477,1.8343718,0,0.98307273,24.31
239,2,12698,1814,5j61_A3G_A_501,0,surfdock,0.84765297,0.46209418,1.8343718,0,0.98920645,3.6518427
240,2,11614,1659,5eo7_SFU_A_405,1,unimol,0.84687,0.46166734,1.8343718,0,0.95290717,17.57
241,2,2524,360,1qxa_GLY_B_245,4,gnina,0.84609229,0.46124338,1.8343718,0,0,3.479631
242,2,8555,1222,4hon_AKG_B_401,1,unimol,0.84596951,0.46117644,1.8343718,0,0,14.91
243,2,8842,1263,4ict_1ED_A_406,1,unimol,0.917746,0.46074998,1.9918516,0,0.96989592,22.42
244,2,2549,364,1rf2_BV4_E_105,1,unimol,0.84422102,0.46022326,1.8343718,0,0.92698486,22.41
245,2,1303,186,1j3i_UMP_D_711,1,unimol,0.8418546,0.45893322,1.8343718,0,0,27.58
246,2,9325,1332,4ma8_Z80_C_301,1,unimol,0.81429385,0.4439086,1.8343718,0,0.73788609,26.63
247,2,1821,260,1m3u_KPL_D_265,1,unimol,0.78586764,0.42841218,1.8343718,0,0.90010893,24.29
248,2,16100,2300,6m5m_NAG_A_202,0,surfdock,0.7833761,0.42705393,1.8343718,0,0.00024894146,2.856397
249,2,1127,161,1hsr_BHO_A_800,0,surfdock,0.7808209,0.42566098,1.8343718,0,0.99664928,2.4557929
250,2,5873,839,2y00_Y00_B_601,0,surfdock,0.77643553,0.42327031,1.8343718,0,0.99473563,3.9578664
251,2,4375,625,2fu9_MP2_A_1410,0,surfdock,0.77457886,0.42225816,1.8343718,0,0.98379741,3.3610752
252,2,6062,866,2zi2_24U_H_801,0,surfdock,0.77307094,0.42143612,1.8343718,0,0.94760229,3.8489437
253,2,8568,1224,4hrq_AZG_A_201,0,surfdock,0.77201824,0.42086225,1.8343718,0,0.012747853,2.4478447
254,2,560,80,1fs5_16G_A_1267,0,surfdock,0.76915927,0.41930369,1.8343718,0,0.22979798,2.7611592
255,2,9878,1411,4r2n_PHE_D_402,1,unimol,0.76615719,0.41766712,1.8343718,0,0.96054985,23.91
256,2,1407,201,1jtk_THU_B_1138,0,surfdock,0.76093095,0.41481806,1.8343718,0,0.98802818,3.0898941
257,2,357,51,1dpm_EBP_B_902,0,surfdock,0.75881768,0.41366602,1.8343718,0,0.75421767,3.0546961
258,2,15183,2169,6f2b_AKG_C_402,0,surfdock,0.74846265,0.40802102,1.8343718,0,0.71480457,2.6836751
259,2,5622,803,2wd2_MS5_A_1263,1,unimol,0.71996809,0.39248734,1.8343718,0,0.96556406,24.69
260,2,462,66,1ei6_PPF_C_413,0,surfdock,0.71891451,0.39191299,1.8343718,0,0,2.0903972
261,2,2023,289,1njr_XYL_A_285,0,surfdock,0.71546739,0.39003381,1.8343718,0,0.9371685,2.4862078
262,2,5061,723,2pye_7PE_A_504,0,surfdock,0.71471523,0.38962377,1.8343718,0,0,3.4923835
263,2,12700,1814,5j61_A3G_A_501,2,diffdock,0.68846588,0.37531406,1.8343718,0,0,41.9571
264,2,2870,410,1tl2_NDG_A_239,0,surfdock,0.75552298,0.37069489,2.0381253,0,0.97786416,2.8054267
265,2,17038,2434,6s7u_KZK_C_501,0,surfdock,0.66715773,0.36369801,1.8343718,0,0,4.4994345
266,2,10864,1552,4zvz_4TF_B_503,0,surfdock,0.66533336,0.36047365,1.8457189,0,0.87903441,3.2847384
267,2,588,84,1fuq_CIT_B_1002,0,surfdock,0.76406256,0.35879665,2.1295133,0,0.42350044,2.4601984
268,2,4460,637,2giq_NN2_A_1001,1,unimol,0.65458195,0.35684238,1.8343718,0,0.97800861,19.25
269,2,5888,841,2y4j_LAC_A_400,1,unimol,0.65458195,0.35684238,1.8343718,0,0.86898395,22.93
270,2,6945,992,3wug_XYP_B_1,1,unimol,0.65458195,0.35684238,1.8343718,0,0,18.09
271,2,8884,1269,4itu_1HS_D_302,1,unimol,0.65458195,0.35684238,1.8343718,0,0.96064718,23.02
272,2,13574,1939,5tch_MLI_G_301,1,unimol,0.65458195,0.35684238,1.8343718,0,0.8127758,32.48
273,2,15450,2207,6gck_EUB_B_302,1,unimol,0.65458195,0.35684238,1.8343718,0,0.9764824,22.45
274,2,15569,2224,6hmw_FUL_A_203,1,unimol,0.65458195,0.35684238,1.8343718,0,0.97812596,21.75
275,2,17242,2463,6tbx_N0Z_B_302,1,unimol,0.65458195,0.35684238,1.8343718,0,0.98663721,17
276,2,13570,1938,5tch_MLI_F_501,4,gnina,0.65162626,0.3552311,1.8343718,0,0.21282054,8.256084
277,2,1138,162,1if4_FBS_A_555,4,gnina,0.65116698,0.35498073,1.8343718,0,0.99503764,1.822094
278,2,1292,184,1j0y_BGC_D_4601,4,gnina,0.65072424,0.35473937,1.8343718,0,0.99544638,5.5191117
279,2,2913,416,1tt6_DES_A_129,1,unimol,0.64904031,0.35382139,1.8343718,0,0,22.15
280,3,1632,233,1kya_XYD_B_612,1,unimol,0.9131293,0.49134314,1.8584341,0,0.9752551,22.22
281,3,10396,1485,4x3j_3WR_A_1201,1,unimol,0.91287329,0.49120538,1.8584341,0,0.97209732,25.44
282,3,4613,659,2iht_TPP_D_600,0,surfdock,0.89623576,0.48225294,1.8584341,0,0.41478749,6.4589117
283,3,15044,2149,6cut_FEJ_C_401,1,unimol,0.89284514,0.48042849,1.8584341,0,0.93209002,23.59
284,3,15624,2232,6ho7_GHQ_A_301,0,surfdock,0.85974865,0.4626197,1.8584341,0,0,3.2805673
285,3,5103,729,2qb4_DSM_A_801,0,surfdock,0.83305504,0.44825621,1.8584341,0,0.9771008,3.6124669
286,3,1555,222,1klk_PMD_A_653,1,unimol,0.89266361,0.44084373,2.0248971,0,0.98386265,23.55
287,3,8638,1234,4i0g_1B9_A_504,0,surfdock,0.78270685,0.42116449,1.8584341,0,0.80440916,3.924105
288,3,2548,364,1rf2_BV4_E_105,0,surfdock,0.77877987,0.41905143,1.8584341,0,0,3.4562252
289,3,15568,2224,6hmw_FUL_A_203,0,surfdock,0.75782046,0.40777345,1.8584341,0,0.99471794,2.2393444
290,3,4459,637,2giq_NN2_A_1001,0,surfdock,0.75774252,0.40773151,1.8584341,0,0.99421199,4.5222768
291,3,15449,2207,6gck_EUB_B_302,0,surfdock,0.75672894,0.40718612,1.8584341,0,0.98790333,3.3399866
292,3,13888,1984,5unx_8F1_B_803,0,surfdock,0.75643671,0.40702887,1.8584341,0,0.98437922,4.0167592
293,3,12390,1770,5i3p_68T_A_1003,0,surfdock,0.75095678,0.40408019,1.8584341,0,0.63926864,4.5529878
294,3,539,77,1foi_14W_B_810,0,surfdock,0.76925657,0.40228127,1.9122347,0,0,2.4186603
295,3,8883,1269,4itu_1HS_D_302,0,surfdock,0.74621255,0.40152738,1.8584341,0,5.1528215e-06,2.9139994
296,3,2772,396,1t93_FLV_A_432,0,surfdock,0.72866224,0.39208378,1.8584341,0,0.99533845,2.8296121
297,3,12391,1770,5i3p_68T_A_1003,1,unimol,0.72699537,0.39118686,1.8584341,0,0.93984835,35.4
298,3,3633,519,1zmt_RNO_B_1001,0,surfdock,0.71932067,0.38705721,1.8584341,0,0.98887301,2.8061384
299,3,3038,434,1uxi_FUM_A_1311,0,surfdock,0.71766445,0.38616601,1.8584341,0,0,4.379057
300,3,3592,513,1zfj_IMP_A_500,1,unimol,0.6942124,0.37354677,1.8584341,0,0,23.65
301,3,7918,1131,4d06_NAR_F_302,1,unimol,0.6942124,0.37354677,1.8584341,0,0.22789637,22.34
302,3,9941,1420,4rje_PYR_D_402,1,unimol,0.6942124,0.37354677,1.8584341,0,0.8902379,22
303,3,13791,1970,5ud3_P6F_B_404,1,unimol,0.6942124,0.37354677,1.8584341,0,0.78959554,19.08
304,3,14162,2023,5wgv_PM7_A_713,1,unimol,0.6942124,0.37354677,1.8584341,0,0,27.84
305,3,5887,841,2y4j_LAC_A_400,0,surfdock,0.68533882,0.36877201,1.8584341,0,0.98384052,2.1792451
306,3,1635,233,1kya_XYD_B_612,4,gnina,0.68390013,0.36799787,1.8584341,0,0.98832672,4.5565255
307,3,10399,1485,4x3j_3WR_A_1201,4,gnina,0.68148182,0.36669661,1.8584341,0,0.98170602,7.6899506
308,3,15057,2151,6dl7_ONC_A_301,0,surfdock,0.73420582,0.36571302,2.0076001,0,0.9216076,4.5531512
309,3,12216,1745,5h24_LQG_B_501,1,unimol,0.67721868,0.36440266,1.8584341,0,0.99551025,17.1
310,3,15394,2199,6fs7_E4Z_B_903,1,unimol,0.67721868,0.36440266,1.8584341,0,0,30.28
311,3,16129,2304,6m9b_BTN_B_201,1,unimol,0.67721868,0.36440266,1.8584341,0,0.97831792,23.44
312,3,16297,2328,6ng5_KMD_A_803,1,unimol,0.67721868,0.36440266,1.8584341,0,0.9844779,20.83
313,3,16311,2330,6nga_KL7_A_803,1,unimol,0.67721868,0.36440266,1.8584341,0,0.97926643,19.94
314,3,6847,978,3wgc_PLG_C_401,1,unimol,0.67721868,0.36440266,1.8584341,0,0.98238279,25.81
315,3,2780,397,1tc2_7HP_A_800,1,unimol,0.67721868,0.36440266,1.8584341,0,0,20.34
316,3,12041,1720,5g0v_JDD_B_1271,1,unimol,0.67721863,0.36440264,1.8584341,0,0.91805016,24.83
317,3,253,36,1cq1_BGC_B_455,1,unimol,0.67721859,0.36440261,1.8584341,0,0.94477314,20.24
318,3,16437,2348,6o04_DNA_A_601,1,unimol,0.67721811,0.36440236,1.8584341,0,0.9909206,26.11
319,3,15863,2266,6jz4_EVA_B_701,1,unimol,0.67721536,0.36440088,1.8584341,0,0.54291179,17.75
320,3,1,0,19gs_BSP_A_210,1,unimol,0.67720659,0.36439616,1.8584341,0,0.98557239,13.75
321,3,29,4,1a9r_HPA_A_290,1,unimol,0.67720659,0.36439616,1.8584341,0,0,23.95
322,3,22,3,1a59_CIT_A_379,1,unimol,0.67720659,0.36439616,1.8584341,0,0.93714712,20.12
323,3,36,5,1ac4_TMT_A_296,1,unimol,0.67720659,0.36439616,1.8584341,0,0.98176216,17.91
324,3,43,6,1aej_NVI_A_296,1,unimol,0.67720659,0.36439616,1.8584341,0,0.98628294,15.89
325,3,50,7,1aer_TIA_B_700,1,unimol,0.67720659,0.36439616,1.8584341,0,0,21.82
326,3,57,8,1aia_PMP_A_411,1,unimol,0.67720659,0.36439616,1.8584341,0,0,25.11
327,3,64,9,1aiq_CB3_A_266,1,unimol,0.67720659,0.36439616,1.8584341,0,0,23.16
328,3,71,10,1aiq_UMP_A_265,1,unimol,0.67720659,0.36439616,1.8584341,0,0.81022196,15.39
329,3,78,11,1aiq_UMP_B_266,1,unimol,0.67720659,0.36439616,1.8584341,0,0,24.56
330,4,106,15,1anc_BEN_A_384,1,unimol,0.66661906,0.34975918,1.9059364,0,0.8829061,20.3
331,4,134,19,1axg_ETF_A_404,1,unimol,0.66661906,0.34975918,1.9059364,0,0.95193289,21.96
332,4,141,20,1axg_ETF_B_404,1,unimol,0.66661906,0.34975918,1.9059364,0,0.98447323,24.92
333,4,148,21,1axg_ETF_C_404,1,unimol,0.66661906,0.34975918,1.9059364,0,0.96246439,19.85
334,4,155,22,1axg_ETF_D_404,1,unimol,0.66661906,0.34975918,1.9059364,0,0.97108532,22.04
335,4,491,70,1eyw_PEL_A_404,1,unimol,0.66661906,0.34975918,1.9059364,0,0.96758981,17.15
336,4,1646,235,1l4f_150_A_990,1,unimol,0.66661906,0.34975918,1.9059364,0,0.98467331,15.58
337,4,1667,238,1l5o_2MP_A_990,1,unimol,0.66661906,0.34975918,1.9059364,0,0.99368906,22.36
338,4,3655,522,1zng_HE4_A_202,1,unimol,0.66661906,0.34975918,1.9059364,0,0.96792676,21.29
339,4,4096,585,2dm5_ODI_A_312,1,unimol,0.66661906,0.34975918,1.9059364,0,0.96308835,17.76
340,4,6140,877,2zvq_1NP_X_501,1,unimol,0.66661906,0.34975918,1.9059364,0,0.064714539,19.97
341,4,6147,878,2zvq_1NP_X_502,1,unimol,0.66661906,0.34975918,1.9059364,0,2.6746594e-06,15.73
342,4,6231,890,3qhd_MSR_A_166,1,unimol,0.66661906,0.34975918,1.9059364,0,0.99091825,18.27
343,4,6399,914,3se2_3AB_C_4,1,unimol,0.66661906,0.34975918,1.9059364,0,0.97637724,21.86
344,4,6406,915,3se2_3AB_D_3,1,unimol,0.66661906,0.34975918,1.9059364,0,0.98617436,21.6
345,4,8121,1160,4dwv_PFB_A_378,1,unimol,0.66661906,0.34975918,1.9059364,0,0.98319331,18.1
346,4,8128,1161,4dwv_PFB_B_378,1,unimol,0.66661906,0.34975918,1.9059364,0,0.98198648,16.19
347,4,8464,1209,4gy9_ZIP_A_201,1,unimol,0.66661906,0.34975918,1.9059364,0,0.98823186,15.7
348,4,9542,1363,4nv0_MG7_A_403,1,unimol,0.66661906,0.34975918,1.9059364,0,0,22.13
349,4,9549,1364,4nv0_MG7_B_402,1,unimol,0.66661906,0.34975918,1.9059364,0,0,19.34
350,4,11985,1712,5fuv_THM_A_1388,1,unimol,0.66661906,0.34975918,1.9059364,0,0,19.02
351,4,11992,1713,5fuv_THM_B_1385,1,unimol,0.66661906,0.34975918,1.9059364,0,0,20.75
352,4,12909,1844,5kcp_PFB_A_378,1,unimol,0.66661906,0.34975918,1.9059364,0,0.96046529,24.13
353,4,12916,1845,5kcp_PFB_B_378,1,unimol,0.66661906,0.34975918,1.9059364,0,0.95406069,15.12
354,4,12923,1846,5kcp_PFB_B_379,1,unimol,0.66661906,0.34975918,1.9059364,0,0.045693112,22.91
355,4,13203,1886,5n8c_8Q8_A_403,1,unimol,0.66661906,0.34975918,1.9059364,0,0.5425519,28.23
356,4,13210,1887,5n8c_8Q8_B_403,1,unimol,0.66661906,0.34975918,1.9059364,0,0.97325276,30.83
357,4,13819,1974,5uio_LG3_A_201,1,unimol,0.66661906,0.34975918,1.9059364,0,0,20.24
358,5,274,39,1d6u_PEA_A_2003,1,unimol,0.66952972,0.33858444,1.977437,0,0.97472167,20.41
359,5,414,59,1e48_13P_P_302,1,unimol,0.66952972,0.33858444,1.977437,0,0,19.05
360,5,1086,155,1ho5_ADN_A_1604,1,unimol,0.66952972,0.33858444,1.977437,0,0.94587035,23.07
361,5,1093,156,1ho5_ADN_B_2604,1,unimol,0.66952972,0.33858444,1.977437,0,0.97888497,21.86
362,5,2633,376,1s2c_FLF_A_2001,1,unimol,0.66952972,0.33858444,1.977437,0,0.97556009,21.32
363,5,2640,377,1s2c_FLF_A_2002,1,unimol,0.66952972,0.33858444,1.977437,0,0.93205554,18.34
364,5,4257,608,2f78_BEZ_A_1001,1,unimol,0.66952972,0.33858444,1.977437,0,0.98845297,22.09
365,5,4264,609,2f78_BEZ_A_1003,1,unimol,0.66952972,0.33858444,1.977437,0,0.99297058,15.91
366,5,4271,610,2f78_BEZ_B_1002,1,unimol,0.66952972,0.33858444,1.977437,0,0.9960496,23.36
367,5,4278,611,2f78_BEZ_B_1004,1,unimol,0.66952972,0.33858444,1.977437,0,0.99145624,23.28
368,5,5279,754,2qvr_CIT_A_335,1,unimol,0.66952972,0.33858444,1.977437,0,0.9596157,18.65
369,5,5286,755,2qvr_FDP_A_333,1,unimol,0.66952972,0.33858444,1.977437,0,0,21.82
370,5,5839,834,2xya_7L4_A_1181,1,unimol,0.66952972,0.33858444,1.977437,0,0.97457555,21
371,5,6175,882,3mk1_NPO_A_912,1,unimol,0.66952972,0.33858444,1.977437,0,0.42969763,17.24
372,5,6182,883,3mk1_NPO_A_913,1,unimol,0.66952972,0.33858444,1.977437,0,0.99051552,35.56
373,5,6420,917,3sj1_DXC_X_75,1,unimol,0.66952972,0.33858444,1.977437,0,0.98290361,20.61
374,5,6700,957,3vq4_0NX_A_304,1,unimol,0.66952972,0.33858444,1.977437,0,0.98286377,16.24
375,5,6707,958,3vq4_0NX_A_305,1,unimol,0.66952972,0.33858444,1.977437,0,0.9885928,13.8
376,5,6714,959,3vq4_0NX_B_303,1,unimol,0.66952972,0.33858444,1.977437,0,0.97810158,17.71
377,5,6721,960,3vq5_MMJ_A_1007,1,unimol,0.66952972,0.33858444,1.977437,0,0.99052549,14.39
378,5,6728,961,3vq5_MMJ_B_307,1,unimol,0.66952972,0.33858444,1.977437,0,0.99671805,19.8
379,5,6735,962,3vqe_FMQ_A_1006,1,unimol,0.66952972,0.33858444,1.977437,0,0.44565346,15.78
380,5,6742,963,3vqe_FMQ_B_306,1,unimol,0.66952972,0.33858444,1.977437,0,0.47430214,20.15
381,5,6903,986,3wqs_KBK_B_503,1,unimol,0.66952972,0.33858444,1.977437,0,0.89480911,24.57
382,5,7190,1027,4a3u_NCA_A_1359,1,unimol,0.66952972,0.33858444,1.977437,0,0.98028514,23.23
383,5,7197,1028,4a3u_NCA_B_1359,1,unimol,0.66952972,0.33858444,1.977437,0,0.94658498,17.36
384,5,7225,1032,4a7x_UDP_B_1241,1,unimol,0.66952972,0.33858444,1.977437,0,0.94395304,27.57
385,5,7631,1090,4cjs_L0Y_A_1217,1,unimol,0.66952972,0.33858444,1.977437,0,0.98316231,19.26
386,5,7638,1091,4cjs_L0Y_B_1217,1,unimol,0.66952972,0.33858444,1.977437,0,0.96678194,23.5
387,5,7645,1092,4cju_JNS_A_1217,1,unimol,0.66952972,0.33858444,1.977437,0,0.92148333,20.66
388,5,7652,1093,4cju_JNS_B_1214,1,unimol,0.66952972,0.33858444,1.977437,0,0.98273282,19.28
389,5,7659,1094,4cjv_IV2_A_1212,1,unimol,0.66952972,0.33858444,1.977437,0,0.99705003,18.04
390,5,7666,1095,4cjw_CBJ_A_1215,1,unimol,0.66952972,0.33858444,1.977437,0,0.94785945,20.91
391,5,7673,1096,4cjw_CBJ_B_1217,1,unimol,0.66952972,0.33858444,1.977437,0,0.9296023,18.42
392,5,8338,1191,4f06_PHB_A_401,1,unimol,0.66952972,0.33858444,1.977437,0,0.99116736,19.7
393,5,8471,1210,4h0x_LAR_B_403,1,unimol,0.66952972,0.33858444,1.977437,0,0.98401795,22.49
394,5,9241,1320,4lol_1YE_A_401,1,unimol,0.66952972,0.33858444,1.977437,0,0.97465019,16.14
395,5,9598,1371,4ovl_1TD_A_308,1,unimol,0.66952972,0.33858444,1.977437,0,0.94330338,19.99
396,5,9969,1424,4rql_SNE_A_505,1,unimol,0.66952972,0.33858444,1.977437,0,0.89078395,27.53
397,5,10165,1452,4ur9_BK9_B_1717,1,unimol,0.66952972,0.33858444,1.977437,0,0.99591362,23.65
398,5,10557,1508,4yu7_DHC_A_203,1,unimol,0.66952972,0.33858444,1.977437,0,0.12943757,19.83
399,5,10564,1509,4yu7_DHC_A_204,1,unimol,0.66952972,0.33858444,1.977437,0,0.88076034,18.71
400,5,10571,1510,4yu7_DHC_B_204,1,unimol,0.66952972,0.33858444,1.977437,0,0.87599011,24.88
401,5,10725,1532,4zib_4OG_A_512,1,unimol,0.66952972,0.33858444,1.977437,0,0.97114356,20.64
402,5,11033,1576,5afy_WCE_H_1248,1,unimol,0.66952972,0.33858444,1.977437,0,0.99125566,18.77
403,5,11152,1593,5bkd_RCF_A_503,1,unimol,0.66952972,0.33858444,1.977437,0,0,23.8
404,5,11313,1616,5clo_NS8_M_101,1,unimol,0.66952972,0.33858444,1.977437,0,0.98830412,18.69
405,5,12020,1717,5fzn_FB2_A_1615,1,unimol,0.66952972,0.33858444,1.977437,0,0.99330165,19.66
406,5,13322,1903,5o4j_9KH_B_302,1,unimol,0.66952972,0.33858444,1.977437,0,0.96169539,18.58
407,5,13392,1913,5oew_9TE_B_901,1,unimol,0.66952972,0.33858444,1.977437,0,0.99412695,25.28
408,6,3564,509,1zei_CRS_D_54,1,unimol,0.83600588,0.37750509,2.2145543,0,0.96964612,21.94
409,6,9906,1415,4rg3_ECE_A_603,1,unimol,0.76918731,0.35226963,2.1835177,0,0.98836796,17.91
410,6,190,27,1bqp_MAN_B_401,1,unimol,0.71992522,0.34692336,2.0751698,0,0.96333196,23.29
411,6,379,54,1dy3_87Y_A_201,1,unimol,0.71992522,0.34692336,2.0751698,0,0.97766173,23.26
412,6,435,62,1e7h_PLM_A_1007,1,unimol,0.71992522,0.34692336,2.0751698,0,0.96956467,21.49
413,6,442,63,1e8g_FCR_B_601,1,unimol,0.71992522,0.34692336,2.0751698,0,0.97599423,16.59
414,6,652,93,1g72_PQQ_C_703,1,unimol,0.71992522,0.34692336,2.0751698,0,0,22.33
415,6,785,112,1h18_DTL_A_9009,1,unimol,0.71992522,0.34692336,2.0751698,0,0,28.84
416,6,799,114,1h18_DTL_B_9009,1,unimol,0.71992522,0.34692336,2.0751698,0,0,19.24
417,6,806,115,1h18_DTL_B_9010,1,unimol,0.71992522,0.34692336,2.0751698,0,0,19.29
418,6,967,138,1h5r_THM_A_1293,1,unimol,0.71992522,0.34692336,2.0751698,0,0,22.04
419,6,974,139,1h5r_THM_B_1292,1,unimol,0.71992522,0.34692336,2.0751698,0,0,19.7
420,6,981,140,1h5r_THM_C_1292,1,unimol,0.71992522,0.34692336,2.0751698,0,0,21.46
421,6,995,142,1h5r_THM_D_1292,1,unimol,0.71992522,0.34692336,2.0751698,0,0,21.22
422,6,1002,143,1h5r_THM_D_1293,1,unimol,0.71992522,0.34692336,2.0751698,0,0,18.92
423,6,1226,175,1iwe_IMP_A_460,1,unimol,0.71992522,0.34692336,2.0751698,0,0,22.56
424,6,1233,176,1iwe_IMP_B_1443,1,unimol,0.71992522,0.34692336,2.0751698,0,0,23.26
425,6,1240,177,1iwe_IMP_B_1452,1,unimol,0.71992522,0.34692336,2.0751698,0,0,20.09
426,6,1394,199,1jla_TNK_A_999,1,unimol,0.71992522,0.34692336,2.0751698,0,0,22.97
427,6,1485,212,1kae_HSO_A_1001,1,unimol,0.71992522,0.34692336,2.0751698,0,0,15.62
428,6,1583,226,1kuj_MMA_A_501,1,unimol,0.71992522,0.34692336,2.0751698,0,0.94941724,21.37
429,6,1590,227,1kuj_MMA_C_502,1,unimol,0.71992522,0.34692336,2.0751698,0,0.94943352,21.97
430,6,1597,228,1kuj_MMA_E_503,1,unimol,0.71992522,0.34692336,2.0751698,0,0.96051019,24
431,6,1604,229,1kuj_MMA_G_504,1,unimol,0.71992522,0.34692336,2.0751698,0,0.96582449,15.3
432,6,2031,290,1nme_159_B_9002,1,unimol,0.71992522,0.34692336,2.0751698,0,0.96439468,19.69
433,6,2199,314,1o6g_SIN_A_724,1,unimol,0.71992522,0.34692336,2.0751698,0,0.91780026,21.2
434,6,2696,385,1sjc_SMG_A_1000,1,unimol,0.71992522,0.34692336,2.0751698,0,0.93730527,21.23
435,6,2703,386,1sjc_SMG_B_1100,1,unimol,0.71992522,0.34692336,2.0751698,0,0.93954584,22.88
436,6,2710,387,1sjc_SMG_C_1200,1,unimol,0.71992522,0.34692336,2.0751698,0,0.93408809,20.41
437,6,2717,388,1sjc_SMG_D_1300,1,unimol,0.71992522,0.34692336,2.0751698,0,0.95002002,25.49
438,6,2836,405,1tiw_TFB_A_2002,1,unimol,0.71992522,0.34692336,2.0751698,0,0.97161368,16.86
439,6,2850,407,1tkh_DPN_A_911,1,unimol,0.71992522,0.34692336,2.0751698,0,0.96400167,24.25
440,6,2885,412,1toq_AMG_A_501,1,unimol,0.71992522,0.34692336,2.0751698,0,0.95893793,24.01
441,6,2892,413,1toq_AMG_C_502,1,unimol,0.71992522,0.34692336,2.0751698,0,0.92745487,15.74
442,6,2899,414,1toq_AMG_G_504,1,unimol,0.71992522,0.34692336,2.0751698,0,0.94595247,17.56
443,6,2934,419,1u18_HSM_A_401,1,unimol,0.71992522,0.34692336,2.0751698,0,0,17.83
444,6,2941,420,1u18_HSM_B_402,1,unimol,0.71992522,0.34692336,2.0751698,0,0,21.72
445,6,3326,475,1xid_ASC_A_389,1,unimol,0.71992522,0.34692336,2.0751698,0,0.89814863,15.76
446,6,3452,493,1yik_MM1_A_500,1,unimol,0.71992522,0.34692336,2.0751698,0,0,25.83
447,6,3508,501,1z6k_OAA_A_274,1,unimol,0.71992522,0.34692336,2.0751698,0,0.95013558,27.5
448,6,3697,528,2a0x_DIH_A_300,1,unimol,0.71992522,0.34692336,2.0751698,0,0,14.8
449,6,3725,532,2a5t_GLY_A_1001,1,unimol,0.71992522,0.34692336,2.0751698,0,0,16.64
450,6,3928,561,2bxh_IOS_A_1002,1,unimol,0.71992522,0.34692336,2.0751698,0,0,19.48
451,6,3935,562,2bxh_IOS_B_1002,1,unimol,0.71992522,0.34692336,2.0751698,0,0.92637842,28.22
452,6,4110,587,2e40_LGC_A_1001,1,unimol,0.71992522,0.34692336,2.0751698,0,0.00092158409,18.73
453,6,4117,588,2e40_LGC_B_2001,1,unimol,0.71992522,0.34692336,2.0751698,0,0,22.06
454,6,4124,589,2e56_MYR_A_501,1,unimol,0.71992522,0.34692336,2.0751698,0,0.92168717,24.44
455,6,4131,590,2e56_MYR_A_601,1,unimol,0.71992522,0.34692336,2.0751698,0,0.89674376,25.62
456,6,4138,591,2e56_MYR_A_701,1,unimol,0.71992522,0.34692336,2.0751698,0,0.96573115,27.22
457,6,4222,603,2evd_D10_A_304,1,unimol,0.71992522,0.34692336,2.0751698,0,0.95994292,21.91
458,7,12475,1782,5icf_SAU_A_402,1,unimol,0.68776302,0.32779609,2.0981419,0,0.9098824,15.06
459,7,113,16,1aog_MAE_A_501,1,unimol,0.68063483,0.32439871,2.0981419,0,0.89660671,18.95
460,7,246,35,1ck6_SHA_A_900,1,unimol,0.68063483,0.32439871,2.0981419,0,0.98775244,18.91
461,7,421,60,1e5f_PLP_A_405,1,unimol,0.68063483,0.32439871,2.0981419,0,0,21.47
462,7,428,61,1e5f_PLP_B_405,1,unimol,0.68063483,0.32439871,2.0981419,0,0,22.52
463,7,449,64,1e8m_P0H_A_724,1,unimol,0.68063483,0.32439871,2.0981419,0,0.88926204,22.99
464,7,547,78,1fp2_HMO_A_2000,1,unimol,0.68063483,0.32439871,2.0981419,0,0.92100725,20.05
465,7,715,102,1giu_ADE_A_300,1,unimol,0.68063483,0.32439871,2.0981419,0,0,12.77
466,7,890,127,1h48_CDI_A_201,1,unimol,0.68063483,0.32439871,2.0981419,0,0,22.48
467,7,897,128,1h48_CDI_B_902,1,unimol,0.68063483,0.32439871,2.0981419,0,0.96987863,16.88
468,7,904,129,1h48_CDI_C_902,1,unimol,0.68063483,0.32439871,2.0981419,0,0,25.38
469,7,911,130,1h48_CDI_F_902,1,unimol,0.68063483,0.32439871,2.0981419,0,0,19.8
470,7,1247,178,1ixo_G3P_A_1001,1,unimol,0.68063483,0.32439871,2.0981419,0,0,24.24
471,7,1310,187,1j3i_WRA_A_609,1,unimol,0.68063483,0.32439871,2.0981419,0,0.99015522,23.9
472,7,1317,188,1j3i_WRA_B_709,1,unimol,0.68063483,0.32439871,2.0981419,0,0.99489507,28
473,7,1331,190,1j3k_WRA_A_609,1,unimol,0.68063483,0.32439871,2.0981419,0,0.9934278,21.93
474,7,1338,191,1j3k_WRA_B_709,1,unimol,0.68063483,0.32439871,2.0981419,0,0.99566085,26.18
475,7,1359,194,1jf0_CZH_A_197,1,unimol,0.68063483,0.32439871,2.0981419,0,0.99184997,25.99
476,7,1387,198,1jl0_PUT_A_401,1,unimol,0.68063483,0.32439871,2.0981419,0,0.90215522,17.63
477,7,1562,223,1klz_U_A_2001,1,unimol,0.68063483,0.32439871,2.0981419,0,0,24.37
478,7,1569,224,1km6_OMP_A_2001,1,unimol,0.68063483,0.32439871,2.0981419,0,0,15.8
479,7,1611,230,1kwc_BPY_B_401,1,unimol,0.68063483,0.32439871,2.0981419,0,0.99116452,15.83
480,7,1877,268,1m9j_CLW_A_906,1,unimol,0.68063483,0.32439871,2.0981419,0,0,22.73
481,7,1884,269,1m9j_CLW_B_907,1,unimol,0.68063483,0.32439871,2.0981419,0,0,21.6
482,7,1940,277,1mrj_ADN_A_300,1,unimol,0.68063483,0.32439871,2.0981419,0,0.98721051,13.24
483,7,1954,279,1msv_PUT_B_355,1,unimol,0.68063483,0.32439871,2.0981419,0,0.91313909,20.3
484,7,2220,317,1om5_INE_A_790,1,unimol,0.68063483,0.32439871,2.0981419,0,0.98684058,23.15
485,7,2325,332,1pl6_572_C_409,1,unimol,0.68063483,0.32439871,2.0981419,0,0.958854,23.22
486,7,2332,333,1pl6_572_D_411,1,unimol,0.68063483,0.32439871,2.0981419,0,0.95630496,25.19
487,7,2437,348,1q3a_NGH_A_480,1,unimol,0.68063483,0.32439871,2.0981419,0,0.85950608,22.86
488,7,2444,349,1q3a_NGH_B_479,1,unimol,0.68063483,0.32439871,2.0981419,0,0.95346286,21.68
489,7,2451,350,1q3a_NGH_C_481,1,unimol,0.68063483,0.32439871,2.0981419,0,0,31.09
490,7,2472,353,1q6r_LX1_A_7301,1,unimol,0.68063483,0.32439871,2.0981419,0,0,18.31
491,7,2479,354,1q6r_LX1_B_9301,1,unimol,0.68063483,0.32439871,2.0981419,0,0,19.94
492,7,2584,369,1rqh_PYR_A_602,1,unimol,0.68063483,0.32439871,2.0981419,0,0.94853187,14.85
493,7,2612,373,1rvz_NAG_A_3321,1,unimol,0.68063483,0.32439871,2.0981419,0,0,30.77
494,7,2619,374,1rvz_NAG_F_3331,1,unimol,0.68063483,0.32439871,2.0981419,0,0.00015058308,30.26
495,7,3109,444,1vkf_CIT_A_501,1,unimol,0.68063483,0.32439871,2.0981419,0,0.86734174,24.29
496,7,3116,445,1vkf_CIT_C_502,1,unimol,0.68063483,0.32439871,2.0981419,0,0.757633,19.31
497,7,3123,446,1vkf_CIT_D_503,1,unimol,0.68063483,0.32439871,2.0981419,0,0.90373428,26.79
498,7,3200,457,1w62_PYC_A_700,1,unimol,0.68063483,0.32439871,2.0981419,0,0,17.88
499,7,3410,487,1y42_TYR_X_701,1,unimol,0.68063483,0.32439871,2.0981419,0,0.84976395,21.18
500,7,3774,539,2aiq_BEN_A_401,1,unimol,0.68063483,0.32439871,2.0981419,0,0.98338686,18.68
501,7,3914,559,2bs8_NAG_A_1177,1,unimol,0.68063483,0.32439871,2.0981419,0,0.87833032,19.5
502,7,4215,602,2eus_ABN_A_400,1,unimol,0.68063483,0.32439871,2.0981419,0,0.99203182,16.45
503,7,4236,605,2exs_TRP_B_2100,1,unimol,0.68063483,0.32439871,2.0981419,0,0,27.08
504,7,4243,606,2f64_12Q_A_472,1,unimol,0.68063483,0.32439871,2.0981419,0,1.3388283e-33,16.95
505,7,4250,607,2f64_12Q_B_471,1,unimol,0.68063483,0.32439871,2.0981419,0,1.1648884e-33,13.49
506,7,4341,620,2fkm_G16_X_464,1,unimol,0.68063483,0.32439871,2.0981419,0,0.32133086,22.14
507,7,4453,636,2g9z_VNP_B_601,1,unimol,0.68063483,0.32439871,2.0981419,0,0.91507657,26.48
508,8,3830,547,2bdg_PBZ_A_301,1,unimol,0.71763696,0.31805906,2.2563,0,0.99621974,21.88
509,8,2206,315,1o8a_NXA_A_702,1,unimol,0.65785203,0.30573127,2.151732,0,0,22.33
510,8,2458,351,1q4g_BFL_A_701,1,unimol,0.65785203,0.30573127,2.151732,0,0.9863461,23.75
511,8,2465,352,1q4g_BFL_B_1701,1,unimol,0.65785203,0.30573127,2.151732,0,0.9888112,18.84
512,8,2759,394,1t87_CAM_A_1422,1,unimol,0.65785203,0.30573127,2.151732,0,0.98911503,19.79
513,8,2766,395,1t87_CAM_B_2422,1,unimol,0.65785203,0.30573127,2.151732,0,0.97759823,16.62
514,8,3060,437,1v3v_5OP_A_1360,1,unimol,0.65785203,0.30573127,2.151732,0,0.98622764,20.61
515,8,3067,438,1v3v_5OP_B_2360,1,unimol,0.65785203,0.30573127,2.151732,0,0.98491371,15.9
516,8,3095,442,1vje_MSE_A_301,1,unimol,0.65785203,0.30573127,2.151732,0,0.96711162,18.29
517,8,3102,443,1vje_MSE_A_401,1,unimol,0.65785203,0.30573127,2.151732,0,0.89802039,18.57
518,8,3298,471,1x8i_BMH_A_2,1,unimol,0.65785203,0.30573127,2.151732,0,0,27.76
519,8,3515,502,1z8p_DEB_A_420,1,unimol,0.65785203,0.30573127,2.151732,0,0,24.95
520,8,3711,530,2a1m_CAM_A_1422,1,unimol,0.65785203,0.30573127,2.151732,0,0.9879787,16.74
521,8,3718,531,2a1m_CAM_B_2422,1,unimol,0.65785203,0.30573127,2.151732,0,0.99117567,20.04
522,8,3872,553,2bgc_DTT_F_1238,1,unimol,0.65785203,0.30573127,2.151732,0,0,34.54
523,8,4033,576,2cjz_PTR_A_1537,1,unimol,0.65785203,0.30573127,2.151732,0,0.52913761,25.47
524,8,4488,641,2gx5_PCG_C_514,1,unimol,0.65785203,0.30573127,2.151732,0,0,20.92
525,8,5629,804,2wdq_CBE_C_1130,1,unimol,0.65785203,0.30573127,2.151732,0,0.98605125,23.82
526,8,5755,822,2xhk_AKG_A_519,1,unimol,0.65785203,0.30573127,2.151732,0,0.85769051,17.79
527,8,5762,823,2xhk_AKG_B_519,1,unimol,0.65785203,0.30573127,2.151732,0,0,18.01
528,8,5797,828,2xul_AKG_A_201,1,unimol,0.65785203,0.30573127,2.151732,0,0,17.87
529,8,5804,829,2xul_AKG_B_201,1,unimol,0.65785203,0.30573127,2.151732,0,0.90914845,24.05
530,8,5811,830,2xul_AKG_D_201,1,unimol,0.65785203,0.30573127,2.151732,0,1.7462243e-05,19.89
531,8,5818,831,2xul_AKG_E_201,1,unimol,0.65785203,0.30573127,2.151732,0,0.9127243,20.89
532,8,5825,832,2xul_AKG_F_201,1,unimol,0.65785203,0.30573127,2.151732,0,0.89667176,15.71
533,8,5832,833,2xum_OGA_A_601,1,unimol,0.65785203,0.30573127,2.151732,0,0.97602299,17.25
534,8,5937,848,2yp6_C6W_B_1186,1,unimol,0.65785203,0.30573127,2.151732,0,0.93108995,21.95
535,8,6154,879,2zwt_CAM_A_422,1,unimol,0.65785203,0.30573127,2.151732,0,0,23.09
536,9,3816,545,2b3f_GAL_E_3314,1,unimol,0.72388022,0.33079341,2.1883142,0,0.99032772,21.06
537,9,17039,2434,6s7u_KZK_C_501,1,unimol,0.72319136,0.33047861,2.1883142,0,0,55.22
538,9,15359,2194,6flu_DTK_A_402,1,unimol,0.67166568,0.30693279,2.1883142,0,0.94189285,20.72
539,9,8219,1174,4e7v_CRS_U_101,1,unimol,0.66486059,0.30382305,2.1883142,0,0.99039757,20.67
540,9,827,118,1h1i_QUE_B_1356,1,unimol,0.66327195,0.30309709,2.1883142,0,0,18.14
541,9,4796,685,2npq_BOG_A_2000,1,unimol,0.66327195,0.30309709,2.1883142,0,0.94598589,20.79
542,9,8,1,1a49_OXL_A_533,1,unimol,0.65572132,0.29964666,2.1883142,0,0.93781074,28.33
543,9,92,13,1ajs_PLA_A_415,1,unimol,0.65572132,0.29964666,2.1883142,0,0.96056931,23.23
544,9,120,17,1aua_BOG_A_1,1,unimol,0.65572132,0.29964666,2.1883142,0,0,21.57
545,9,127,18,1aua_BOG_A_2,1,unimol,0.65572132,0.29964666,2.1883142,0,0,22.08
546,9,162,23,1bcs_ARG_A_426,1,unimol,0.65572132,0.29964666,2.1883142,0,0,20.35
547,9,183,26,1bo8_U_A_318,1,unimol,0.65572132,0.29964666,2.1883142,0,0,22.23
548,9,197,28,1ca7_ENO_A_501,1,unimol,0.65572132,0.29964666,2.1883142,0,0.90604403,19.14
549,9,204,29,1ca7_ENO_C_701,1,unimol,0.65572132,0.29964666,2.1883142,0,0.90243739,16.62
550,9,211,30,1cdk_MYR_A_403,1,unimol,0.65572132,0.29964666,2.1883142,0,0,16.59
551,9,218,31,1cdk_MYR_B_403,1,unimol,0.65572132,0.29964666,2.1883142,0,0.88011681,17.59
552,9,239,34,1cib_IMP_A_440,1,unimol,0.65572132,0.29964666,2.1883142,0,0,15.34
553,9,267,38,1d6u_HY1_A_2001,1,unimol,0.65572132,0.29964666,2.1883142,0,0.99667157,22.35
554,9,330,47,1dna_CB3_A_601,1,unimol,0.65572132,0.29964666,2.1883142,0,0,28.43
555,9,337,48,1dna_CB3_B_602,1,unimol,0.65572132,0.29964666,2.1883142,0,0,29.86
556,9,344,49,1dpm_EBP_A_900,1,unimol,0.65572132,0.29964666,2.1883142,0,0.74387868,20.91
557,9,351,50,1dpm_EBP_A_901,1,unimol,0.65572132,0.29964666,2.1883142,0,0.9780366,19.09
558,9,372,53,1dxy_COI_A_404,1,unimol,0.65572132,0.29964666,2.1883142,0,0.94556853,21.86
559,9,407,58,1e2s_CSN_P_701,1,unimol,0.65572132,0.29964666,2.1883142,0,0.29911644,24.01
560,9,456,65,1ei6_PPF_A_410,1,unimol,0.65572132,0.29964666,2.1883142,0,0.83340009,24.62
561,9,470,67,1ei6_PPF_D_412,1,unimol,0.65572132,0.29964666,2.1883142,0,0.88534888,20.28
562,9,484,69,1euu_GAL_A_2,1,unimol,0.65572132,0.29964666,2.1883142,0,0.74695083,22.85
563,9,498,71,1eyw_TEN_A_403,1,unimol,0.65572132,0.29964666,2.1883142,0,0,24.08
564,9,554,79,1fqo_F6R_B_2268,1,unimol,0.65572132,0.29964666,2.1883142,0,0.94831394,20.11
565,9,568,81,1fsa_F6P_A_338,1,unimol,0.65572132,0.29964666,2.1883142,0,0.91052122,21.28
566,9,624,89,1g6n_CMP_A_621,1,unimol,0.65572132,0.29964666,2.1883142,0,0.99572185,23.26
567,9,631,90,1g6n_CMP_B_622,1,unimol,0.65572132,0.29964666,2.1883142,0,0.99243928,17.44
568,9,638,91,1g6t_S3P_A_601,1,unimol,0.65572132,0.29964666,2.1883142,0,0.96177999,20.1
569,9,645,92,1g72_PQQ_A_701,1,unimol,0.65572132,0.29964666,2.1883142,0,0,25.13
570,9,659,94,1g79_PLP_A_260,1,unimol,0.65572132,0.29964666,2.1883142,0,0.90095242,26.15
571,9,694,99,1gey_PPE_A_413,1,unimol,0.65572132,0.29964666,2.1883142,0,0.94881201,24.77
572,9,708,101,1gim_IMP_A_440,1,unimol,0.65572132,0.29964666,2.1883142,0,0,18.85
573,9,729,104,1gsi_TMP_A_1210,1,unimol,0.65572132,0.29964666,2.1883142,0,0,17.44
574,9,743,106,1gz5_G6P_A_901,1,unimol,0.65572132,0.29964666,2.1883142,0,0.97877921,19.39
575,9,750,107,1gz5_G6P_B_901,1,unimol,0.65572132,0.29964666,2.1883142,0,0.9722514,19.8
576,9,757,108,1gz5_G6P_D_901,1,unimol,0.65572132,0.29964666,2.1883142,0,0.97549452,23.21
577,9,764,109,1gz5_UDP_C_900,1,unimol,0.65572132,0.29964666,2.1883142,0,0.95589697,22.34
578,9,771,110,1gz5_UDP_D_900,1,unimol,0.65572132,0.29964666,2.1883142,0,0.96637626,26.67
579,9,820,117,1h1i_QUE_A_1358,1,unimol,0.65572132,0.29964666,2.1883142,0,0.99337223,23.91
580,9,834,119,1h1i_QUE_D_1357,1,unimol,0.65572132,0.29964666,2.1883142,0,0,23.54
581,9,841,120,1h1m_KMP_A_1360,1,unimol,0.65572132,0.29964666,2.1883142,0,0.98834119,18.43
582,9,848,121,1h1m_KMP_B_1358,1,unimol,0.65572132,0.29964666,2.1883142,0,0.99018301,23.67
583,9,855,122,1h1m_KMP_C_1358,1,unimol,0.65572132,0.29964666,2.1883142,0,0.98772055,21.3
584,9,862,123,1h48_C5P_A_203,1,unimol,0.65572132,0.29964666,2.1883142,0,0.92561991,24.38
585,9,869,124,1h48_C5P_B_901,1,unimol,0.65572132,0.29964666,2.1883142,0,0.95327625,19.31
586,10,1926,275,1moo_4MZ_A_264,1,unimol,0.65419247,0.28733068,2.276792,0,0,18.15
587,10,1933,276,1moo_4MZ_A_265,1,unimol,0.65419247,0.28733068,2.276792,0,0,15.86
588,10,3438,491,1y8j_STS_A_900,1,unimol,0.65419247,0.28733068,2.276792,0,0,21.09
589,10,4348,621,2fpu_HSO_B_509,1,unimol,0.65419247,0.28733068,2.276792,0,0,18.68
590,10,4502,643,2gyv_HBP_B_545,1,unimol,0.65419247,0.28733068,2.276792,0,0.95798112,31.43
591,10,5139,734,2qcx_PF1_A_300,1,unimol,0.65419247,0.28733068,2.276792,0,0.97400987,19.95
592,10,5146,735,2qcx_PF1_B_300,1,unimol,0.65419247,0.28733068,2.276792,0,0.98388824,23.3
593,10,5293,756,2qx4_ML1_A_233,1,unimol,0.65419247,0.28733068,2.276792,0,0.98553668,24.28
594,10,5300,757,2qx4_ML1_B_233,1,unimol,0.65419247,0.28733068,2.276792,0,0.95711943,23.22
595,10,5657,808,2whq_HI6_A_1543,1,unimol,0.65419247,0.28733068,2.276792,0,0,20.18
596,10,5664,809,2whq_HI6_B_1545,1,unimol,0.65419247,0.28733068,2.276792,0,0,19.32
597,10,5909,844,2ye5_2A7_A_1224,1,unimol,0.65419247,0.28733068,2.276792,0,0.8793011,20.28
598,10,6798,971,3wat_BMA_B_404,1,unimol,0.65419247,0.28733068,2.276792,0,0,22.58
599,10,7078,1011,3zjq_NCA_A_300,1,unimol,0.65419247,0.28733068,2.276792,0,0.98903597,21.59
600,10,7085,1012,3zjq_NCA_B_300,1,unimol,0.65419247,0.28733068,2.276792,0,0.98803469,22.22
601,10,8513,1216,4hey_4MZ_A_303,1,unimol,0.65419247,0.28733068,2.276792,0,0,17.94
602,10,8520,1217,4hey_4MZ_A_307,1,unimol,0.65419247,0.28733068,2.276792,0,0,22.93
603,10,8912,1273,4j4b_0TF_A_904,1,unimol,0.65419247,0.28733068,2.276792,0,0,26.41
604,10,9122,1303,4kqx_HIO_A_402,1,unimol,0.65419247,0.28733068,2.276792,0,0.95520729,26.37
605,10,9129,1304,4kqx_HIO_B_401,1,unimol,0.65419247,0.28733068,2.276792,0,0.92153853,23.55
606,10,9206,1315,4l91_X29_A_301,1,unimol,0.65419247,0.28733068,2.276792,0,0.9896262,20.12
607,10,9311,1330,4m54_AE5_A_403,1,unimol,0.65419247,0.28733068,2.276792,0,0,19.5
608,10,9409,1344,4mpr_TPP_A_602,1,unimol,0.65419247,0.28733068,2.276792,0,0.95581788,17.75
609,10,9759,1394,4q3a_2YC_A_904,1,unimol,0.65419247,0.28733068,2.276792,0,0.98231189,23.45
610,10,9766,1395,4q3a_2YC_B_904,1,unimol,0.65419247,0.28733068,2.276792,0,0.98686118,23.95
611,10,9773,1396,4q3a_2YC_C_904,1,unimol,0.65419247,0.28733068,2.276792,0,0,18.25
612,10,9780,1397,4q3a_2YC_D_904,1,unimol,0.65419247,0.28733068,2.276792,0,0,24.96
613,10,10039,1434,4u7g_K17_A_303,1,unimol,0.65419247,0.28733068,2.276792,0,0.95633956,18.23
614,10,10228,1461,4v36_LYN_A_1851,1,unimol,0.65419247,0.28733068,2.276792,0,1.1230582e-09,21.27
615,10,10424,1489,4xp2_TT4_A_401,1,unimol,0.65419247,0.28733068,2.276792,0,0.98063021,19.14
616,10,11733,1676,5ezp_IPJ_A_201,1,unimol,0.65419247,0.28733068,2.276792,0,0.98455747,21.16
617,10,11740,1677,5ezp_IPJ_B_201,1,unimol,0.65419247,0.28733068,2.276792,0,0,29.21
618,10,11747,1678,5ezp_IPJ_C_201,1,unimol,0.65419247,0.28733068,2.276792,0,0.37656898,20.06
619,10,11754,1679,5ezp_IPJ_F_201,1,unimol,0.65419247,0.28733068,2.276792,0,1.7026874e-07,25.7
620,10,11761,1680,5ezp_IPJ_G_202,1,unimol,0.65419247,0.28733068,2.276792,0,0.98536504,19.34
621,10,12293,1756,5hfa_FP1_A_607,1,unimol,0.65419247,0.28733068,2.276792,0,0.99142359,23.72
622,10,12300,1757,5hfa_FP1_A_608,1,unimol,0.65419247,0.28733068,2.276792,0,0.99015668,19.7
623,10,12307,1758,5hfa_FP1_B_609,1,unimol,0.65419247,0.28733068,2.276792,0,0.98771627,22.31
624,10,12832,1833,5joy_6LW_A_602,1,unimol,0.65419247,0.28733068,2.276792,0,0.95993939,21.93
625,10,12839,1834,5joy_6LW_B_602,1,unimol,0.65419247,0.28733068,2.276792,0,0.93147422,19.96
626,10,13518,1931,5t85_44G_L_301,1,unimol,0.65419247,0.28733068,2.276792,0,0,27.95
627,10,14372,2053,5y7a_KYN_A_502,1,unimol,0.65419247,0.28733068,2.276792,0,0,21.22
628,10,14596,2085,5z9b_HX3_A_303,1,unimol,0.65419247,0.28733068,2.276792,0,0.99146747,19.12
629,10,14603,2086,5z9b_HX3_B_303,1,unimol,0.65419247,0.28733068,2.276792,0,0.98667353,19.18
630,10,15772,2253,6jmd_ORO_A_402,1,unimol,0.65419247,0.28733068,2.276792,0,0.86529912,18.34
631,10,15786,2255,6jme_ORO_A_402,1,unimol,0.65419247,0.28733068,2.276792,0,0.85171822,15.94
632,10,16535,2362,6oha_XAN_A_501,1,unimol,0.65419247,0.28733068,2.276792,0,0.08738534,19.61
633,10,17753,2536,7cne_SIN_A_402,1,unimol,0.65419247,0.28733068,2.276792,0,0.73499798,16.47
634,10,14133,2019,5wcz_NOJ_B_601,0,surfdock,0.63878039,0.28056147,2.276792,0,0.9846017,2.6408458
635,10,8401,1200,4gcq_0JM_B_401,1,unimol,0.65419247,0.27953504,2.340287,0,0.97055429,21.85
636,11,1477,211,1k8z_IAG_A_501,0,surfdock,0.65289935,0.27655461,2.3608325,0,0.99442625,3.3719875
637,11,4431,633,2g21_L1B_B_985,0,surfdock,0.65289935,0.27655461,2.3608325,0,0.98792541,4.3942794
638,11,17171,2453,6t0a_M58_A_601,0,surfdock,0.65289935,0.27655461,2.3608325,0,0.0026412827,2.5095316
639,11,5054,722,2pwf_BGC_D_9999,0,surfdock,0.65272073,0.27647894,2.3608325,0,0.95640016,2.7718168
640,11,12426,1775,5i8z_JA1_A_302,1,unimol,0.64866014,0.27475897,2.3608325,0,0.97862476,23.61
641,11,260,37,1d3g_ORO_A_399,1,unimol,0.64474621,0.27310111,2.3608325,0,0,17.3
642,11,1058,151,1h8p_PC_A_1110,1,unimol,0.64474621,0.27310111,2.3608325,0,0.87982616,21.77
643,11,1065,152,1h8p_PC_B_1110,1,unimol,0.64474621,0.27310111,2.3608325,0,0.91480008,23.86
644,11,1072,153,1h8p_PC_B_1111,1,unimol,0.64474621,0.27310111,2.3608325,0,0.9354496,17.32
645,11,1163,166,1iri_E4P_A_601,1,unimol,0.64474621,0.27310111,2.3608325,0,0.95515978,27.99
646,11,1170,167,1iri_E4P_B_602,1,unimol,0.64474621,0.27310111,2.3608325,0,0.95990547,22.84
647,11,1177,168,1iri_E4P_C_603,1,unimol,0.64474621,0.27310111,2.3608325,0,0.96082443,25.41
648,11,1184,169,1iri_E4P_D_604,1,unimol,0.64474621,0.27310111,2.3608325,0,0.97216147,28.89
649,11,1639,234,1kya_XYD_D_814,1,unimol,0.64474621,0.27310111,2.3608325,0,0.97004199,20.24
650,11,2248,321,1oxp_IK2_A_411,1,unimol,0.64474621,0.27310111,2.3608325,0,0.94966152,21.62
651,11,2304,329,1pbd_PAB_A_396,1,unimol,0.64474621,0.27310111,2.3608325,0,0.98465301,22.17
652,11,2423,346,1q20_PLO_A_401,1,unimol,0.64474621,0.27310111,2.3608325,0,0.98976784,17.55
653,11,2430,347,1q22_AND_A_401,1,unimol,0.64474621,0.27310111,2.3608325,0,0.99136811,15.91
654,11,2752,393,1t5z_DHT_A_931,1,unimol,0.64474621,0.27310111,2.3608325,0,0.99363905,16.78
655,11,3137,448,1vzd_UFP_A_317,1,unimol,0.64474621,0.27310111,2.3608325,0,0,16.65
656,11,3970,567,2c5b_5F1_A_500,1,unimol,0.64474621,0.27310111,2.3608325,0,0,21.68
657,11,3977,568,2c5b_5F1_B_500,1,unimol,0.64474621,0.27310111,2.3608325,0,0,16.53
658,11,3984,569,2c5b_5F1_C_500,1,unimol,0.64474621,0.27310111,2.3608325,0,0,15.94
659,11,4054,579,2cxp_A5P_A_1601,1,unimol,0.64474621,0.27310111,2.3608325,0,0.96801873,20.2
660,11,4677,668,2isf_PAC_A_317,1,unimol,0.64474621,0.27310111,2.3608325,0,0.97666544,24.89
661,11,4782,683,2nos_AGU_A_903,1,unimol,0.64474621,0.27310111,2.3608325,0,0.91290436,20.69
662,11,4950,707,2okk_ABU_A_585,1,unimol,0.64474621,0.27310111,2.3608325,0,0.14589691,19.71
663,11,4964,709,2oxp_THP_A_300,1,unimol,0.64474621,0.27310111,2.3608325,0,0,20.12
664,11,5153,736,2qd1_CHD_D_802,1,unimol,0.64474621,0.27310111,2.3608325,0,0,36.35
665,11,5160,737,2qd4_CHD_A_801,1,unimol,0.64474621,0.27310111,2.3608325,0,0.98483548,23.27
666,11,5167,738,2qd4_CHD_A_802,1,unimol,0.64474621,0.27310111,2.3608325,0,0.97158938,40.13
667,11,5174,739,2qd4_CHD_A_803,1,unimol,0.64474621,0.27310111,2.3608325,0,0.9894045,27.41
668,11,5181,740,2qd4_CHD_B_926,1,unimol,0.64474621,0.27310111,2.3608325,0,0.98872195,23.01
669,11,5188,741,2qd4_CHD_B_927,1,unimol,0.64474621,0.27310111,2.3608325,0,0.99041594,23.96
670,11,5195,742,2qd4_CHD_B_928,1,unimol,0.64474621,0.27310111,2.3608325,0,0.94293071,25.18
671,11,5510,787,2vez_G6P_A_202,1,unimol,0.64474621,0.27310111,2.3608325,0,0,15.92
672,11,5594,799,2w0b_CMW_A_1450,1,unimol,0.64474621,0.27310111,2.3608325,0,0.86660758,22.89
673,11,5601,800,2w1a_TSA_C_1091,1,unimol,0.64474621,0.27310111,2.3608325,0,0.99316705,23.75
674,11,5608,801,2w1a_TSA_D_1091,1,unimol,0.64474621,0.27310111,2.3608325,0,0.99394766,17.24
675,11,5881,840,2y2f_YI1_A_1469,1,unimol,0.64474621,0.27310111,2.3608325,0,0,22.13
676,11,5958,851,2z26_DOR_A_1410,1,unimol,0.64474621,0.27310111,2.3608325,0,0,18.97
677,11,6322,903,3r51_MMA_A_200,1,unimol,0.64474621,0.27310111,2.3608325,0,0.96556947,16.72
678,11,6518,931,3ucl_CYH_A_543,1,unimol,0.64474621,0.27310111,2.3608325,0,0.98810365,22.21
679,11,6525,932,3uud_EST_A_600,1,unimol,0.64474621,0.27310111,2.3608325,0,0.97890557,21.92
680,11,6532,933,3uud_EST_B_600,1,unimol,0.64474621,0.27310111,2.3608325,0,0.99303972,25.61
681,11,6966,995,3wur_O4B_A_201,1,unimol,0.64474621,0.27310111,2.3608325,0,0.18494934,39.83
682,11,6973,996,3wur_O4B_A_202,1,unimol,0.64474621,0.27310111,2.3608325,0,0.38204476,28.43
683,11,6980,997,3wur_O4B_B_201,1,unimol,0.64474621,0.27310111,2.3608325,0,0.10187215,15.47
684,11,6987,998,3wur_O4B_B_202,1,unimol,0.64474621,0.27310111,2.3608325,0,0.86049093,23.87
685,11,6994,999,3wur_O4B_B_204,1,unimol,0.64474621,0.27310111,2.3608325,0,0.057226008,23.25
686,12,2597,371,1rum_BEZ_H_1601,0,surfdock,0.66098681,0.27332348,2.4183307,0,0.98712959,2.4060336
687,12,9324,1332,4ma8_Z80_C_301,0,surfdock,0.6473301,0.27245518,2.3759131,0,0,3.0304372
688,12,1702,243,1lnf_VAL_E_1321,1,unimol,0.64693962,0.27229083,2.3759131,0,0,22.41
689,12,2073,296,1nrg_PLP_A_320,1,unimol,0.64693962,0.27229083,2.3759131,0,0.93683635,25.32
690,12,3053,436,1v03_BGC_A_1498,1,unimol,0.64693962,0.27229083,2.3759131,0,0,17.14
691,12,5517,788,2vjb_CCD_B_1539,1,unimol,0.64693962,0.27229083,2.3759131,0,0,24.2
692,12,5524,789,2vjb_CCD_B_1540,1,unimol,0.64693962,0.27229083,2.3759131,0,0.9911866,17.7
693,12,7260,1037,4a9j_TYL_A_1188,1,unimol,0.64693962,0.27229083,2.3759131,0,0.99128895,21.84
694,12,8296,1185,4ekr_0R0_A_202,1,unimol,0.64693962,0.27229083,2.3759131,0,0.99177384,22.58
695,12,8303,1186,4ekr_0R0_A_203,1,unimol,0.64693962,0.27229083,2.3759131,0,0.94166089,20.78
696,12,8310,1187,4ekr_0R0_B_203,1,unimol,0.64693962,0.27229083,2.3759131,0,0.99207739,21.16
697,12,8751,1250,4i7n_1DJ_A_202,1,unimol,0.64693962,0.27229083,2.3759131,0,0.99635442,20.03
698,12,8758,1251,4i7n_1DJ_B_203,1,unimol,0.64693962,0.27229083,2.3759131,0,0.99500498,18.97
699,12,9696,1385,4pik_MAN_A_501,1,unimol,0.64693962,0.27229083,2.3759131,0,0.96623289,19.48
700,12,9703,1386,4pik_MAN_A_502,1,unimol,0.64693962,0.27229083,2.3759131,0,0.97879827,17.9
701,12,9710,1387,4pik_MAN_B_503,1,unimol,0.64693962,0.27229083,2.3759131,0,0.97859407,17.61
702,12,9717,1388,4pik_MAN_C_503,1,unimol,0.64693962,0.27229083,2.3759131,0,0.98020728,20.28
703,12,9724,1389,4pik_MAN_D_503,1,unimol,0.64693962,0.27229083,2.3759131,0,0.97858034,17.81
704,12,10270,1467,4wdd_CIT_A_401,1,unimol,0.64693962,0.27229083,2.3759131,0,0.92971153,27.3
705,12,12118,1731,5gnx_BGC_B_503,1,unimol,0.64693962,0.27229083,2.3759131,0,0,23.87
706,12,12377,1768,5i0m_UMP_A_201,1,unimol,0.64693962,0.27229083,2.3759131,0,0,17.53
707,12,12412,1773,5i7r_68W_A_402,1,unimol,0.64693962,0.27229083,2.3759131,0,0.98304264,23.37
708,12,13007,1858,5l9v_OGA_B_502,1,unimol,0.64693962,0.27229083,2.3759131,0,0.84530028,21.95
709,12,13091,1870,5m0t_AKG_B_302,1,unimol,0.64693962,0.27229083,2.3759131,0,0.92740159,22.23
710,12,13161,1880,5mxh_GAL_A_401,1,unimol,0.64693962,0.27229083,2.3759131,0,0.92612869,19.08
711,12,13168,1881,5mxh_GAL_A_402,1,unimol,0.64693962,0.27229083,2.3759131,0,0.94048845,20.17
712,12,13588,1941,5tde_2HP_A_502,1,unimol,0.64693962,0.27229083,2.3759131,0,0.97430035,18.91
713,12,13595,1942,5tde_2HP_B_901,1,unimol,0.64693962,0.27229083,2.3759131,0,0.94388161,19.98
714,13,17745,2535,7c7g_FJR_B_402,0,surfdock,0.66298502,0.2766868,2.3961561,0,0.99153711,3.8066775
715,13,12495,1785,5ihe_D5M_B_701,0,surfdock,0.6577995,0.2745227,2.3961561,0,0.56347226,3.4068162
716,13,3186,455,1w55_C_A_1372,1,unimol,0.65384932,0.27287415,2.3961561,0,0.94860626,28.29
717,13,3193,456,1w55_C_A_1373,1,unimol,0.65384932,0.27287415,2.3961561,0,0.9810874,15.76
718,13,3879,554,2bjf_DXC_A_330,1,unimol,0.65384932,0.27287415,2.3961561,0,0.98847693,20.05
719,13,6588,941,3vbn_TYD_A_301,1,unimol,0.65384932,0.27287415,2.3961561,0,0,18.59
720,13,6595,942,3vbn_TYD_C_301,1,unimol,0.65384932,0.27287415,2.3961561,0,0,17.64
721,13,6602,943,3vbn_TYD_E_301,1,unimol,0.65384932,0.27287415,2.3961561,0,0,21.27
722,13,8114,1159,4dvw_0M4_A_512,1,unimol,0.65384932,0.27287415,2.3961561,0,0.98815446,24.86
723,13,8450,1207,4gps_CIT_A_501,1,unimol,0.65384932,0.27287415,2.3961561,0,0.76290794,19.27
724,13,9570,1367,4o95_245_A_602,1,unimol,0.65384932,0.27287415,2.3961561,0,0.98405158,19.81
725,13,11292,1613,5ci9_549_A_401,1,unimol,0.65384932,0.27287415,2.3961561,0,0.00047604393,22.62
726,13,11299,1614,5ci9_549_A_402,1,unimol,0.65384932,0.27287415,2.3961561,0,0.98041395,18.55
727,13,12930,1847,5kf2_COA_A_401,1,unimol,0.65384932,0.27287415,2.3961561,0,0.93869756,24
728,13,13259,1894,5nnw_GCS_D_302,1,unimol,0.65384932,0.27287415,2.3961561,0,0,18.42
729,13,13329,1904,5o4j_PJL_A_304,1,unimol,0.65384932,0.27287415,2.3961561,0,0.93433296,24.27
730,13,14253,2036,5x86_TMP_A_205,1,unimol,0.65384932,0.27287415,2.3961561,0,0,16.68
731,13,15170,2167,6e8i_PTR_A_201,1,unimol,0.65384932,0.27287415,2.3961561,0,0,22.39
732,13,15716,2245,6ix8_B3O_A_408,1,unimol,0.65384932,0.27287415,2.3961561,0,0,26.59
733,13,15723,2246,6ix8_B3O_B_408,1,unimol,0.65384932,0.27287415,2.3961561,0,0,21.58
734,13,16906,2415,6rbo_JXQ_A_302,1,unimol,0.65384932,0.27287415,2.3961561,0,0.94318625,26.96
735,13,16913,2416,6rbr_JXN_A_302,1,unimol,0.65384932,0.27287415,2.3961561,0,0.95237674,13.92
736,13,10536,1505,4ynu_LGC_A_603,1,unimol,0.65384932,0.27028986,2.4190662,0,0,21.65
737,13,3480,497,1z11_8MO_B_501,1,unimol,0.65384932,0.26824682,2.4374905,0,0.92397906,25.44
738,13,3487,498,1z11_8MO_D_501,1,unimol,0.65384932,0.26824682,2.4374905,0,0.95399632,24.52
739,13,3473,496,1z11_8MO_A_501,1,unimol,0.65384932,0.26514016,2.4660506,0,0.94629097,22.9
740,13,4397,628,2fyd_NGA_B_404,1,unimol,0.65384932,0.26419293,2.4748924,0,0.47133659,19.34
741,13,11187,1598,5c4i_TPP_C_402,1,unimol,0.65384932,0.2637352,2.4791877,0,0.96004788,28.05
742,13,2303,329,1pbd_PAB_A_396,0,surfdock,0.62713286,0.26172444,2.3961561,0,0.99647336,2.5861419
743,13,8470,1210,4h0x_LAR_B_403,0,surfdock,0.62705094,0.26169025,2.3961561,0,0,4.0764693
744,13,5145,735,2qcx_PF1_B_300,0,surfdock,0.6270342,0.26168327,2.3961561,0,0,2.6222676
745,13,441,63,1e8g_FCR_B_601,0,surfdock,0.62601584,0.26125827,2.3961561,0,0.99606219,2.5708759
746,13,2632,376,1s2c_FLF_A_2001,0,surfdock,0.62595984,0.2612349,2.3961561,0,0,3.6511899
747,13,5138,734,2qcx_PF1_A_300,0,surfdock,0.62575985,0.26115144,2.3961561,0,0,3.1470956
748,13,10724,1532,4zib_4OG_A_512,0,surfdock,0.62539009,0.26099712,2.3961561,0,0.078209433,3.0679945
749,13,8400,1200,4gcq_0JM_B_401,0,surfdock,0.62531407,0.2609654,2.3961561,0,0.00023758942,3.5591604
750,13,13321,1903,5o4j_9KH_B_302,0,surfdock,0.62417124,0.26048845,2.3961561,0,0,2.8587497
751,13,252,36,1cq1_BGC_B_455,0,surfdock,0.62392635,0.26038625,2.3961561,0,0.66765475,2.4181228
752,13,2324,332,1pl6_572_C_409,0,surfdock,0.62380469,0.26033548,2.3961561,0,0,3.0083108
753,13,2331,333,1pl6_572_D_411,0,surfdock,0.62347585,0.26019824,2.3961561,0,0,2.9646837
754,13,2072,296,1nrg_PLP_A_320,0,surfdock,0.62096432,0.25915009,2.3961561,0,8.6710282e-06,2.5586593
755,13,2639,377,1s2c_FLF_A_2002,0,surfdock,0.62034758,0.25889271,2.3961561,0,0,3.3011161
756,13,189,27,1bqp_MAN_B_401,0,surfdock,0.62438236,0.25854465,2.4149876,0,0.97770897,2.4420043
757,13,112,16,1aog_MAE_A_501,0,surfdock,0.61577454,0.25698422,2.3961561,0,0.99516562,2.2007926
758,13,6902,986,3wqs_KBK_B_503,0,surfdock,0.61554264,0.25688744,2.3961561,0,0.99157589,3.6004611
759,13,15771,2253,6jmd_ORO_A_402,0,surfdock,0.61173573,0.25529868,2.3961561,0,0.013339302,2.5116999
760,13,15785,2255,6jme_ORO_A_402,0,surfdock,0.60998375,0.25456752,2.3961561,0,0,2.6695735
761,13,3409,487,1y42_TYR_X_701,0,surfdock,0.60973164,0.2544623,2.3961561,0,0.85924668,2.8970069
762,13,6066,866,2zi2_24U_H_801,4,gnina,0.61749738,0.25426739,2.4285345,0,0.99146739,4.5621295
763,13,2283,326,1p7c_THM_B_501,1,unimol,0.65384932,0.25336023,2.5807092,0,0,22.36
764,14,3991,570,2c6q_IMP_A_1337,1,unimol,0.64802728,0.2679817,2.4181764,0,0,27.44
765,14,3998,571,2c6q_IMP_B_1339,1,unimol,0.64802728,0.2679817,2.4181764,0,0,25.91
766,14,4005,572,2c6q_IMP_C_1337,1,unimol,0.64802728,0.2679817,2.4181764,0,0,24.82
767,14,4012,573,2c6q_IMP_F_1337,1,unimol,0.64802728,0.2679817,2.4181764,0,0,27.6
768,14,4019,574,2c6q_IMP_G_1338,1,unimol,0.64802728,0.2679817,2.4181764,0,0,26.98
769,14,4313,616,2fhk_MFN_C_601,1,unimol,0.64802728,0.2679817,2.4181764,0,0.97345808,32.26
770,14,4320,617,2fhn_BNI_X_501,1,unimol,0.64802728,0.2679817,2.4181764,0,0.96658839,17.99
771,14,4327,618,2fhn_BNI_Y_502,1,unimol,0.64802728,0.2679817,2.4181764,0,0.95546413,18.65
772,14,4894,699,2o7b_HC4_C_701,1,unimol,0.64802728,0.2679817,2.4181764,0,0.98769799,30.19
773,14,4901,700,2o7b_HC4_D_701,1,unimol,0.64802728,0.2679817,2.4181764,0,0,29.06
774,14,4908,701,2o7b_HC4_G_701,1,unimol,0.64802728,0.2679817,2.4181764,0,0.9905619,31.18
775,14,5405,772,2ri1_GLP_A_234,1,unimol,0.64802728,0.2679817,2.4181764,0,0.89474045,20.5
776,14,5412,773,2ri1_GLP_B_234,1,unimol,0.64802728,0.2679817,2.4181764,0,0,21.87
777,14,5615,802,2w5t_GP9_A_1644,1,unimol,0.64802728,0.2679817,2.4181764,0,0.22158762,17.62
778,14,6189,884,3qfx_CP6_A_602,1,unimol,0.64802728,0.2679817,2.4181764,0,0.9942075,20.72
779,14,6196,885,3qfx_CP6_B_702,1,unimol,0.64802728,0.2679817,2.4181764,0,0.99489177,22.62
780,14,6749,964,3vv5_SLZ_B_301,1,unimol,0.64802728,0.2679817,2.4181764,0,0.88280155,18.76
781,14,6805,972,3wca_FPS_A_501,1,unimol,0.64802728,0.2679817,2.4181764,0,0.82798246,33.4
782,14,6812,973,3wca_FPS_B_401,1,unimol,0.64802728,0.2679817,2.4181764,0,0.95102449,24.92
783,14,6819,974,3wca_FPS_C_401,1,unimol,0.64802728,0.2679817,2.4181764,0,0.90343579,21.87
784,14,6826,975,3wca_FPS_C_402,1,unimol,0.64802728,0.2679817,2.4181764,0,0.91551948,33.95
785,14,6833,976,3wca_FPS_D_401,1,unimol,0.64802728,0.2679817,2.4181764,0,0.772551,27.11
786,14,7120,1017,3zv6_4HB_A_1277,1,unimol,0.64802728,0.2679817,2.4181764,0,0.89869674,15.63
787,14,7960,1137,4d4u_FUC_B_950,1,unimol,0.64802728,0.2679817,2.4181764,0,0.99048334,19.73
788,14,9045,1292,4k5u_GAL_A_301,1,unimol,0.64802728,0.2679817,2.4181764,0,0.989861,16.84
789,14,9052,1293,4k5u_GAL_B_301,1,unimol,0.64802728,0.2679817,2.4181764,0,0.98416174,22.5
790,14,9059,1294,4k5u_GAL_C_301,1,unimol,0.64802728,0.2679817,2.4181764,0,0.98466455,21.3
791,14,9066,1295,4k5u_GAL_D_301,1,unimol,0.64802728,0.2679817,2.4181764,0,0.98754743,23.4
792,14,9486,1355,4nir_6DH_A_307,1,unimol,0.64802728,0.2679817,2.4181764,0,0,17.4
793,14,9493,1356,4nir_6DH_A_308,1,unimol,0.64802728,0.2679817,2.4181764,0,0,23.68
794,14,9500,1357,4nir_6DH_B_306,1,unimol,0.64802728,0.2679817,2.4181764,0,0,22.52
795,14,9612,1373,4oxy_1TN_A_302,1,unimol,0.64802728,0.2679817,2.4181764,0,0.97494096,18.3
796,14,9619,1374,4oxy_1TN_B_302,1,unimol,0.64802728,0.2679817,2.4181764,0,0.98767604,21.32
797,14,9626,1375,4oxy_1TN_D_302,1,unimol,0.64802728,0.2679817,2.4181764,0,0.99031155,22.69
798,14,9682,1383,4pbr_2L7_A_401,1,unimol,0.64802728,0.2679817,2.4181764,0,0.98982832,19.23
799,14,9850,1407,4r08_URI_A_901,1,unimol,0.64802728,0.2679817,2.4181764,0,0,26.17
800,14,9857,1408,4r08_URI_B_901,1,unimol,0.64802728,0.2679817,2.4181764,0,0,27.43
801,14,9864,1409,4r08_URI_D_901,1,unimol,0.64802728,0.2679817,2.4181764,0,0,30.32
802,14,10760,1537,4zqp_IMP_A_601,1,unimol,0.64802728,0.2679817,2.4181764,0,0,17.16
803,14,10977,1568,5a8k_TP7_D_554,1,unimol,0.64802728,0.2679817,2.4181764,0,0.97442664,28.45
804,14,11068,1581,5ahn_IMP_A_1468,1,unimol,0.64802728,0.2679817,2.4181764,0,0,20.38
805,14,11999,1714,5fv3_OGA_A_1770,1,unimol,0.64802728,0.2679817,2.4181764,0,0.98032821,23.36
806,14,12279,1754,5hc0_NPO_A_402,1,unimol,0.64802728,0.2679817,2.4181764,0,0.96444565,17.96
807,14,12286,1755,5hc0_NPO_A_407,1,unimol,0.64802728,0.2679817,2.4181764,0,0.94634404,19.63
808,14,12636,1805,5j4k_6FZ_A_404,1,unimol,0.64802728,0.2679817,2.4181764,0,0.96632288,18.35
809,14,13616,1945,5tdt_MBN_A_502,1,unimol,0.64802728,0.2679817,2.4181764,0,0.18263659,23.95
810,14,13623,1946,5tdt_MBN_A_503,1,unimol,0.64802728,0.2679817,2.4181764,0,0.17139023,21.27
811,14,13630,1947,5tdt_MBN_A_504,1,unimol,0.64802728,0.2679817,2.4181764,0,0.098557181,17.92
812,14,13637,1948,5tdt_MBN_D_501,1,unimol,0.64802728,0.2679817,2.4181764,0,0.99120345,26.39
813,14,13644,1949,5tdt_MBN_D_502,1,unimol,0.64802728,0.2679817,2.4181764,0,0.23324648,24.1
814,15,225,32,1cgk_NAR_A_390,1,unimol,0.64290902,0.2628937,2.4455085,0,0,16.86
815,15,3662,523,1zoy_UQ1_B_1201,1,unimol,0.64290902,0.2628937,2.4455085,0,0.96770075,19.58
816,15,6553,936,3v1s_0LH_B_401,1,unimol,0.64290902,0.2628937,2.4455085,0,0.99579135,24.28
817,15,7029,1004,3wxo_NIZ_A_804,1,unimol,0.64290902,0.2628937,2.4455085,0,0.0018437698,17.65
818,15,8317,1188,4evi_C9M_A_402,1,unimol,0.64290902,0.2628937,2.4455085,0,0.97820645,22.26
819,15,8331,1190,4evq_PHB_A_406,1,unimol,0.64290902,0.2628937,2.4455085,0,0.99270094,21.71
820,15,12538,1791,5in3_G1P_A_416,1,unimol,0.64290902,0.2628937,2.4455085,0,0.98369825,19.81
821,15,12545,1792,5in3_G1P_B_418,1,unimol,0.64290902,0.2628937,2.4455085,0,0.98134431,23.55
822,15,13847,1978,5uj3_CE4_A_302,1,unimol,0.64290902,0.2628937,2.4455085,0,0.97415116,21.51
823,15,13959,1994,5ved_STU_A_601,1,unimol,0.64290902,0.2628937,2.4455085,0,0.89515545,19.72
824,15,14113,2016,5w8q_BU4_B_400,1,unimol,0.64290902,0.2628937,2.4455085,0,0.995276,23.21
825,15,15821,2260,6jx9_CQC_A_501,1,unimol,0.64290902,0.2628937,2.4455085,0,0.971403,21.41
826,15,16990,2427,6rum_TOP_A_301,1,unimol,0.64290902,0.2628937,2.4455085,0,0.9743454,20.54
827,15,17123,2446,6syz_M1E_B_601,1,unimol,0.64290902,0.2628937,2.4455085,0,0.99006114,16.62
828,15,1481,211,1k8z_IAG_A_501,4,gnina,0.62962589,0.25746206,2.4455085,0,0.0056558862,2.8631098
829,15,7022,1003,3wxo_NIZ_A_803,1,unimol,0.64290902,0.25655236,2.5059555,0,0.99258045,25.42
830,15,14137,2019,5wcz_NOJ_B_601,4,gnina,0.62734872,0.25653089,2.4455085,0,0,4.0267801
831,15,2507,358,1qmh_CIT_A_401,1,unimol,0.64290902,0.24694364,2.6034636,0,0.88300113,19.23
832,15,2514,359,1qmh_CIT_B_401,1,unimol,0.64290902,0.24694364,2.6034636,0,0.89325502,22.09
833,15,12265,1752,5h9i_XAN_A_301,1,unimol,0.64290902,0.24296967,2.6460454,0,0,17.79
834,15,16262,2323,6nbw_LAB_A_403,1,unimol,0.64290902,0.23664864,2.716723,0,0.99437893,22.7
835,15,116,16,1aog_MAE_A_501,4,gnina,0.63450516,0.23499562,2.7000713,0,0.0026800362,2.0339259
836,15,17137,2448,6szt_M4Q_A_601,1,unimol,0.64290902,0.23433848,2.743505,0,0.30764856,17.2
837,15,17144,2449,6szt_M4Q_B_601,1,unimol,0.64290902,0.23433848,2.743505,0,0.98712058,18.56
838,15,12454,1779,5i9m_69K_C_302,1,unimol,0.64290902,0.23328047,2.7559478,0,0.9894816,15.74
839,15,12447,1778,5i9m_69K_B_302,1,unimol,0.64290902,0.23272843,2.762485,0,0.9888055,19.09
840,15,10164,1452,4ur9_BK9_B_1717,0,surfdock,0.56810656,0.23230602,2.4455085,0,0.0012290962,2.4876347
841,15,6230,890,3qhd_MSR_A_166,0,surfdock,0.56770406,0.23214143,2.4455085,0,0,2.0303482
842,15,3507,501,1z6k_OAA_A_274,0,surfdock,0.56441797,0.23079771,2.4455085,0,0,2.3472255
843,15,10269,1467,4wdd_CIT_A_401,0,surfdock,0.56277229,0.23012477,2.4455085,0,0.98767434,2.6589179
844,15,658,94,1g79_PLP_A_260,0,surfdock,0.560455,0.2291772,2.4455085,0,8.7059167e-05,2.799278
845,15,7119,1017,3zv6_4HB_A_1277,0,surfdock,0.56027325,0.22910288,2.4455085,0,0,2.7463224
846,15,8474,1210,4h0x_LAR_B_403,4,gnina,0.55813549,0.22822872,2.4455085,0,0.99747829,4.1876457
847,15,16003,2286,6l86_LMR_A_302,1,unimol,0.64290902,0.22419059,2.8676887,0,0.063331167,21.38
848,15,12411,1773,5i7r_68W_A_402,0,surfdock,0.56706948,0.22407808,2.5306771,0,0.8057277,3.9138716
849,15,16017,2288,6l86_LMR_D_302,1,unimol,0.64290902,0.2215846,2.9014146,0,0.030345472,17.82
850,15,224,32,1cgk_NAR_A_390,0,surfdock,0.54034906,0.22095562,2.4455085,0,0,3.6420491
851,15,1120,160,1hsb_ALA_C_1,0,surfdock,0.54034906,0.22095562,2.4455085,0,0,3.394277
852,15,1540,220,1ki2_GA2_A_1,0,surfdock,0.54034906,0.22095562,2.4455085,0,0.95137752,3.498913
853,15,1547,221,1ki2_GA2_B_2,0,surfdock,0.54034906,0.22095562,2.4455085,0,0.98928761,3.4817345
854,15,1708,244,1lo3_AN1_Y_500,0,surfdock,0.54034906,0.22095562,2.4455085,0,0.99192112,3.6125652
855,15,1862,266,1m7p_G3H_A_5401,0,surfdock,0.54034906,0.22095562,2.4455085,0,0.99232306,2.6294998
856,15,1869,267,1m7p_G3H_B_6401,0,surfdock,0.54034906,0.22095562,2.4455085,0,0.98070982,2.5173951
857,15,2506,358,1qmh_CIT_A_401,0,surfdock,0.54034906,0.22095562,2.4455085,0,0,2.6658342
858,15,2513,359,1qmh_CIT_B_401,0,surfdock,0.54034906,0.22095562,2.4455085,0,0.95803441,2.439304
859,15,2625,375,1s1f_PIM_A_431,0,surfdock,0.54034906,0.22095562,2.4455085,0,0,2.3478582
860,15,2660,380,1s6h_4BZ_A_1,0,surfdock,0.54034906,0.22095562,2.4455085,0,0.99692146,2.4632676
861,15,3010,430,1uk7_BUA_A_1300,0,surfdock,0.54034906,0.22095562,2.4455085,0,0.99759868,2.2564102
862,15,3367,481,1xny_BTN_B_5602,0,surfdock,0.54034906,0.22095562,2.4455085,0,0.96483152,3.0385476
863,15,3661,523,1zoy_UQ1_B_1201,0,surfdock,0.54034906,0.22095562,2.4455085,0,0.99492405,3.2012228
864,16,2843,406,1tke_SER_A_500,1,unimol,0.64760466,0.26780693,2.4181764,0,0,19.34
865,16,3004,429,1ubs_SER_B_398,1,unimol,0.64760466,0.26780693,2.4181764,0,0.94124263,22.03
866,16,3144,449,1vzu_UDP_B_2371,1,unimol,0.64760466,0.26780693,2.4181764,0,0.95794339,19.33
867,16,3249,464,1wq4_TYR_A_501,1,unimol,0.64760466,0.26780693,2.4181764,0,0,14.01
868,16,3277,468,1x7j_GEN_A_201,1,unimol,0.64760466,0.26780693,2.4181764,0,0.99433284,23.71
869,16,3284,469,1x7j_GEN_B_202,1,unimol,0.64760466,0.26780693,2.4181764,0,0.99376865,20.14
870,16,3312,473,1xdj_HCS_A_1049,1,unimol,0.64760466,0.26780693,2.4181764,0,0.98594286,20.77
871,16,3319,474,1xdj_HCS_A_1050,1,unimol,0.64760466,0.26780693,2.4181764,0,0.91853185,21.24
872,16,3753,536,2ahc_VNL_B_266,1,unimol,0.64760466,0.26780693,2.4181764,0,0.96299562,16.4
873,16,3760,537,2ahc_VNL_C_366,1,unimol,0.64760466,0.26780693,2.4181764,0,0.99022294,15.83
874,16,3767,538,2ahc_VNL_D_466,1,unimol,0.64760466,0.26780693,2.4181764,0,0,16.72
875,16,3837,548,2bdg_PBZ_B_302,1,unimol,0.64760466,0.26780693,2.4181764,0,0.99566928,18.75
876,16,3886,555,2bk3_FOF_A_1503,1,unimol,0.64760466,0.26780693,2.4181764,0,0.9905141,27.89
877,16,3893,556,2bk3_FOF_B_1498,1,unimol,0.64760466,0.26780693,2.4181764,0,0.98677395,24.21
878,16,4957,708,2ot7_OGA_B_500,1,unimol,0.64760466,0.26780693,2.4181764,0,0.86386315,23.32
879,16,4985,712,2pnz_UDP_A_250,1,unimol,0.64760466,0.26780693,2.4181764,0,0.86432154,29.69
880,16,5034,719,2ptm_CMP_A_401,1,unimol,0.64760466,0.26780693,2.4181764,0,0,19.96
881,16,5272,753,2qui_LTN_A_501,1,unimol,0.64760466,0.26780693,2.4181764,0,0,19.06
882,16,5531,790,2vlf_PLI_A_1457,1,unimol,0.64760466,0.26780693,2.4181764,0,0,20.87
883,16,6483,926,3u1t_MLI_A_351,1,unimol,0.64760466,0.26780693,2.4181764,0,0.93668993,22.09
884,16,6490,927,3u1t_MLI_B_350,1,unimol,0.64760466,0.26780693,2.4181764,0,0.94240646,20.24
885,16,6609,944,3vc3_C6P_B_501,1,unimol,0.64760466,0.26780693,2.4181764,0,0.93850982,24.87
886,16,6616,945,3vc3_C6P_C_501,1,unimol,0.64760466,0.26780693,2.4181764,0,0.95290279,29.03
887,16,6623,946,3vc3_C6P_F_501,1,unimol,0.64760466,0.26780693,2.4181764,0,0.95816048,28.7
888,16,7015,1002,3wxo_NIZ_A_802,1,unimol,0.64760466,0.26780693,2.4181764,0,0.94829447,23.47
889,16,7155,1022,3zyx_MBT_A_601,1,unimol,0.64760466,0.26780693,2.4181764,0,0,19.41
890,16,7162,1023,3zyx_MBT_B_601,1,unimol,0.64760466,0.26780693,2.4181764,0,0,19.29
891,16,7372,1053,4b1f_DGL_A_1257,1,unimol,0.64760466,0.26780693,2.4181764,0,0.98003017,16.7
892,17,4544,649,2hi4_BHF_A_800,1,unimol,0.64917173,0.26726069,2.4289823,0,0.99804217,24.43
893,17,4698,671,2iyq_SKM_A_201,1,unimol,0.64917173,0.26726069,2.4289823,0,0.96253333,18.67
894,17,5202,743,2qg6_NMN_A_301,1,unimol,0.64917173,0.26726069,2.4289823,0,0.96742342,19.48
895,17,15310,2187,6fgv_D9T_A_1901,1,unimol,0.64917173,0.26726069,2.4289823,0,0.8918838,23.85
896,17,15492,2213,6gpn_OGA_B_402,1,unimol,0.64917173,0.26726069,2.4289823,0,0.92691014,22.52
897,17,17270,2467,6tgl_LVP_B_201,1,unimol,0.64917173,0.26726069,2.4289823,0,0.98655078,14.29
898,17,12405,1772,5i5t_67X_B_402,1,unimol,0.64917173,0.25638585,2.5320098,0,0.98907564,19.68
899,17,9199,1314,4l8q_XMM_A_303,1,unimol,0.64917173,0.25596574,2.5361655,0,0.82378864,15.78
900,17,12398,1771,5i5s_NVU_B_402,1,unimol,0.64917173,0.24729801,2.6250575,0,0.99177946,15.1
901,17,11474,1639,5dne_ASN_A_601,1,unimol,0.64917173,0.24407953,2.659672,0,0.98411263,21.5
902,17,11495,1642,5dne_ASN_D_601,1,unimol,0.64917173,0.24407953,2.659672,0,0.9763926,22.55
903,17,11481,1640,5dne_ASN_B_601,1,unimol,0.64917173,0.24316639,2.6696596,0,0.97875276,21.32
904,17,11488,1641,5dne_ASN_C_601,1,unimol,0.64917173,0.24316639,2.6696596,0,0.98503793,27.63
905,17,0,0,19gs_BSP_A_210,0,surfdock,0.56816309,0.23390985,2.4289823,0,0.007388756,2.2639736
906,17,1645,235,1l4f_150_A_990,0,surfdock,0.56809249,0.23388078,2.4289823,0,0.99368633,2.1151453
907,17,91,13,1ajs_PLA_A_415,0,surfdock,0.56619959,0.23310149,2.4289823,0,0.9487998,4.4036433
908,17,8345,1192,4f8n_GAL_A_204,1,unimol,0.64917173,0.23298611,2.78631,0,0.96241952,18.93
909,17,2247,321,1oxp_IK2_A_411,0,surfdock,0.565343,0.23274883,2.4289823,0,0.96819645,3.7955199
910,17,3297,471,1x8i_BMH_A_2,0,surfdock,0.55489924,0.22844919,2.4289823,0,0.95697267,3.8202074
911,17,1121,160,1hsb_ALA_C_1,1,unimol,0.67365933,0.22773764,2.9580491,0,0,18.11
912,17,14001,2000,5vrj_R07_A_204,1,unimol,0.64917173,0.22693979,2.8605452,0,0.81204554,25.75
913,17,15149,2164,6e43_BEZ_A_502,1,unimol,0.64917173,0.22467094,2.8894324,0,0.96889248,17.64
914,17,15156,2165,6e43_BEZ_B_502,1,unimol,0.64917173,0.22467094,2.8894324,0,0.98789407,18.52
915,17,15163,2166,6e43_BEZ_D_502,1,unimol,0.64917173,0.2245714,2.8907132,0,0.97326257,23.33
916,17,8988,1284,4jp3_CIT_A_301,0,surfdock,0.54528323,0.22449032,2.4289823,0,0,2.9394392
917,17,2058,294,1now_IFG_A_557,0,surfdock,0.54245971,0.2233279,2.4289823,0,0.93767286,2.9907985
918,17,2065,295,1now_IFG_B_558,0,surfdock,0.54245971,0.2233279,2.4289823,0,0.98726233,2.786253
919,17,4543,649,2hi4_BHF_A_800,0,surfdock,0.54245971,0.2233279,2.4289823,0,0.99774251,3.7382557
920,17,4697,671,2iyq_SKM_A_201,0,surfdock,0.54245971,0.2233279,2.4289823,0,0.94684248,2.6745464
921,17,5201,743,2qg6_NMN_A_301,0,surfdock,0.54245971,0.2233279,2.4289823,0,0,3.6988981
922,17,8344,1192,4f8n_GAL_A_204,0,surfdock,0.54245971,0.2233279,2.4289823,0,0.98184816,2.4209852
923,17,9198,1314,4l8q_XMM_A_303,0,surfdock,0.54245971,0.2233279,2.4289823,0,0.12899927,3.3127342
924,17,9443,1349,4n6w_FLC_A_203,0,surfdock,0.54245971,0.2233279,2.4289823,0,0,2.854984
925,17,10192,1456,4uzi_IMD_B_1455,0,surfdock,0.54245971,0.2233279,2.4289823,0,0.86494796,1.9665179
926,17,10199,1457,4uzi_IMD_B_1456,0,surfdock,0.54245971,0.2233279,2.4289823,0,0.8941696,3.9603235
927,17,11473,1639,5dne_ASN_A_601,0,surfdock,0.54245971,0.2233279,2.4289823,0,0,2.5474067
928,17,11480,1640,5dne_ASN_B_601,0,surfdock,0.54245971,0.2233279,2.4289823,0,0,2.5483569
929,17,11487,1641,5dne_ASN_C_601,0,surfdock,0.54245971,0.2233279,2.4289823,0,0,2.5017056
930,17,11494,1642,5dne_ASN_D_601,0,surfdock,0.54245971,0.2233279,2.4289823,0,0,2.420873
931,17,12397,1771,5i5s_NVU_B_402,0,surfdock,0.54245971,0.2233279,2.4289823,0,0.99564549,5.8898586
932,17,12404,1772,5i5t_67X_B_402,0,surfdock,0.54245971,0.2233279,2.4289823,0,0.99593959,3.0629267
933,17,12761,1823,5je5_AZ9_A_302,0,surfdock,0.54245971,0.2233279,2.4289823,0,0.00041595415,2.7133573
934,17,12957,1851,5kxb_NGA_A_307,0,surfdock,0.54245971,0.2233279,2.4289823,0,0.98461004,2.8485225
935,17,12964,1852,5kxb_NGA_B_305,0,surfdock,0.54245971,0.2233279,2.4289823,0,0,2.8394448
936,17,12971,1853,5kxb_NGA_D_301,0,surfdock,0.54245971,0.2233279,2.4289823,0,0,5.8428483
937,17,13041,1863,5lqs_NTM_A_302,0,surfdock,0.54245971,0.2233279,2.4289823,0,0.04883897,2.7290053
938,17,14049,2007,5vyr_GMP_B_302,0,surfdock,0.54245971,0.2233279,2.4289823,0,0,3.1636747
939,17,14077,2011,5vys_GMP_B_303,0,surfdock,0.54245971,0.2233279,2.4289823,0,0.97877942,3.1400268
940,17,14196,2028,5x23_LSN_A_503,0,surfdock,0.54245971,0.2233279,2.4289823,0,0,3.7762575
941,17,15148,2164,6e43_BEZ_A_502,0,surfdock,0.54245971,0.2233279,2.4289823,0,0.99782941,2.3891681
942,18,6791,970,3w8x_FTK_B_601,1,unimol,0.65683956,0.27163191,2.4181228,0,0,18.16
943,18,9654,1379,4p7q_NAG_A_706,1,unimol,0.65683956,0.27163191,2.4181228,0,0,19.91
944,18,13182,1883,5n5k_8NW_A_307,1,unimol,0.65683956,0.27163191,2.4181228,0,0.8035874,23.73
945,18,13525,1932,5tbo_78Z_A_1001,1,unimol,0.65683956,0.27163191,2.4181228,0,0.98144847,20.59
946,18,16773,2396,6qhu_FAH_A_401,1,unimol,0.65683956,0.27163191,2.4181228,0,0.95389507,17.76
947,18,17403,2486,6uvj_QJ1_A_205,1,unimol,0.65683956,0.27163191,2.4181228,0,0.99132732,14.98
948,18,1870,267,1m7p_G3H_B_6401,1,unimol,0.76544381,0.25854767,2.960551,0,0.96292308,17.14
949,18,1863,266,1m7p_G3H_A_5401,1,unimol,0.7682698,0.25799294,2.9778705,0,0.97335821,19.27
950,18,9640,1377,4p7q_NAG_A_703,1,unimol,0.65683956,0.25716938,2.5541117,0,0,19.32
951,18,15730,2247,6j4t_IMP_A_401,1,unimol,0.65683956,0.25216585,2.6047909,0,0,15.86
952,18,4768,681,2no7_LDC_A_401,1,unimol,0.65683956,0.25032896,2.6239047,0,0.98859086,16.9
953,18,7680,1097,4cld_JUO_A_1270,1,unimol,0.65683956,0.24905283,2.6373494,0,0,19.74
954,18,7687,1098,4cld_JUO_C_1270,1,unimol,0.65683956,0.24905283,2.6373494,0,0,17.94
955,18,7694,1099,4cld_JUO_D_1270,1,unimol,0.65683956,0.24905283,2.6373494,0,0,21.37
956,18,4775,682,2no7_LDC_B_401,1,unimol,0.65683956,0.24515259,2.6793082,0,0.98496326,15.92
957,18,9647,1378,4p7q_NAG_A_704,1,unimol,0.65683956,0.24408866,2.6909866,0,0,20.33
958,18,7259,1037,4a9j_TYL_A_1188,0,surfdock,0.57232153,0.23668,2.4181228,0,0.99415303,2.5292931
959,18,8961,1280,4jh6_FCN_B_202,1,unimol,0.65683956,0.23608357,2.7822323,0,0,19.64
960,18,4676,668,2isf_PAC_A_317,0,surfdock,0.57063979,0.23598453,2.4181228,0,0.99146936,2.4236797
961,18,15820,2260,6jx9_CQC_A_501,0,surfdock,0.57003459,0.23573425,2.4181228,0,0,4.0933421
962,18,7224,1032,4a7x_UDP_B_1241,0,surfdock,0.56687777,0.23442877,2.4181228,0,0.94721058,4.1149867
963,18,17088,2441,6sjs_THH_B_901,1,unimol,0.65683956,0.23288191,2.8204825,0,0,17.29
964,18,3052,436,1v03_BGC_A_1498,0,surfdock,0.55432146,0.22923619,2.4181228,0,0.91451413,3.777401
965,18,3199,457,1w62_PYC_A_700,0,surfdock,0.55432146,0.22923619,2.4181228,0,0,2.2743319
966,18,13517,1931,5t85_44G_L_301,0,surfdock,0.55432146,0.22923619,2.4181228,0,0.011390865,3.0655279
967,18,1478,211,1k8z_IAG_A_501,1,unimol,0.72928405,0.22645581,3.2204244,0,0.96225639,21.73
968,18,4340,620,2fkm_G16_X_464,0,surfdock,0.54485951,0.22532326,2.4181228,0,5.105696e-06,3.5777036
969,18,2983,426,1u2o_NEC_B_1002,1,unimol,0.65683956,0.2218024,2.9613717,0,0.98398553,21.81
970,18,231,33,1cib_HDA_A_437,0,surfdock,0.53498199,0.22123847,2.4181228,0,0,2.4593843
971,18,525,75,1fm8_DDC_A_501,0,surfdock,0.53498199,0.22123847,2.4181228,0,1.2272612e-05,3.4134959
972,18,700,100,1gim_HDA_A_438,0,surfdock,0.53498199,0.22123847,2.4181228,0,0,2.3985263
973,18,1652,236,1l4f_NCN_A_991,0,surfdock,0.53498199,0.22123847,2.4181228,0,0.9681295,3.9795237
974,18,1673,239,1l5o_NCN_A_991,0,surfdock,0.53498199,0.22123847,2.4181228,0,0.96830921,4.0403109
975,18,2170,310,1o68_KIV_A_275,0,surfdock,0.53498199,0.22123847,2.4181228,0,0.98739086,2.3435445
976,18,2177,311,1o68_KIV_B_275,0,surfdock,0.53498199,0.22123847,2.4181228,0,0.9921679,2.3555968
977,18,2184,312,1o68_KIV_D_275,0,surfdock,0.53498199,0.22123847,2.4181228,0,0.92939119,2.2865782
978,18,2191,313,1o68_KIV_E_275,0,surfdock,0.53498199,0.22123847,2.4181228,0,0.9968964,2.4482266
979,18,2408,344,1pym_OXL_A_1001,0,surfdock,0.53498199,0.22123847,2.4181228,0,0.99587261,2.1789846
980,18,2415,345,1pym_OXL_B_1002,0,surfdock,0.53498199,0.22123847,2.4181228,0,0.9971198,2.0648777
981,18,2527,361,1r4f_AD3_B_330,0,surfdock,0.53498199,0.22123847,2.4181228,0,0,3.5738717
982,18,2975,425,1u2o_NEC_A_1001,0,surfdock,0.53498199,0.22123847,2.4181228,0,0.98248375,3.6465631
983,18,2982,426,1u2o_NEC_B_1002,0,surfdock,0.53498199,0.22123847,2.4181228,0,0,3.6166458
984,18,3150,450,1w1a_NDG_1_1261,0,surfdock,0.53498199,0.22123847,2.4181228,0,0,2.9277173
985,18,3157,451,1w1a_NDG_2_1261,0,surfdock,0.53498199,0.22123847,2.4181228,0,0.89520071,2.9342111
986,18,3304,472,1xc7_GL6_A_998,0,surfdock,0.53498199,0.22123847,2.4181228,0,0.95675401,3.5406753
987,18,3388,484,1y2x_NAG_A_144,0,surfdock,0.53498199,0.22123847,2.4181228,0,0,2.793322
988,18,3395,485,1y2x_NAG_B_1144,0,surfdock,0.53498199,0.22123847,2.4181228,0,0,2.9002376
989,18,3402,486,1y2x_NAG_D_3144,0,surfdock,0.53498199,0.22123847,2.4181228,0,0.96231023,2.8085134
990,18,3416,488,1y5v_NE8_A_500,0,surfdock,0.53498199,0.22123847,2.4181228,0,0,4.0185554
991,18,3423,489,1y5x_E89_A_500,0,surfdock,0.53498199,0.22123847,2.4181228,0,0,4.2749783
992,19,7526,1075,4bvh_OCZ_A_1393,1,unimol,0.651646,0.274037,2.377948,0,0,24.03
993,19,7533,1076,4bvh_OCZ_B_1392,1,unimol,0.651646,0.274037,2.377948,0,0,24.93
994,19,7540,1077,4bvh_OCZ_C_1394,1,unimol,0.651646,0.274037,2.377948,0,0,19.19
995,19,17298,2471,6tog_NQH_A_201,1,unimol,0.651646,0.274037,2.377948,0,0.99100723,20.3
996,19,17312,2473,6tol_NQW_A_201,1,unimol,0.651646,0.26789671,2.4324515,0,0,19.98
997,19,623,89,1g6n_CMP_A_621,0,surfdock,0.59645025,0.2508255,2.377948,0,5.0567369e-07,3.7318588
998,19,630,90,1g6n_CMP_B_622,0,surfdock,0.59581993,0.25056043,2.377948,0,0,3.7591926
999,19,8120,1160,4dwv_PFB_A_378,0,surfdock,0.59404451,0.24981382,2.377948,0,0.99004499,2.7794535
1000,19,8127,1161,4dwv_PFB_B_378,0,surfdock,0.59381278,0.24971636,2.377948,0,0.99182577,2.6975983
1001,19,2835,405,1tiw_TFB_A_2002,0,surfdock,0.59182099,0.24887875,2.377948,0,0.62811862,2.1351296
1002,19,12908,1844,5kcp_PFB_A_378,0,surfdock,0.58968027,0.24797852,2.377948,0,0,2.664243
1003,19,12915,1845,5kcp_PFB_B_378,0,surfdock,0.58845045,0.24746134,2.377948,0,0,2.6928737
1004,19,15135,2162,6e40_BBJ_B_502,1,unimol,0.651646,0.24595081,2.6494963,0,0.91643021,21.52
1005,19,15142,2163,6e40_BBJ_D_502,1,unimol,0.651646,0.24580571,2.6510603,0,0,25.72
1006,19,15128,2161,6e40_BBJ_A_502,1,unimol,0.651646,0.24522635,2.6573236,0,0.86917614,22.8
1007,19,17305,2472,6toj_NQQ_A_201,1,unimol,0.651646,0.24481554,2.6617827,0,0.98904011,26.06
1008,19,490,70,1eyw_PEL_A_404,0,surfdock,0.59104832,0.24434759,2.4188824,0,0.0035114931,2.2868052
1009,19,13175,1882,5mzj_TEP_A_2401,1,unimol,0.651646,0.23804792,2.7374563,0,0,18.34
1010,19,12922,1846,5kcp_PFB_B_379,0,surfdock,0.56269798,0.23663164,2.377948,0,0.91561617,2.3727113
1011,19,5278,754,2qvr_CIT_A_335,0,surfdock,0.58951713,0.23246029,2.5359898,0,0.88736328,2.5612403
1012,19,13098,1871,5m5a_KSA_A_404,1,unimol,0.651646,0.23238406,2.8041759,0,0.98415248,26.01
1013,19,3290,470,1x82_PA5_A_301,0,surfdock,0.5322007,0.22380661,2.377948,0,0.96973567,3.3216708
1014,19,4473,639,2gn2_C5P_A_400,0,surfdock,0.5322007,0.22380661,2.377948,0,0,3.1093533
1015,19,6034,862,2zgw_ADN_A_1301,0,surfdock,0.5322007,0.22380661,2.377948,0,0.9912198,3.2315443
1016,19,6041,863,2zgw_ADN_B_1302,0,surfdock,0.5322007,0.22380661,2.377948,0,0.36922621,3.2594951
1017,19,7035,1005,3wzo_ZOE_B_201,0,surfdock,0.5322007,0.22380661,2.377948,0,0,4.1346229
1018,19,7042,1006,3wzo_ZOE_C_201,0,surfdock,0.5322007,0.22380661,2.377948,0,0,4.2061552
1019,19,7049,1007,3wzo_ZOE_D_201,0,surfdock,0.5322007,0.22380661,2.377948,0,0.94673785,4.1417433
1020,19,7469,1067,4bu7_25F_A_2165,0,surfdock,0.5322007,0.22380661,2.377948,0,0.99542246,3.3200582
1021,19,7476,1068,4bu7_25F_C_2165,0,surfdock,0.5322007,0.22380661,2.377948,0,0.99673568,3.2144172
1022,19,7497,1071,4buv_16I_A_2165,0,surfdock,0.5322007,0.22380661,2.377948,0,0.99517154,3.9562545
1023,19,7504,1072,4buv_16I_C_2165,0,surfdock,0.5322007,0.22380661,2.377948,0,0.9953134,4.0411038
1024,19,7525,1075,4bvh_OCZ_A_1393,0,surfdock,0.5322007,0.22380661,2.377948,0,2.4791712e-05,2.8906889
1025,19,7532,1076,4bvh_OCZ_B_1392,0,surfdock,0.5322007,0.22380661,2.377948,0,0.9877122,3.4313842
1026,19,7539,1077,4bvh_OCZ_C_1394,0,surfdock,0.5322007,0.22380661,2.377948,0,0.98447356,3.214962
1027,19,7567,1081,4c2p_X8Z_A_709,0,surfdock,0.5322007,0.22380661,2.377948,0,0.98923888,2.8254865
1028,19,8022,1146,4dch_4DC_A_502,0,surfdock,0.5322007,0.22380661,2.377948,0,0.96829989,3.9644829
1029,19,8561,1223,4hoz_GLC_A_703,0,surfdock,0.5322007,0.22380661,2.377948,0,0.99290205,2.7397413
1030,19,8575,1225,4hzf_CMP_A_302,0,surfdock,0.5322007,0.22380661,2.377948,0,0.8709495,3.4864712
1031,19,8582,1226,4i02_CMP_A_301,0,surfdock,0.5322007,0.22380661,2.377948,0,0,3.7797818
1032,19,8589,1227,4i02_CMP_A_302,0,surfdock,0.5322007,0.22380661,2.377948,0,0.87754944,3.3409482
1033,19,8596,1228,4i02_CMP_B_302,0,surfdock,0.5322007,0.22380661,2.377948,0,0.18131332,3.1602182
1034,19,8603,1229,4i02_CMP_C_301,0,surfdock,0.5322007,0.22380661,2.377948,0,0,3.5177183
1035,19,8610,1230,4i02_CMP_D_301,0,surfdock,0.5322007,0.22380661,2.377948,0,0.95881996,3.6493132
1036,19,8617,1231,4i02_CMP_D_302,0,surfdock,0.5322007,0.22380661,2.377948,0,0.92813279,3.2086554
1037,19,8624,1232,4i02_CMP_F_301,0,surfdock,0.5322007,0.22380661,2.377948,0,0.52976567,3.8033067
1038,19,8631,1233,4i0b_CMP_A_302,0,surfdock,0.5322007,0.22380661,2.377948,0,0.97462773,3.5402613
1039,19,9177,1311,4l7p_M95_A_601,0,surfdock,0.5322007,0.22380661,2.377948,0,0.97495861,3.8747205
1040,19,9226,1318,4lo1_GAL_A_301,0,surfdock,0.5322007,0.22380661,2.377948,0,0.97194241,2.4374802
1041,19,9233,1319,4lo1_GAL_B_301,0,surfdock,0.5322007,0.22380661,2.377948,0,0,2.3114595
1042,20,3368,481,1xny_BTN_B_5602,1,unimol,0.78531553,0.33097797,2.3727114,0,0.96439152,20
1043,20,3305,472,1xc7_GL6_A_998,1,unimol,0.78267199,0.32986383,2.3727114,0,0.97966028,26.49
1044,20,1716,245,1lqp_FCN_A_4002,1,unimol,0.64795337,0.27308551,2.3727114,0,0,21.4
1045,20,1723,246,1lqp_FCN_A_4004,1,unimol,0.64795337,0.27308551,2.3727114,0,0,20.6
1046,20,1730,247,1lqp_FCN_B_4001,1,unimol,0.64795337,0.27308551,2.3727114,0,0,18.33
1047,20,3361,480,1xl0_OX2_A_998,1,unimol,0.64795337,0.27308551,2.3727114,0,0.99262944,21.79
1048,20,4733,676,2j5z_GAL_A_1278,1,unimol,0.64795337,0.27308551,2.3727114,0,0.85290041,16.08
1049,20,7484,1069,4buf_F36_A_2162,1,unimol,0.64795337,0.27308551,2.3727114,0,0,22.89
1050,20,7491,1070,4buf_F36_B_2162,1,unimol,0.64795337,0.27308551,2.3727114,0,0,20.15
1051,20,7547,1078,4bz6_SHH_A_700,1,unimol,0.64795337,0.27308551,2.3727114,0,0.93972826,23.96
1052,20,7554,1079,4bz6_SHH_B_700,1,unimol,0.64795337,0.27308551,2.3727114,0,0.95147877,27.45
1053,20,7561,1080,4bz6_SHH_C_700,1,unimol,0.64795337,0.27308551,2.3727114,0,0.94664435,23.66
1054,20,7820,1117,4cno_9PY_B_301,1,unimol,0.64795337,0.27308551,2.3727114,0,0.94810296,20.75
1055,20,7827,1118,4cno_9PY_C_301,1,unimol,0.64795337,0.27308551,2.3727114,0,0.92928702,22.19
1056,20,7834,1119,4cno_9PY_D_301,1,unimol,0.64795337,0.27308551,2.3727114,0,0.97488296,24.93
1057,20,8030,1147,4dch_GLC_A_501,1,unimol,0.64795337,0.27308551,2.3727114,0,0.98351441,19.51
1058,20,8135,1162,4e7v_CRS_1_101,1,unimol,0.64795337,0.27308551,2.3727114,0,0.98431918,19.38
1059,20,8142,1163,4e7v_CRS_3_101,1,unimol,0.64795337,0.27308551,2.3727114,0,0.97780262,22.35
1060,20,8149,1164,4e7v_CRS_A_101,1,unimol,0.64795337,0.27308551,2.3727114,0,0.98615407,18.41
1061,20,8156,1165,4e7v_CRS_C_101,1,unimol,0.64795337,0.27308551,2.3727114,0,0.99096455,20.88
1062,20,8163,1166,4e7v_CRS_E_101,1,unimol,0.64795337,0.27308551,2.3727114,0,0.9905427,21.31
1063,20,8170,1167,4e7v_CRS_G_101,1,unimol,0.64795337,0.27308551,2.3727114,0,0.99519348,15.9
1064,20,8177,1168,4e7v_CRS_I_101,1,unimol,0.64795337,0.27308551,2.3727114,0,0.98707028,18.44
1065,20,8184,1169,4e7v_CRS_K_101,1,unimol,0.64795337,0.27308551,2.3727114,0,0.9820967,19.96
1066,20,8191,1170,4e7v_CRS_M_101,1,unimol,0.64795337,0.27308551,2.3727114,0,0.98743952,18.92
1067,20,8198,1171,4e7v_CRS_O_101,1,unimol,0.64795337,0.27308551,2.3727114,0,0.98736929,20.43
1068,20,8212,1173,4e7v_CRS_S_101,1,unimol,0.64795337,0.27308551,2.3727114,0,0.98539739,18.74
1069,20,8226,1175,4e7v_CRS_Y_101,1,unimol,0.64795337,0.27308551,2.3727114,0,0.98949961,14.47
1070,21,2598,371,1rum_BEZ_H_1601,1,unimol,0.79297346,0.3116938,2.5440774,0,0.9750919,15.75
1071,21,12702,1814,5j61_A3G_A_501,4,gnina,0.83399632,0.2811661,2.9662042,0,0.30661128,5.3674406
1072,21,2017,288,1ngp_NPA_H_302,1,unimol,0.65396281,0.27508975,2.3772697,0,0.95306656,20.68
1073,21,6210,887,3qhd_795_A_167,1,unimol,0.65396281,0.27508975,2.3772697,0,5.4053409e-05,22.95
1074,21,15702,2243,6i6r_H62_A_704,1,unimol,0.65396281,0.27508975,2.3772697,0,0.60889849,19.27
1075,21,15628,2232,6ho7_GHQ_A_301,4,gnina,0.78339649,0.27321569,2.8673179,0,0.98730573,2.094326
1076,21,2591,370,1ruk_BEZ_H_601,1,unimol,0.65396281,0.26289277,2.4875638,0,0.96930848,19.2
1077,21,13952,1993,5ve5_GSH_B_402,1,unimol,0.65396281,0.26216059,2.4945114,0,0.48849352,20.17
1078,21,1968,281,1n3o_GYP_A_1001,1,unimol,0.65396281,0.25753941,2.5392718,0,0.94680066,21.48
1079,21,1975,282,1n3o_GYP_B_1101,1,unimol,0.65396281,0.25753941,2.5392718,0,0.96103598,22.24
1080,21,1156,165,1iki_REY_A_400,1,unimol,0.65396281,0.25497166,2.5648441,0,0,18.93
1081,21,553,79,1fqo_F6R_B_2268,0,surfdock,0.59649715,0.2509168,2.3772697,0,0.94851056,3.3761576
1082,21,5936,848,2yp6_C6W_B_1186,0,surfdock,0.59344425,0.2496326,2.3772697,0,1.2670129e-07,3.0936335
1083,21,17396,2485,6ur0_ETM_B_401,1,unimol,0.65396281,0.24320373,2.6889496,0,0.96809039,21.65
1084,21,17389,2484,6ur0_ETM_A_401,1,unimol,0.65396281,0.24229781,2.6990032,0,0.76054029,16.53
1085,21,8499,1214,4h9x_HL4_A_404,1,unimol,0.65396281,0.23953029,2.7301874,0,0.9850088,18.77
1086,21,8506,1215,4h9x_HL4_B_404,1,unimol,0.65396281,0.23953029,2.7301874,0,0.69167149,16.48
1087,21,4396,628,2fyd_NGA_B_404,0,surfdock,0.55442764,0.23322024,2.3772697,0,0.97698155,2.7596668
1088,21,1155,165,1iki_REY_A_400,0,surfdock,0.54592375,0.22964307,2.3772697,0,0.85864645,3.9414769
1089,21,1533,219,1kfc_IPL_A_674,0,surfdock,0.54592375,0.22964307,2.3772697,0,0.99350644,3.3409396
1090,21,1617,231,1kwu_MMA_A_501,0,surfdock,0.54592375,0.22964307,2.3772697,0,0,2.5232085
1091,21,1624,232,1kwu_MMA_B_601,0,surfdock,0.54592375,0.22964307,2.3772697,0,0.017913055,2.5269657
1092,21,1687,241,1ldo_SNR_B_350,0,surfdock,0.54592375,0.22964307,2.3772697,0,0.98395114,3.1708224
1093,21,1967,281,1n3o_GYP_A_1001,0,surfdock,0.54592375,0.22964307,2.3772697,0,0,2.7042053
1094,21,1974,282,1n3o_GYP_B_1101,0,surfdock,0.54592375,0.22964307,2.3772697,0,0.042341654,2.7036229
1095,21,2016,288,1ngp_NPA_H_302,0,surfdock,0.54592375,0.22964307,2.3772697,0,0,2.8359082
1096,21,2590,370,1ruk_BEZ_H_601,0,surfdock,0.54592375,0.22964307,2.3772697,0,0.99225605,2.3468564
1097,21,2821,403,1thc_FL9_B_130,0,surfdock,0.54592375,0.22964307,2.3772697,0,0,3.0624764
1098,21,4389,627,2fyd_BGC_D_530,0,surfdock,0.54592375,0.22964307,2.3772697,0,0,2.7541018
1099,21,5355,765,2r4t_250_A_503,0,surfdock,0.54592375,0.22964307,2.3772697,0,1.2679296e-07,3.2222263
1100,21,5418,774,2rtn_IMI_B_300,0,surfdock,0.54592375,0.22964307,2.3772697,0,0.9909278,3.2274384
1101,21,5425,775,2rtn_IMI_D_300,0,surfdock,0.54592375,0.22964307,2.3772697,0,0.99444179,3.2204497
1102,21,5635,805,2wdq_TEO_A_1589,0,surfdock,0.54592375,0.22964307,2.3772697,0,0.98038844,2.5029935
1103,21,5642,806,2wdq_TEO_E_1589,0,surfdock,0.54592375,0.22964307,2.3772697,0,0,2.4780091
1104,21,5649,807,2wdq_TEO_I_1589,0,surfdock,0.54592375,0.22964307,2.3772697,0,0,2.4757382
1105,21,5733,819,2x0u_X0U_B_1291,0,surfdock,0.54592375,0.22964307,2.3772697,0,7.3080386e-05,2.5582846
1106,21,6167,881,3kt7_AKG_A_702,0,surfdock,0.54592375,0.22964307,2.3772697,0,0,2.6802666
1107,21,6209,887,3qhd_795_A_167,0,surfdock,0.54592375,0.22964307,2.3772697,0,0.82748813,2.5951686
1108,21,7126,1018,3zwe_FUC_A_110,0,surfdock,0.54592375,0.22964307,2.3772697,0,0,2.2958933
1109,21,7133,1019,3zwe_FUC_B_110,0,surfdock,0.54592375,0.22964307,2.3772697,0,0.94357148,2.2897966
1110,21,7140,1020,3zwe_FUC_C_110,0,surfdock,0.54592375,0.22964307,2.3772697,0,0.99039133,2.1546953
1111,21,7175,1025,3zzv_FUC_B_401,0,surfdock,0.54592375,0.22964307,2.3772697,0,0,2.2377172
1112,21,8358,1194,4fra_GAL_A_402,0,surfdock,0.54592375,0.22964307,2.3772697,0,0.9772443,2.4807137
1113,21,8498,1214,4h9x_HL4_A_404,0,surfdock,0.54592375,0.22964307,2.3772697,0,0.58616657,2.8190567
1114,21,8505,1215,4h9x_HL4_B_404,0,surfdock,0.54592375,0.22964307,2.3772697,0,0.54444563,2.9399289
1115,21,9415,1345,4n36_2F8_A_401,0,surfdock,0.54592375,0.22964307,2.3772697,0,0,2.6534688
1116,21,9422,1346,4n36_2F8_D_401,0,surfdock,0.54592375,0.22964307,2.3772697,0,0.95954446,2.7738669
1117,21,9555,1365,4o7g_ASC_A_303,0,surfdock,0.54592375,0.22964307,2.3772697,0,0.10506859,2.5716507
1118,21,9562,1366,4o7g_ASC_B_303,0,surfdock,0.54592375,0.22964307,2.3772697,0,0.98358203,2.5026878
1119,21,11130,1590,5bk9_SIN_A_301,0,surfdock,0.54592375,0.22964307,2.3772697,0,0.99492289,2.5050132
1120,22,4572,653,2huu_ALA_A_701,1,unimol,0.65513066,0.27731006,2.3624473,0,0,23.67
1121,22,1610,230,1kwc_BPY_B_401,0,surfdock,0.60118489,0.25447537,2.3624473,0,0.99651389,2.9560349
1122,22,15155,2165,6e43_BEZ_B_502,0,surfdock,0.60054251,0.25420346,2.3624473,0,0.99747155,2.5640354
1123,22,15162,2166,6e43_BEZ_D_502,0,surfdock,0.59766859,0.25298696,2.3624473,0,0.99779232,2.4963526
1124,22,3094,442,1vje_MSE_A_301,0,surfdock,0.59646042,0.25247555,2.3624473,0,0.98028098,2.7929635
1125,22,12635,1805,5j4k_6FZ_A_404,0,surfdock,0.59630549,0.25240997,2.3624473,0,0.98689663,2.4127671
1126,22,10263,1466,4wca_CIT_A_401,1,unimol,0.65513066,0.25078926,2.6122746,0,0.85602974,24.42
1127,22,17746,2535,7c7g_FJR_B_402,1,unimol,0.80473044,0.24766987,3.2492051,0,0.99128371,19.32
1128,22,3101,443,1vje_MSE_A_401,0,surfdock,0.5828895,0.24673112,2.3624473,0,0.93868149,2.8363636
1129,22,10563,1509,4yu7_DHC_A_204,0,surfdock,0.57949928,0.24529608,2.3624473,0,0.57327386,2.4916905
1130,22,10570,1510,4yu7_DHC_B_204,0,surfdock,0.57856231,0.24489947,2.3624473,0,0.065174607,2.4241027
1131,22,4984,712,2pnz_UDP_A_250,0,surfdock,0.57627037,0.24392931,2.3624473,0,0.92954455,3.7173076
1132,22,4732,676,2j5z_GAL_A_1278,0,surfdock,0.57402703,0.24297973,2.3624473,0,0.9763693,2.3354641
1133,22,3248,464,1wq4_TYR_A_501,0,surfdock,0.57068371,0.24156454,2.3624473,0,0.98465747,2.8815535
1134,22,3724,532,2a5t_GLY_A_1001,0,surfdock,0.57068371,0.24156454,2.3624473,0,0,2.2861217
1135,22,6587,941,3vbn_TYD_A_301,0,surfdock,0.57068371,0.24156454,2.3624473,0,0.86824118,3.8202578
1136,22,6594,942,3vbn_TYD_C_301,0,surfdock,0.57068371,0.24156454,2.3624473,0,0.94415024,4.0591834
1137,22,6601,943,3vbn_TYD_E_301,0,surfdock,0.57068371,0.24156454,2.3624473,0,0.5859874,3.7462994
1138,22,10556,1508,4yu7_DHC_A_203,0,surfdock,0.56397692,0.23872562,2.3624473,0,0.43601167,2.4348103
1139,22,5831,833,2xum_OGA_A_601,0,surfdock,0.59821079,0.23822349,2.5111318,0,0.99876942,2.6977197
1140,22,10487,1498,4xz9_G3P_B_302,1,unimol,0.65513066,0.23736723,2.7599869,0,0.94481558,20.26
1141,22,413,59,1e48_13P_P_302,0,surfdock,0.57068371,0.23518359,2.4265447,0,0.85673679,2.3157916
1142,22,9423,1346,4n36_2F8_D_401,1,unimol,0.80240103,0.2298882,3.4903958,0,0.9240054,22.69
1143,22,3871,553,2bgc_DTT_F_1238,0,surfdock,0.57068371,0.22935886,2.4881685,0,0.36626258,2.4071066
1144,22,4347,621,2fpu_HSO_B_509,0,surfdock,0.57068371,0.22836437,2.4990041,0,0.86161198,2.6344548
1145,22,1253,179,1ixo_G3P_B_1002,0,surfdock,0.53674809,0.22719994,2.3624473,0,0.83841247,2.644568
1146,22,1260,180,1ixo_G3P_D_1004,0,surfdock,0.53674809,0.22719994,2.3624473,0,0,2.6241529
1147,22,1736,248,1lro_PEP_A_1268,0,surfdock,0.53674809,0.22719994,2.3624473,0,0,2.2685667
1148,22,1743,249,1lro_PEP_B_2268,0,surfdock,0.53674809,0.22719994,2.3624473,0,0.0035607623,2.4424603
1149,22,1799,257,1m3u_KPL_A_265,0,surfdock,0.53674809,0.22719994,2.3624473,0,0.42182256,2.5474979
1150,22,1806,258,1m3u_KPL_B_265,0,surfdock,0.53674809,0.22719994,2.3624473,0,0.5774203,2.7065992
1151,22,1813,259,1m3u_KPL_C_265,0,surfdock,0.53674809,0.22719994,2.3624473,0,0.63416872,2.738891
1152,22,1827,261,1m3u_KPL_E_265,0,surfdock,0.53674809,0.22719994,2.3624473,0,0.99436588,2.5224493
1153,22,1834,262,1m3u_KPL_F_265,0,surfdock,0.53674809,0.22719994,2.3624473,0,0.27282851,2.7092743
1154,22,1841,263,1m3u_KPL_H_265,0,surfdock,0.53674809,0.22719994,2.3624473,0,0.2487361,2.504068
1155,22,1848,264,1m3u_KPL_I_265,0,surfdock,0.53674809,0.22719994,2.3624473,0,0.23320502,5.6368989
1156,22,1855,265,1m3u_KPL_J_265,0,surfdock,0.53674809,0.22719994,2.3624473,0,0.99584105,2.5730411
1157,22,1897,271,1ml4_PAL_A_385,0,surfdock,0.53674809,0.22719994,2.3624473,0,0.98836746,3.2942324
1158,22,2254,322,1p1w_AMQ_A_428,0,surfdock,0.53674809,0.22719994,2.3624473,0,0.99363753,3.0575603
1159,22,2261,323,1p1w_AMQ_B_427,0,surfdock,0.53674809,0.22719994,2.3624473,0,0.99633263,2.8826369
1160,22,2275,325,1p5g_G6P_X_658,0,surfdock,0.53674809,0.22719994,2.3624473,0,0.98534318,3.2452017
1161,22,2604,372,1rvt_NDG_H_742,0,surfdock,0.53674809,0.22719994,2.3624473,0,0,2.6985241
1162,22,2947,421,1u1g_BBB_A_3300,0,surfdock,0.53674809,0.22719994,2.3624473,0,0,4.4793731
1163,22,2954,422,1u1g_BBB_B_4300,0,surfdock,0.53674809,0.22719994,2.3624473,0,0,4.4001362
1164,22,2961,423,1u1g_BBB_C_5300,0,surfdock,0.53674809,0.22719994,2.3624473,0,0,4.4417145
1165,22,2968,424,1u1g_BBB_E_7300,0,surfdock,0.53674809,0.22719994,2.3624473,0,0,4.4326533
1166,22,3045,435,1uxq_G1P_A_1503,0,surfdock,0.53674809,0.22719994,2.3624473,0,0.95994683,2.9915234
1167,22,3080,440,1v5y_4HC_A_1455,0,surfdock,0.53674809,0.22719994,2.3624473,0,0.99504592,2.2505401
1168,22,3087,441,1v5y_4HC_B_1201,0,surfdock,0.53674809,0.22719994,2.3624473,0,0.0021852445,2.2899606
1169,22,3528,504,1zdq_MSM_B_1508,0,surfdock,0.53674809,0.22719994,2.3624473,0,0.95106816,1.9850852
1170,23,9563,1366,4o7g_ASC_B_303,1,unimol,0.85310278,0.28421298,3.001631,0,0.97739772,23.43
1171,23,12055,1722,5g44_SWX_A_1511,1,unimol,0.65590769,0.27946584,2.3470039,0,0.95621643,25.99
1172,23,196,28,1ca7_ENO_A_501,0,surfdock,0.6137275,0.26149392,2.3470039,0,0,2.8526239
1173,23,17564,2509,6xp1_T2C_A_401,1,unimol,0.65590769,0.26122741,2.5108676,0,0.98470695,23.2
1174,23,203,29,1ca7_ENO_C_701,0,surfdock,0.61274893,0.26107697,2.3470039,0,0.97770249,2.8566682
1175,23,9556,1365,4o7g_ASC_A_303,1,unimol,0.70841034,0.24683333,2.8699937,0,0,18.72
1176,23,3213,459,1wc7_PP3_A_1214,0,surfdock,0.56563177,0.23351351,2.4222648,0,0,3.5430115
1177,23,812,116,1h18_PYR_A_1001,0,surfdock,0.54752016,0.23328463,2.3470039,0,0,2.2281665
1178,23,3381,483,1xuz_PEP_A_2001,0,surfdock,0.54752016,0.23328463,2.3470039,0,0.9135682,2.6669754
1179,23,4060,580,2d0e_NQ_A_409,0,surfdock,0.54752016,0.23328463,2.3470039,0,0.02018451,2.3615509
1180,23,4067,581,2d0e_NQ_A_410,0,surfdock,0.54752016,0.23328463,2.3470039,0,0.99111416,2.4412293
1181,23,7322,1046,4al9_GLA_A_1123,0,surfdock,0.54752016,0.23328463,2.3470039,0,0.94428736,2.3823401
1182,23,7329,1047,4al9_GLA_B_1123,0,surfdock,0.54752016,0.23328463,2.3470039,0,0.997371,2.4441468
1183,23,7336,1048,4al9_GLA_C_1123,0,surfdock,0.54752016,0.23328463,2.3470039,0,0.94486765,2.4568244
1184,23,7343,1049,4al9_GLA_D_1123,0,surfdock,0.54752016,0.23328463,2.3470039,0,0.91528956,2.3387165
1185,23,7350,1050,4al9_GLA_G_1123,0,surfdock,0.54752016,0.23328463,2.3470039,0,0.96910569,2.3714074
1186,23,7847,1121,4crg_J4X_A_1493,0,surfdock,0.54752016,0.23328463,2.3470039,0,0,3.9060725
1187,23,9471,1353,4nf4_2JK_A_301,0,surfdock,0.54752016,0.23328463,2.3470039,0,0,3.0677445
1188,23,12054,1722,5g44_SWX_A_1511,0,surfdock,0.54752016,0.23328463,2.3470039,0,1.3399904e-05,2.8507837
1189,23,12061,1723,5g44_YTZ_A_1512,0,surfdock,0.54752016,0.23328463,2.3470039,0,0.00010079617,2.9993662
1190,23,12460,1780,5iav_MLI_B_302,0,surfdock,0.54752016,0.23328463,2.3470039,0,0,2.1869781
1191,23,12978,1854,5l1u_7PF_A_401,0,surfdock,0.54752016,0.23328463,2.3470039,0,0,3.446205
1192,23,12985,1855,5l1v_7PF_A_401,0,surfdock,0.54752016,0.23328463,2.3470039,0,0,3.4761152
1193,23,13944,1992,5v7y_AKG_B_302,0,surfdock,0.54752016,0.23328463,2.3470039,0,0,2.7878618
1194,23,14665,2095,5zi4_OAA_B_401,0,surfdock,0.54752016,0.23328463,2.3470039,0,0.46207415,2.4610621
1195,23,15484,2212,6gnf_GLC_B_602,0,surfdock,0.54752016,0.23328463,2.3470039,0,0.98433106,2.6882267
1196,23,16044,2292,6lit_2OH_A_501,0,surfdock,0.54752016,0.23328463,2.3470039,0,0.99498036,3.4367261
1197,23,16051,2293,6lit_2OH_B_501,0,surfdock,0.54752016,0.23328463,2.3470039,0,0.99754227,3.3454785
1198,23,17563,2509,6xp1_T2C_A_401,0,surfdock,0.54752016,0.23328463,2.3470039,0,0.9852694,2.4550054
1199,23,9289,1327,4lz7_GLU_A_802,0,surfdock,0.54752016,0.22891391,2.3918159,0,0,2.614759
1200,23,17185,2455,6t0m_GOZ_A_305,0,surfdock,0.54752016,0.22796755,2.4017451,0,0,4.0504953
1201,23,13062,1866,5lwy_OLB_A_403,0,surfdock,0.54752016,0.22568344,2.4260528,0,0,3.5230749
1202,23,14666,2095,5zi4_OAA_B_401,1,unimol,0.65590769,0.22427165,2.9246116,0,0.94449702,16.64
1203,23,15341,2191,6fld_NAG_A_602,4,gnina,0.5243276,0.22340286,2.3470039,0,2.2550837e-08,2.0782875
1204,23,3217,459,1wc7_PP3_A_1214,4,gnina,0.52432624,0.22340228,2.3470039,0,9.453789e-06,5.1801009
1205,23,5117,731,2qb4_LEU_A_601,0,surfdock,0.54752016,0.22318727,2.4531863,0,0.99191571,2.6421194
1206,23,14343,2049,5xvv_AKG_B_506,0,surfdock,0.54752016,0.22297929,2.4554744,0,0,2.6189231
1207,23,11949,1707,5fp9_4SV_A_1342,0,surfdock,0.54752016,0.22243187,2.4615176,0,0.99651004,2.5668614
1208,23,2020,288,1ngp_NPA_H_302,4,gnina,0.51988105,0.22150829,2.3470039,0,0.79716352,2.0821014
1209,23,10007,1429,4tq4_DMA_D_403,4,gnina,0.51690631,0.22024083,2.3470039,0,0.016302459,3.7310589
1210,23,14350,2050,5xvv_AKG_C_504,0,surfdock,0.54752016,0.22004996,2.488162,0,0.98379346,2.6807016
1211,23,8359,1194,4fra_GAL_A_402,1,unimol,0.85024272,0.21974449,3.8692324,0,0.98949227,20.46
1212,23,3063,437,1v3v_5OP_A_1360,4,gnina,0.51544647,0.21961883,2.3470039,0,0.058495961,2.278053
1213,23,3070,438,1v3v_5OP_B_2360,4,gnina,0.51540903,0.21960288,2.3470039,0,2.7811323e-05,2.1978798
1214,23,12933,1847,5kf2_COA_A_401,4,gnina,0.51409229,0.21904185,2.3470039,0,0.46316492,6.1122801
1215,23,12062,1723,5g44_YTZ_A_1512,1,unimol,0.65590769,0.21881607,2.9975288,0,0.98901905,14.49
1216,23,2629,375,1s1f_PIM_A_431,4,gnina,0.51327172,0.21869222,2.3470039,0,6.1802859e-09,3.5201254
1217,23,7130,1018,3zwe_FUC_A_110,4,gnina,0.51327172,0.21869222,2.3470039,0,0.99732843,1.4372733
1218,23,7179,1025,3zzv_FUC_B_401,4,gnina,0.51327172,0.21869222,2.3470039,0,0.99761764,1.7968237
1219,23,200,28,1ca7_ENO_A_501,4,gnina,0.51316196,0.21864546,2.3470039,0,0.97297985,1.99551
1220,24,10200,1457,4uzi_IMD_B_1456,1,unimol,0.84959973,0.37014742,2.2953,0,0.99299115,23.87
1221,24,10193,1456,4uzi_IMD_B_1455,1,unimol,0.83382715,0.36327574,2.2953,0,0.64089495,22.48
1222,24,12461,1780,5iav_MLI_B_302,1,unimol,0.7345509,0.32002378,2.2953,0,0.62897078,20.35
1223,24,13945,1992,5v7y_AKG_B_302,1,unimol,0.7345509,0.32002378,2.2953,0,0.89361154,20.14
1224,24,519,74,1fds_EST_A_350,1,unimol,0.65800763,0.28667597,2.2953,0,0.83103234,21.76
1225,24,1527,218,1kep_TDX_A_3500,1,unimol,0.65800763,0.28667597,2.2953,0,0,18.84
1226,24,2269,324,1p2s_ETF_A_400,1,unimol,0.65800763,0.28667597,2.2953,0,0.7009665,20.72
1227,24,3627,518,1zk0_SS2_A_1260,1,unimol,0.65800763,0.28667597,2.2953,0,0.96934391,13.76
1228,24,7841,1120,4cpp_ADM_A_422,1,unimol,0.65800763,0.28667597,2.2953,0,0.9350857,15.99
1229,24,8779,1254,4i9n_1E5_C_402,1,unimol,0.65800763,0.28667597,2.2953,0,0.97546465,27.32
1230,24,9213,1316,4lcq_URQ_A_603,1,unimol,0.65800763,0.28667597,2.2953,0,0.92246362,20.89
1231,24,14834,2119,6ayv_MLI_A_409,1,unimol,0.65800763,0.28667597,2.2953,0,0.96546027,23.28
1232,24,16969,2424,6rlt_MLI_A_508,1,unimol,0.65800763,0.28667597,2.2953,0,0.54215619,15.97
1233,24,16976,2425,6rlt_MLI_B_511,1,unimol,0.65800763,0.28667597,2.2953,0,0.38015543,26.17
1234,24,17102,2443,6sxr_KHP_A_506,1,unimol,0.65800763,0.28667597,2.2953,0,0.94644052,19.26
1235,24,17109,2444,6sxr_KHP_A_507,1,unimol,0.65800763,0.28667597,2.2953,0,0.93065747,26.09
1236,24,17494,2499,6wdv_TWM_A_701,1,unimol,0.65800763,0.28667597,2.2953,0,0.86864687,26.15
1237,24,8786,1255,4i9n_1E5_D_402,1,unimol,0.65800763,0.28629209,2.2983778,0,0.96793648,28.93
1238,24,17501,2500,6wdw_TWV_A_701,1,unimol,0.65800763,0.28588696,2.3016348,0,0.91347871,22.94
1239,24,9962,1423,4rp9_ASC_A_501,1,unimol,0.65800763,0.28568046,2.3032985,0,0.93065976,21.65
1240,24,8772,1253,4i9n_1E5_B_402,1,unimol,0.65800763,0.28564305,2.3036001,0,0.96515591,27.82
1241,24,13665,1952,5thu_GGG_B_405,1,unimol,0.65800763,0.28563061,2.3037004,0,0.97810953,22.32
1242,24,14595,2085,5z9b_HX3_A_303,0,surfdock,0.65535906,0.28552206,2.2953,0,0.97892104,2.5779454
1243,24,11032,1576,5afy_WCE_H_1248,0,surfdock,0.65528473,0.28548968,2.2953,0,0.99677034,2.5709864
1244,24,5523,789,2vjb_CCD_B_1540,0,surfdock,0.65526049,0.28547912,2.2953,0,0.00014870783,2.4682249
1245,24,3717,531,2a1m_CAM_B_2422,0,surfdock,0.65525665,0.28547744,2.2953,0,0,2.3551182
1246,24,3885,555,2bk3_FOF_A_1503,0,surfdock,0.65502447,0.28537629,2.2953,0,0.91868267,3.5393407
1247,24,9625,1375,4oxy_1TN_D_302,0,surfdock,0.65495338,0.28534532,2.2953,0,0,3.7402037
1248,25,15187,2169,6f2b_AKG_C_402,4,gnina,0.6945117,0.29474617,2.3563035,0,1.6155747e-09,5.6617854
1249,25,5454,779,2v32_BEZ_A_1222,1,unimol,0.66267099,0.2865282,2.3127592,0,0.97463072,19.26
1250,25,5461,780,2v32_BEZ_B_1220,1,unimol,0.66267099,0.2865282,2.3127592,0,0.96973012,22.2
1251,25,5468,781,2v32_BEZ_C_1222,1,unimol,0.66267099,0.2865282,2.3127592,0,0.98394586,20.75
1252,25,5475,782,2v32_BEZ_D_1221,1,unimol,0.66267099,0.2865282,2.3127592,0,0.9540522,21.42
1253,25,15898,2271,6krs_CIT_B_301,1,unimol,0.66267099,0.2865282,2.3127592,0,0.89600046,26.02
1254,25,15905,2272,6krs_CIT_D_301,1,unimol,0.66267099,0.2865282,2.3127592,0,0.93287703,26.03
1255,25,15912,2273,6krs_CIT_F_301,1,unimol,0.66267099,0.2865282,2.3127592,0,0.89264526,25.2
1256,25,15919,2274,6krs_CIT_G_301,1,unimol,0.66267099,0.2865282,2.3127592,0,0.88727106,29.47
1257,25,15926,2275,6krs_CIT_H_301,1,unimol,0.66267099,0.2865282,2.3127592,0,0.89309537,32.57
1258,25,15933,2276,6krs_CIT_I_301,1,unimol,0.66267099,0.2865282,2.3127592,0,0.93918274,24.34
1259,25,15940,2277,6krs_CIT_J_301,1,unimol,0.66267099,0.2865282,2.3127592,0,0.8965839,27.83
1260,25,16423,2346,6ny7_L8J_A_303,1,unimol,0.66267099,0.2865282,2.3127592,0,0,19.08
1261,25,3066,438,1v3v_5OP_B_2360,0,surfdock,0.65493286,0.28318236,2.3127592,0,0,2.5473173
1262,25,3059,437,1v3v_5OP_A_1360,0,surfdock,0.65412821,0.28283444,2.3127592,0,0.94873098,2.6387926
1263,25,3192,456,1w55_C_A_1373,0,surfdock,0.64709621,0.27979392,2.3127592,0,0.9813245,3.347471
1264,25,16310,2330,6nga_KL7_A_803,0,surfdock,0.64695238,0.27973173,2.3127592,0,0,3.5969197
1265,25,3158,451,1w1a_NDG_2_1261,1,unimol,0.85277018,0.27731142,3.0751345,0,0.90850903,17.98
1266,25,637,91,1g6t_S3P_A_601,0,surfdock,0.64043179,0.27691233,2.3127592,0,0.99198286,3.2640685
1267,25,9408,1344,4mpr_TPP_A_602,0,surfdock,0.63837382,0.2760225,2.3127592,0,0,4.1714944
1268,25,13328,1904,5o4j_PJL_A_304,0,surfdock,0.63095778,0.27281592,2.3127592,0,0.24224215,2.8153998
1269,25,15491,2213,6gpn_OGA_B_402,0,surfdock,0.62839562,0.27170808,2.3127592,0,0.99673849,2.698228
1270,25,2198,314,1o6g_SIN_A_724,0,surfdock,0.62525112,0.27034845,2.3127592,0,0.96743382,3.4503638
1271,25,9297,1328,4m2c_DAR_C_402,1,unimol,0.66267099,0.2696363,2.4576466,0,0,26.08
1272,25,3003,429,1ubs_SER_B_398,0,surfdock,0.63334282,0.26186099,2.4186213,0,0.96313177,4.1698978
1273,25,5516,788,2vjb_CCD_B_1539,0,surfdock,0.600241,0.25953448,2.3127592,0,0,2.8112015
1274,25,5957,851,2z26_DOR_A_1410,0,surfdock,0.600241,0.25953448,2.3127592,0,0,2.557549
1275,25,6790,970,3w8x_FTK_B_601,0,surfdock,0.600241,0.25953448,2.3127592,0,0,3.9395112
1276,25,2583,369,1rqh_PYR_A_602,0,surfdock,0.63585888,0.25557066,2.4879954,0,0.47410252,2.0865225
1277,25,182,26,1bo8_U_A_318,0,surfdock,0.600241,0.25543255,2.3498993,0,0.95434796,3.4683795
1278,25,259,37,1d3g_ORO_A_399,0,surfdock,0.600241,0.25500319,2.3538558,0,0.20925065,2.5082207
1279,25,9304,1329,4m2c_DAR_D_402,1,unimol,0.66267099,0.2540656,2.6082664,0,0,25.73
1280,25,15337,2191,6fld_NAG_A_602,0,surfdock,0.58600666,0.25337978,2.3127592,0,0.60495081,2.4022287
1281,25,4390,627,2fyd_BGC_D_530,1,unimol,0.73796365,0.24628965,2.9963233,0,0.98317917,23.21
1282,25,3325,475,1xid_ASC_A_389,0,surfdock,0.61846789,0.24541288,2.5201108,0,0.9912334,2.61429
1283,25,10626,1518,4za7_4LV_A_606,0,surfdock,0.60223188,0.24437736,2.4643512,0,0.98510271,1.947083
1284,25,2552,364,1rf2_BV4_E_105,4,gnina,0.60638112,0.24183525,2.5074131,0,0.42467202,4.5281759
1285,25,3151,450,1w1a_NDG_1_1261,1,unimol,0.73796365,0.23997761,3.0751345,0,0.91813182,14.7
1286,25,4487,641,2gx5_PCG_C_514,0,surfdock,0.600241,0.23391039,2.5661142,0,0.85691377,2.99121
1287,25,504,72,1f5f_DHT_A_253,0,surfdock,0.53948385,0.23326408,2.3127592,0,0.98975694,3.4907207
1288,25,1498,214,1kbq_936_A_703,0,surfdock,0.53948385,0.23326408,2.3127592,0,0.99387654,4.0565085
1289,25,1505,215,1kbq_936_C_701,0,surfdock,0.53948385,0.23326408,2.3127592,0,0.99192282,3.9413596
1290,25,1512,216,1kbq_936_D_702,0,surfdock,0.53948385,0.23326408,2.3127592,0,0.98438844,3.9774864
1291,25,1960,280,1n1i_HIS_C_501,0,surfdock,0.53948385,0.23326408,2.3127592,0,0.8243796,2.2569443
1292,25,2233,319,1ovk_NYL_A_405,0,surfdock,0.53948385,0.23326408,2.3127592,0,0.95630158,2.0380096
1293,25,2814,402,1thc_FL9_A_131,0,surfdock,0.53948385,0.23326408,2.3127592,0,0.0034077821,1.9204727
1294,25,2828,404,1thc_FL9_B_131,0,surfdock,0.53948385,0.23326408,2.3127592,0,0.030091695,1.9957812
1295,25,3017,431,1um4_SH4_H_1001,0,surfdock,0.53948385,0.23326408,2.3127592,0,0.95339115,3.7760069
1296,25,3031,433,1uux_PPI_A_1165,0,surfdock,0.53948385,0.23326408,2.3127592,0,0.99515914,1.9075096
1297,25,3444,492,1yee_PNB_H_551,0,surfdock,0.53948385,0.23326408,2.3127592,0,0.98948095,3.9869009
1298,26,2192,313,1o68_KIV_E_275,1,unimol,0.89361636,0.34472201,2.5922801,0,0.9215331,18.84
1299,26,2178,311,1o68_KIV_B_275,1,unimol,0.89361556,0.3447217,2.5922801,0,0.97842617,19.4
1300,26,2171,310,1o68_KIV_A_275,1,unimol,0.89361475,0.34472139,2.5922801,0,0.96902026,18.94
1301,26,2185,312,1o68_KIV_D_275,1,unimol,0.88974211,0.34322748,2.5922801,0,0.99160496,19.07
1302,26,12958,1851,5kxb_NGA_A_307,1,unimol,0.89361428,0.34246164,2.6093841,0,0.91079338,21.04
1303,26,5607,801,2w1a_TSA_D_1091,0,surfdock,0.6751458,0.29524111,2.2867599,0,0.97137595,2.9986503
1304,26,5600,800,2w1a_TSA_C_1091,0,surfdock,0.6748369,0.29510603,2.2867599,0,0.94764895,2.9793082
1305,26,17297,2471,6tog_NQH_A_201,0,surfdock,0.67398224,0.29473228,2.2867599,0,0.97943118,2.6880132
1306,26,9044,1292,4k5u_GAL_A_301,0,surfdock,0.67352866,0.29453394,2.2867599,0,0.99269207,2.616546
1307,26,2758,394,1t87_CAM_A_1422,0,surfdock,0.67323347,0.29440485,2.2867599,0,0.082516203,2.4687088
1308,26,3710,530,2a1m_CAM_A_1422,0,surfdock,0.67278381,0.29420821,2.2867599,0,0.50253516,2.4235004
1309,26,9065,1295,4k5u_GAL_D_301,0,surfdock,0.67261316,0.29413359,2.2867599,0,0,2.4100229
1310,26,42,6,1aej_NVI_A_296,0,surfdock,0.67211278,0.29391477,2.2867599,0,0.82686768,2.3146785
1311,26,9058,1294,4k5u_GAL_C_301,0,surfdock,0.67147236,0.29363472,2.2867599,0,0.92530297,2.489696
1312,26,9051,1293,4k5u_GAL_B_301,0,surfdock,0.67127339,0.29354771,2.2867599,0,0,3.1451917
1313,26,13664,1952,5thu_GGG_B_405,0,surfdock,0.66887846,0.2925004,2.2867599,0,0,2.5972632
1314,26,2765,395,1t87_CAM_B_2422,0,surfdock,0.66867613,0.29241193,2.2867599,0,0.081808415,2.4795974
1315,26,16989,2427,6rum_TOP_A_301,0,surfdock,0.66738895,0.29184904,2.2867599,0,0.99616858,3.8720112
1316,26,13587,1941,5tde_2HP_A_502,0,surfdock,0.66737112,0.29184124,2.2867599,0,0.99540916,1.8952525
1317,26,2990,427,1uay_ADN_A_1001,1,unimol,0.66549728,0.29102181,2.2867599,0,0.97851728,18.72
1318,26,3025,432,1uqx_MMA_A_1116,1,unimol,0.66549728,0.29102181,2.2867599,0,0.92333776,22.96
1319,26,3459,494,1yqc_GLV_A_1001,1,unimol,0.66549728,0.29102181,2.2867599,0,0.97675436,17.91
1320,26,3795,542,2b3f_GAL_A_3310,1,unimol,0.66549728,0.29102181,2.2867599,0,0.9895783,26.51
1321,26,3802,543,2b3f_GAL_C_3312,1,unimol,0.66549728,0.29102181,2.2867599,0,0.98916431,22.43
1322,26,3809,544,2b3f_GAL_D_3313,1,unimol,0.66549728,0.29102181,2.2867599,0,0.98832846,23.98
1323,26,3823,546,2b3f_GAL_F_3315,1,unimol,0.66549728,0.29102181,2.2867599,0,0.98768118,23.25
1324,26,5006,715,2prl_R2C_A_400,1,unimol,0.66549728,0.29102181,2.2867599,0,0.98716578,24.36
1325,26,7449,1064,4bdr_CYS_B_804,1,unimol,0.66549728,0.29102181,2.2867599,0,0.64059435,15.76
1326,26,11523,1646,5dw3_TRP_A_402,1,unimol,0.66549728,0.29102181,2.2867599,0,0,17.82
1327,26,11530,1647,5dw3_TRP_B_402,1,unimol,0.66549728,0.29102181,2.2867599,0,0,21.49
1328,26,11537,1648,5dw3_TRP_C_402,1,unimol,0.66549728,0.29102181,2.2867599,0,0,24.02
1329,26,11544,1649,5dw3_TRP_D_402,1,unimol,0.66549728,0.29102181,2.2867599,0,0,25.06
1330,26,12643,1806,5j5i_6GM_A_302,1,unimol,0.66549728,0.29102181,2.2867599,0,0.99500192,22.83
1331,26,12650,1807,5j5i_6GM_A_303,1,unimol,0.66549728,0.29102181,2.2867599,0,0.98802078,26.36
1332,26,12657,1808,5j5i_6GM_B_302,1,unimol,0.66549728,0.29102181,2.2867599,0,0.99110342,28.03
1333,26,12664,1809,5j5i_6GM_C_302,1,unimol,0.66549728,0.29102181,2.2867599,0,0.99640057,25.76
1334,26,12671,1810,5j5i_6GM_E_302,1,unimol,0.66549728,0.29102181,2.2867599,0,0.98878924,30.13
1335,26,12678,1811,5j5i_6GM_F_303,1,unimol,0.66549728,0.29102181,2.2867599,0,0.98841696,26.09
1336,26,12685,1812,5j5i_6GM_I_302,1,unimol,0.66549728,0.29102181,2.2867599,0,0.9960377,32.11
1337,26,12692,1813,5j5i_6GM_I_303,1,unimol,0.66549728,0.29102181,2.2867599,0,0.98261416,27.43
1338,26,14638,2091,5zge_ZZ7_A_301,1,unimol,0.66549728,0.29102181,2.2867599,0,0.93609056,19.41
1339,26,14645,2092,5zge_ZZ7_B_302,1,unimol,0.66549728,0.29102181,2.2867599,0,0.90970714,22.01
1340,26,14652,2093,5zgr_ZZ7_A_303,1,unimol,0.66549728,0.29102181,2.2867599,0,0.94264671,20.59
1341,26,14659,2094,5zgr_ZZ7_B_303,1,unimol,0.66549728,0.29102181,2.2867599,0,0.93892784,23.09
1342,26,17774,2539,7jis_VBS_A_1101,1,unimol,0.66549728,0.29102181,2.2867599,0,0.99448006,21.78
1343,26,17395,2485,6ur0_ETM_B_401,0,surfdock,0.66491376,0.29076664,2.2867599,0,0.98154439,2.1910813
1344,26,2030,290,1nme_159_B_9002,0,surfdock,0.66345133,0.29012712,2.2867599,0,0.97329797,2.8796639
1345,26,2997,428,1uay_ADN_B_1002,1,unimol,0.66234084,0.28964151,2.2867599,0,0.95467063,20.09
1346,26,16912,2416,6rbr_JXN_A_302,0,surfdock,0.65869568,0.28800003,2.2871366,0,0.98075432,2.6492096
1347,26,12965,1852,5kxb_NGA_B_305,1,unimol,0.74912536,0.28708886,2.6093841,0,0.91942647,20.88
1348,27,3382,483,1xuz_PEP_A_2001,1,unimol,0.89454668,0.39102387,2.2877026,0,0.84420816,22.81
1349,27,14112,2016,5w8q_BU4_B_400,0,surfdock,0.68385904,0.29892818,2.2877026,0,0.025831113,2.2968119
1350,27,8330,1190,4evq_PHB_A_406,0,surfdock,0.68278413,0.29845831,2.2877026,0,0.99542033,2.539842
1351,27,17122,2446,6syz_M1E_B_601,0,surfdock,0.68168219,0.29797663,2.2877026,0,0,2.5529194
1352,27,11312,1616,5clo_NS8_M_101,0,surfdock,0.68094875,0.29765603,2.2877026,0,0,4.9052157
1353,27,12537,1791,5in3_G1P_A_416,0,surfdock,0.6790261,0.29681561,2.2877026,0,0.98500283,2.1236215
1354,27,12544,1792,5in3_G1P_B_418,0,surfdock,0.67804349,0.29638609,2.2877026,0,0,2.9894035
1355,27,2731,390,1sz6_NAG_A_5003,1,unimol,0.67334446,0.29433205,2.2877026,0,0,19.96
1356,27,2738,391,1sz6_NAG_B_5001,1,unimol,0.67334446,0.29433205,2.2877026,0,0.9388798,15.94
1357,27,2745,392,1sz6_NAG_B_5004,1,unimol,0.67334446,0.29433205,2.2877026,0,0,20.44
1358,27,7862,1123,4cw2_XDS_A_1303,1,unimol,0.67334446,0.29433205,2.2877026,0,0,20.75
1359,27,12937,1848,5kjw_53C_A_800,1,unimol,0.67334446,0.29433205,2.2877026,0,0.98725683,20.24
1360,27,12944,1849,5kjw_53C_B_800,1,unimol,0.67334446,0.29433205,2.2877026,0,0.99665836,18.33
1361,27,14540,2077,5ysh_5AD_D_605,1,unimol,0.67334446,0.29433205,2.2877026,0,0.98677077,27.34
1362,27,14547,2078,5ysh_5AD_G_605,1,unimol,0.67334446,0.29433205,2.2877026,0,0.98270107,30.89
1363,27,14554,2079,5ysh_5AD_J_605,1,unimol,0.67334446,0.29433205,2.2877026,0,0.98087692,24.5
1364,27,17018,2431,6s39_K5Z_A_301,1,unimol,0.67334446,0.29433205,2.2877026,0,0.97379937,26.44
1365,27,1638,234,1kya_XYD_D_814,0,surfdock,0.67332553,0.29432377,2.2877026,0,0.015163434,2.0970058
1366,27,14260,2037,5xdt_MB3_A_404,1,unimol,0.67334446,0.29261615,2.3011177,0,0.99568175,18.64
1367,27,9121,1303,4kqx_HIO_A_402,0,surfdock,0.66713303,0.29161691,2.2877026,0,0.81156222,2.644021
1368,27,21,3,1a59_CIT_A_379,0,surfdock,0.65959411,0.2883215,2.2877026,0,0,2.9010887
1369,27,9128,1304,4kqx_HIO_B_401,0,surfdock,0.65307856,0.28391898,2.3002276,0,0.80305821,2.7135876
1370,27,2227,318,1ov5_2LP_A_403,1,unimol,0.67334446,0.28304823,2.3789027,0,0.99478198,16.45
1371,27,9478,1354,4ni1_2JX_A_204,0,surfdock,0.64606572,0.28240798,2.2877026,0,0,2.6870492
1372,27,13090,1870,5m0t_AKG_B_302,0,surfdock,0.655526,0.27794256,2.3584936,0,0.99435051,2.8556848
1373,27,1701,243,1lnf_VAL_E_1321,0,surfdock,0.62794491,0.27448702,2.2877026,0,0.98727058,3.211068
1374,27,4242,606,2f64_12Q_A_472,0,surfdock,0.62794491,0.27448702,2.2877026,0,0,2.4722166
1375,27,4249,607,2f64_12Q_B_471,0,surfdock,0.62794491,0.27448702,2.2877026,0,0.0054556519,2.5532196
1376,27,11067,1581,5ahn_IMP_A_1468,0,surfdock,0.62794491,0.27448702,2.2877026,0,0.94831195,3.4584502
1377,27,13174,1882,5mzj_TEP_A_2401,0,surfdock,0.62794491,0.27448702,2.2877026,0,0.99759144,2.6419047
1378,27,1618,231,1kwu_MMA_A_501,1,unimol,0.76070792,0.27388434,2.7774777,0,0.95346127,23.22
1379,27,1625,232,1kwu_MMA_B_601,1,unimol,0.75779192,0.27283447,2.7774777,0,0.93323504,18.01
1380,27,8337,1191,4f06_PHB_A_401,0,surfdock,0.68214396,0.27175576,2.5101352,0,0.98213379,2.5080761
1381,27,13006,1858,5l9v_OGA_B_502,0,surfdock,0.62125417,0.27156236,2.2877026,0,0.99753535,2.7653912
1382,27,4571,653,2huu_ALA_A_701,0,surfdock,0.62794491,0.26542762,2.3657849,0,0.96467164,2.1274596
1383,27,7407,1058,4b5v_E8U_A_1253,1,unimol,0.67334446,0.26161127,2.5738349,0,0.97680147,20.69
1384,27,7414,1059,4b5v_E8U_B_1254,1,unimol,0.67334446,0.26161127,2.5738349,0,0.97506043,19.06
1385,27,1268,181,1j0n_CEG_A_780,1,unimol,0.67334446,0.26048804,2.5849333,0,0,22.72
1386,27,15729,2247,6j4t_IMP_A_401,0,surfdock,0.62794491,0.2569028,2.444289,0,0,3.9682666
1387,27,17087,2441,6sjs_THH_B_901,0,surfdock,0.62794491,0.25083206,2.5034466,0,0.9801108,2.3980545
1388,27,13951,1993,5ve5_GSH_B_402,0,surfdock,0.57362452,0.25074251,2.2877026,0,0,2.487357
1389,27,2842,406,1tke_SER_A_500,0,surfdock,0.62794491,0.24924689,2.5193682,0,0.69310183,2.2330215
1390,27,17347,2478,6u30_PQM_A_501,1,unimol,0.67334446,0.24861596,2.7083709,0,0.96138617,14.66
1391,27,4999,714,2prg_BRL_B_2,1,unimol,0.67334446,0.24807278,2.7143011,0,0.91630435,19.88
1392,27,16171,2310,6mry_FLC_B_101,1,unimol,0.67334446,0.24354916,2.7647159,0,0.76706195,25.28
1393,27,4992,713,2prg_BRL_A_1,1,unimol,0.67334446,0.24271978,2.774163,0,0.88845374,22.89
1394,27,14568,2081,5z54_0HZ_B_303,1,unimol,0.67334446,0.24225285,2.77951,0,0,18.48
1395,27,1204,172,1itw_ICT_A_743,0,surfdock,0.55318516,0.24180807,2.2877026,0,0.98770296,2.7458521
1396,27,1211,173,1itw_ICT_B_744,0,surfdock,0.55318516,0.24180807,2.2877026,0,0,2.8329707
1397,27,1218,174,1itw_ICT_D_743,0,surfdock,0.55318516,0.24180807,2.2877026,0,0.98668586,2.7827767
1398,28,3032,433,1uux_PPI_A_1165,1,unimol,0.89655517,0.32470663,2.7611227,0,0.93079883,20.12
1399,28,17402,2486,6uvj_QJ1_A_205,0,surfdock,0.67999285,0.29739623,2.2864869,0,0.90871613,3.057739
1400,28,9535,1362,4nr9_ALY_A_2005,1,unimol,0.67514632,0.29527659,2.2864869,0,0.98503991,33.47
1401,28,13966,1995,5vjg_0BP_A_403,1,unimol,0.67514632,0.29527659,2.2864869,0,0.77175123,19.82
1402,28,14897,2128,6bkk_308_B_101,1,unimol,0.67514632,0.29527659,2.2864869,0,0.99379357,18.23
1403,28,12594,1799,5iuy_BOG_B_503,1,unimol,0.67514632,0.29078436,2.32181,0,0,28.21
1404,28,9212,1316,4lcq_URQ_A_603,0,surfdock,0.65124103,0.28482156,2.2864869,0,0,2.5490812
1405,28,12601,1800,5iuy_BOG_C_503,1,unimol,0.67514632,0.28373426,2.3795013,0,0.97060563,27.72
1406,28,1393,199,1jla_TNK_A_999,0,surfdock,0.62640196,0.27395815,2.2864869,0,0.9910065,4.5223507
1407,28,12117,1731,5gnx_BGC_B_503,0,surfdock,0.62640196,0.27395815,2.2864869,0,0,2.619027
1408,28,14371,2053,5y7a_KYN_A_502,0,surfdock,0.62640196,0.27395815,2.2864869,0,0.9182321,3.1640811
1409,28,5107,729,2qb4_DSM_A_801,4,gnina,0.81254604,0.24635952,3.2982116,0,0.85914879,3.0083285
1410,28,11984,1712,5fuv_THM_A_1388,0,surfdock,0.62640196,0.24543651,2.5521946,0,0,3.1884797
1411,28,2849,407,1tkh_DPN_A_911,0,surfdock,0.66858391,0.24439632,2.7356536,0,0,2.2659169
1412,28,9814,1402,4qbz_D80_B_901,0,surfdock,0.55522732,0.24282977,2.2864869,0,0.99623849,3.3853902
1413,28,308,44,1daf_DSD_A_225,0,surfdock,0.55130863,0.24111593,2.2864869,0,0.87448279,3.0556372
1414,28,315,45,1dai_DSD_A_225,0,surfdock,0.55130863,0.24111593,2.2864869,0,0.89260721,2.9957464
1415,28,1890,270,1mex_RAC_H_601,0,surfdock,0.55130863,0.24111593,2.2864869,0,0.95570862,4.0864098
1416,28,2240,320,1owz_4FA_A_409,0,surfdock,0.55130863,0.24111593,2.2864869,0,0.98487937,5.7590995
1417,28,3493,499,1z3n_3NA_A_320,0,surfdock,0.55130863,0.24111593,2.2864869,0,0,4.0551085
1418,28,4081,583,2d3n_GLC_A_608,0,surfdock,0.55130863,0.24111593,2.2864869,0,0.013895512,2.24977
1419,28,4711,673,2j1s_FUL_A_1153,0,surfdock,0.55130863,0.24111593,2.2864869,0,0,2.2353107
1420,28,4746,678,2jfv_FLC_A_1271,0,surfdock,0.55130863,0.24111593,2.2864869,0,0.89292768,2.99709
1421,28,5439,777,2uyv_TLA_B_1275,0,surfdock,0.55130863,0.24111593,2.2864869,0,0,2.4796114
1422,28,6069,867,2zka_AZA_A_302,0,surfdock,0.55130863,0.24111593,2.2864869,0,0.1524748,2.1536613
1423,28,6258,894,3qt8_FM0_A_328,0,surfdock,0.55130863,0.24111593,2.2864869,0,0.99100529,3.7257301
1424,28,6538,934,3uwb_BB2_A_154,0,surfdock,0.55130863,0.24111593,2.2864869,0,0.98515746,4.0746032
1425,28,6657,951,3vnj_PSJ_A_301,0,surfdock,0.55130863,0.24111593,2.2864869,0,0,2.818328
1426,29,3018,431,1um4_SH4_H_1001,1,unimol,0.89677745,0.39417453,2.2750762,0,0.98374385,20.17
1427,29,14259,2037,5xdt_MB3_A_404,0,surfdock,0.68755955,0.30221374,2.2750762,0,0.38395684,2.1826779
1428,29,6364,909,3rop_NCA_A_302,1,unimol,0.67598676,0.29712697,2.2750762,0,0.0047277993,18.92
1429,29,6371,910,3rop_NCA_B_302,1,unimol,0.67598676,0.29712697,2.2750762,0,0.009204335,16.14
1430,29,7876,1125,4cxr_2BG_A_502,1,unimol,0.67598676,0.29712697,2.2750762,0,0.9942728,21.35
1431,29,7925,1132,4d0z_BBK_A_1581,1,unimol,0.67598676,0.29712697,2.2750762,0,0.9382103,27.14
1432,29,7932,1133,4d0z_BBK_B_1580,1,unimol,0.67598676,0.29712697,2.2750762,0,0,25.61
1433,29,7939,1134,4d0z_BBK_E_1584,1,unimol,0.67598676,0.29712697,2.2750762,0,0,28.06
1434,29,17004,2429,6s23_KSW_B_402,1,unimol,0.67598676,0.29712697,2.2750762,0,0.97933453,20.16
1435,29,8642,1234,4i0g_1B9_A_504,4,gnina,0.87122018,0.29580701,2.9452307,0,0.052870756,4.3231184
1436,29,4221,603,2evd_D10_A_304,0,surfdock,0.67171383,0.29524882,2.2750762,0,0.97933701,2.733718
1437,29,6517,931,3ucl_CYH_A_543,0,surfdock,0.68419961,0.28615143,2.3910394,0,0.12866598,1.9711993
1438,29,8373,1196,4fxr_BMP_B_301,1,unimol,0.67598676,0.28555386,2.3672819,0,0.96170767,20.69
1439,29,15358,2194,6flu_DTK_A_402,0,surfdock,0.66306372,0.28179456,2.353003,0,0,3.3409787
1440,29,3773,539,2aiq_BEN_A_401,0,surfdock,0.6821083,0.27975986,2.4381912,0,0.98927238,2.3602387
1441,29,119,17,1aua_BOG_A_1,0,surfdock,0.62893175,0.27644415,2.2750762,0,0,3.3150406
1442,29,126,18,1aua_BOG_A_2,0,surfdock,0.62893175,0.27644415,2.2750762,0,0.15718129,3.2993286
1443,29,161,23,1bcs_ARG_A_426,0,surfdock,0.62893175,0.27644415,2.2750762,0,0,2.7195772
1444,29,1526,218,1kep_TDX_A_3500,0,surfdock,0.62893175,0.27644415,2.2750762,0,0.14504393,2.2374464
1445,29,3451,493,1yik_MM1_A_500,0,surfdock,0.62893175,0.27644415,2.2750762,0,0.89632288,2.2840993
1446,29,10262,1466,4wca_CIT_A_401,0,surfdock,0.62564125,0.27499782,2.2750762,0,0,2.6219429
1447,29,8366,1195,4fxr_BMP_A_301,1,unimol,0.67598676,0.27453375,2.4623075,0,0.9526753,18.12
1448,29,8309,1187,4ekr_0R0_B_203,0,surfdock,0.68596147,0.26606835,2.5781391,0,0,2.5570276
1449,29,8295,1185,4ekr_0R0_A_202,0,surfdock,0.68582688,0.26601615,2.5781391,0,0.9971705,2.5520904
1450,29,9905,1415,4rg3_ECE_A_603,0,surfdock,0.68552796,0.25845498,2.6524067,0,0.39722291,2.1968552
1451,29,16534,2362,6oha_XAN_A_501,0,surfdock,0.61858533,0.25678473,2.4089637,0,0.0021679904,2.247587
1452,29,3360,480,1xl0_OX2_A_998,0,surfdock,0.68620623,0.25096203,2.734302,0,0.99585109,3.3628527
1453,29,4319,617,2fhn_BNI_X_501,0,surfdock,0.67466026,0.24585764,2.7441084,0,0.97362038,4.120018
1454,29,4326,618,2fhn_BNI_Y_502,0,surfdock,0.66972804,0.24406026,2.7441084,0,0,4.0550336
1455,29,4570,652,2htu_BCZ_A_801,6,smina,0.55398734,0.24350267,2.2750762,0,0.99050918,4.602376
1456,29,721,103,1gkc_NFH_A_1448,0,surfdock,0.54901405,0.24131668,2.2750762,0,0.99085417,3.5488832
1457,29,1113,159,1hq2_PH2_A_181,0,surfdock,0.54901405,0.24131668,2.2750762,0,0.99671125,2.8457991
1458,29,1344,192,1j54_TMP_A_2000,0,surfdock,0.54901405,0.24131668,2.2750762,0,0.98734221,3.4149292
1459,29,1400,200,1jtk_THU_A_138,0,surfdock,0.54901405,0.24131668,2.2750762,0,0,3.2125064
1460,29,2002,286,1nf0_13P_A_5001,0,surfdock,0.54901405,0.24131668,2.2750762,0,0.99053029,2.6340857
1461,29,2009,287,1nf0_13P_B_1150,0,surfdock,0.54901405,0.24131668,2.2750762,0,0,2.6236737
1462,29,2499,357,1qjc_PNS_B_1163,0,surfdock,0.54901405,0.24131668,2.2750762,0,0.57135051,3.6792356
1463,29,2793,399,1tf8_TRP_A_911,0,surfdock,0.54901405,0.24131668,2.2750762,0,0,2.1431558
1464,29,2800,400,1tf8_TRP_A_913,0,surfdock,0.54901405,0.24131668,2.2750762,0,0,3.5147696
1465,29,3535,505,1zdq_MSM_C_1509,0,surfdock,0.54901405,0.24131668,2.2750762,0,0.99417647,1.8576223
1466,29,5495,785,2v7o_DRN_A_1303,0,surfdock,0.54901405,0.24131668,2.2750762,0,0.94648488,4.4563874
1467,29,6363,909,3rop_NCA_A_302,0,surfdock,0.54901405,0.24131668,2.2750762,0,0.9264634,2.2395928
1468,29,6370,910,3rop_NCA_B_302,0,surfdock,0.54901405,0.24131668,2.2750762,0,0.0029048687,2.2169937
1469,29,7742,1106,4clo_XP0_B_1270,0,surfdock,0.54901405,0.24131668,2.2750762,0,0,3.1826774
1470,29,7749,1107,4clo_XP0_D_1270,0,surfdock,0.54901405,0.24131668,2.2750762,0,0.9637722,3.1089305
1471,29,7875,1125,4cxr_2BG_A_502,0,surfdock,0.54901405,0.24131668,2.2750762,0,0.99651084,2.716213
1472,29,7924,1132,4d0z_BBK_A_1581,0,surfdock,0.54901405,0.24131668,2.2750762,0,0.93187622,2.7812797
1473,29,7931,1133,4d0z_BBK_B_1580,0,surfdock,0.54901405,0.24131668,2.2750762,0,0.95713481,2.6668645
1474,29,7938,1134,4d0z_BBK_E_1584,0,surfdock,0.54901405,0.24131668,2.2750762,0,0.92336522,2.8271555
1475,29,7945,1135,4d2c_ALA_A_508,0,surfdock,0.54901405,0.24131668,2.2750762,0,0.99307788,5.2703729
1476,30,7946,1135,4d2c_ALA_A_508,1,unimol,0.89643097,0.39562674,2.2658494,0,0.97327179,25.56
1477,30,4568,652,2htu_BCZ_A_801,4,gnina,0.82807049,0.34081539,2.4296737,0,0.98366966,4.4457964
1478,30,6552,936,3v1s_0LH_B_401,0,surfdock,0.70103393,0.31092804,2.2546492,0,0.99373495,2.6767541
1479,30,16052,2293,6lit_2OH_B_501,1,unimol,0.89643141,0.30452892,2.943665,0,0,19.67
1480,30,16045,2292,6lit_2OH_A_501,1,unimol,0.89643116,0.30452883,2.943665,0,0.81148325,21.03
1481,30,14833,2119,6ayv_MLI_A_409,0,surfdock,0.6862207,0.29911497,2.2941694,0,0,2.2242317
1482,30,8029,1147,4dch_GLC_A_501,0,surfdock,0.69503807,0.2966194,2.3431973,0,0,2.5463556
1483,30,9430,1347,4n4j_HG1_A_608,1,unimol,0.67521171,0.29534713,2.2861621,0,0.86529873,18.12
1484,30,3024,432,1uqx_MMA_A_1116,0,surfdock,0.66564871,0.29523371,2.2546492,0,0.90406872,2.4706624
1485,30,8785,1255,4i9n_1E5_D_402,0,surfdock,0.68743004,0.28397976,2.4206998,0,0.8644883,3.5562936
1486,30,8771,1253,4i9n_1E5_B_402,0,surfdock,0.68607206,0.28371475,2.4181745,0,0.99031155,3.5943086
1487,30,10535,1505,4ynu_LGC_A_603,0,surfdock,0.6357115,0.28195572,2.2546492,0,0.003144213,2.1836065
1488,30,8778,1254,4i9n_1E5_C_402,0,surfdock,0.69110668,0.27837437,2.482651,0,0.8633477,3.4497281
1489,30,11950,1707,5fp9_4SV_A_1342,1,unimol,0.89643131,0.27335797,3.2793303,0,0.95046191,19.41
1490,30,728,104,1gsi_TMP_A_1210,0,surfdock,0.6357115,0.27005648,2.3539937,0,0.97981491,3.8479637
1491,30,12929,1847,5kf2_COA_A_401,0,surfdock,0.67313361,0.2592298,2.5966666,0,0.91137968,3.6807374
1492,30,10417,1488,4xp0_42A_A_404,1,unimol,0.67521171,0.25838801,2.6131687,0,0.98992031,21.89
1493,30,12600,1800,5iuy_BOG_C_503,0,surfdock,0.68873361,0.25425872,2.7087896,0,0.084318658,2.4073598
1494,30,12425,1775,5i8z_JA1_A_302,0,surfdock,0.69267625,0.24846717,2.787797,0,0.98746334,3.8467733
1495,30,12593,1799,5iuy_BOG_B_503,0,surfdock,0.6357115,0.2472335,2.5712991,0,0.86112427,3.2271973
1496,30,2409,344,1pym_OXL_A_1001,1,unimol,0.89643125,0.2471458,3.6271343,0,0.87602299,14.99
1497,30,2416,345,1pym_OXL_B_1002,1,unimol,0.89643137,0.24578264,3.6472516,0,0.92552503,22.29
1498,30,364,52,1duc_DUD_A_201,0,surfdock,0.54777214,0.24295217,2.2546492,0,0.49790609,2.388787
1499,30,1099,157,1hot_16G_A_269,0,surfdock,0.54777214,0.24295217,2.2546492,0,0.00032804334,2.9092965
1500,30,1106,158,1hot_16G_B_271,0,surfdock,0.54777214,0.24295217,2.2546492,0,0.27312227,2.4670409
1501,30,2037,291,1nmm_NAG_B_403,0,surfdock,0.54777214,0.24295217,2.2546492,0,0.98559406,3.058295
1502,30,2044,292,1nmm_NAG_D_527,0,surfdock,0.54777214,0.24295217,2.2546492,0,0.97095362,3.1130686
1503,30,2653,379,1s5s_PG3_A_1,0,surfdock,0.54777214,0.24295217,2.2546492,0,0.97213715,2.5485703
1504,30,3619,517,1zha_R5P_A_1269,0,surfdock,0.54777214,0.24295217,2.2546492,0,0.51672359,6.5832868
1505,30,3682,526,1zuw_DGL_A_1301,0,surfdock,0.54777214,0.24295217,2.2546492,0,0.0022358184,2.8110173
1506,30,3689,527,1zuw_DGL_B_2301,0,surfdock,0.54777214,0.24295217,2.2546492,0,0.0010481364,2.8044692
1507,30,3738,534,2agw_TSS_D_3001,0,surfdock,0.54777214,0.24295217,2.2546492,0,0,2.7655606
1508,30,3745,535,2agw_TSS_H_2001,0,surfdock,0.54777214,0.24295217,2.2546492,0,0,2.8338785
1509,30,3780,540,2as1_TP5_A_500,0,surfdock,0.54777214,0.24295217,2.2546492,0,0.84014149,2.3467861
1510,30,4172,596,2ef9_A5P_A_1269,0,surfdock,0.54777214,0.24295217,2.2546492,0,0,4.6310723
1511,30,4179,597,2ef9_A5P_B_2269,0,surfdock,0.54777214,0.24295217,2.2546492,0,0.96285241,3.0447047
1512,30,5306,758,2qx9_ML2_A_234,0,surfdock,0.54777214,0.24295217,2.2546492,0,0,3.1831853
1513,30,5341,763,2r4j_13P_A_1968,0,surfdock,0.54777214,0.24295217,2.2546492,0,0,2.6625365
1514,30,5348,764,2r4j_13P_B_816,0,surfdock,0.54777214,0.24295217,2.2546492,0,0,2.5773163
1515,30,5712,816,2wzv_FMN_A_801,0,surfdock,0.54777214,0.24295217,2.2546492,0,0.00037572046,4.9633476
1516,30,5719,817,2wzv_FMN_B_801,0,surfdock,0.54777214,0.24295217,2.2546492,0,0.98355615,4.6948491
1517,30,6020,860,2z6j_TUI_B_502,0,surfdock,0.54777214,0.24295217,2.2546492,0,0.86731063,4.5780648
1518,30,6566,938,3v7u_MTA_A_301,0,surfdock,0.54777214,0.24295217,2.2546492,0,0.14848019,3.1576531
1519,30,6573,939,3v7u_MTA_A_302,0,surfdock,0.54777214,0.24295217,2.2546492,0,0.98556534,3.2286413
1520,30,6580,940,3v8n_5NB_A_301,0,surfdock,0.54777214,0.24295217,2.2546492,0,0.25908289,3.2216833
1521,30,6664,952,3vnj_PSJ_C_301,0,surfdock,0.54777214,0.24295217,2.2546492,0,0,2.8133487
1522,30,6671,953,3vnj_PSJ_D_301,0,surfdock,0.54777214,0.24295217,2.2546492,0,0.91312897,2.797116
1523,30,6678,954,3vnm_SDD_A_301,0,surfdock,0.54777214,0.24295217,2.2546492,0,0.5634226,2.9686438
1524,30,6685,955,3vnm_SDD_B_301,0,surfdock,0.54777214,0.24295217,2.2546492,0,0.5488338,3.0005467
1525,30,6692,956,3vnm_SDD_C_301,0,surfdock,0.54777214,0.24295217,2.2546492,0,0.49332286,2.7772493
1526,31,5426,775,2rtn_IMI_D_300,1,unimol,0.89680272,0.39742766,2.2565172,0,0.97334573,19.76
1527,31,5419,774,2rtn_IMI_B_300,1,unimol,0.89680245,0.39742754,2.2565172,0,0.98033077,19.19
1528,31,3403,486,1y2x_NAG_D_3144,1,unimol,0.89680018,0.39742654,2.2565172,0,0.96230572,23.45
1529,31,3781,540,2as1_TP5_A_500,1,unimol,0.86945289,0.38530729,2.2565172,0,0.99355835,18.3
1530,31,3389,484,1y2x_NAG_A_144,1,unimol,0.76760571,0.34017263,2.2565172,0,0.88494877,21.33
1531,31,3396,485,1y2x_NAG_B_1144,1,unimol,0.76760571,0.34017263,2.2565172,0,0.96207865,18.08
1532,31,3835,547,2bdg_PBZ_A_301,6,smina,0.72631504,0.32187423,2.2565172,0,0,0.75301971
1533,31,4214,602,2eus_ABN_A_400,0,surfdock,0.70625653,0.31298509,2.2565172,0,0.9957896,2.8986423
1534,31,17143,2449,6szt_M4Q_B_601,0,surfdock,0.70368434,0.3118452,2.2565172,0,0.037841621,3.2586268
1535,31,14602,2086,5z9b_HX3_B_303,0,surfdock,0.70345021,0.31174144,2.2565172,0,0.97160376,2.4985707
1536,31,13097,1871,5m5a_KSA_A_404,0,surfdock,0.70212984,0.31115631,2.2565172,0,0.9903893,4.91918
1537,31,35,5,1ac4_TMT_A_296,0,surfdock,0.70087795,0.31060151,2.2565172,0,0,2.2024765
1538,31,7406,1058,4b5v_E8U_A_1253,0,surfdock,0.69827986,0.30945015,2.2565172,0,0,2.79272
1539,31,7413,1059,4b5v_E8U_B_1254,0,surfdock,0.69736802,0.30904605,2.2565172,0,0.88630508,2.8027713
1540,31,16128,2304,6m9b_BTN_B_201,0,surfdock,0.69697905,0.30887368,2.2565172,0,0,3.3693171
1541,31,13209,1887,5n8c_8Q8_B_403,0,surfdock,0.69642128,0.3086265,2.2565172,0,0.78343251,5.8373082
1542,31,12278,1754,5hc0_NPO_A_402,0,surfdock,0.69180869,0.30658238,2.2565172,0,0.9968218,2.1918515
1543,31,12831,1833,5joy_6LW_A_602,0,surfdock,0.6894486,0.30553648,2.2565172,0,0,2.5029702
1544,31,7077,1011,3zjq_NCA_A_300,0,surfdock,0.7046875,0.30551941,2.3065219,0,0.0025526084,2.3904477
1545,31,7084,1012,3zjq_NCA_B_300,0,surfdock,0.70416309,0.30529205,2.3065219,0,0.62367951,2.3406943
1546,31,245,35,1ck6_SHA_A_900,0,surfdock,0.70401527,0.30348337,2.3197811,0,0.98848707,2.3814523
1547,31,12285,1755,5hc0_NPO_A_407,0,surfdock,0.68232825,0.30238102,2.2565172,0,0.0024416399,5.0780509
1548,31,16905,2415,6rbo_JXQ_A_302,0,surfdock,0.6806744,0.3016481,2.2565172,0,0.77378289,2.9805958
1549,31,5467,781,2v32_BEZ_C_1222,0,surfdock,0.70202163,0.30143275,2.3289485,0,0.99266246,2.3447701
1550,31,2443,349,1q3a_NGH_B_479,0,surfdock,0.68605662,0.3005489,2.2826779,0,0.96675714,3.7231677
1551,31,4208,601,2euq_BVC_A_401,1,unimol,0.6760474,0.2995976,2.2565172,0,0.70256923,14.56
1552,31,4481,640,2gue_NAG_B_122,1,unimol,0.6760474,0.2995976,2.2565172,0,0.01964754,17.87
1553,31,6560,937,3v1v_GST_A_511,1,unimol,0.6760474,0.2995976,2.2565172,0,0.89578693,19.18
1554,31,7204,1029,4a78_JZ3_A_1296,1,unimol,0.6760474,0.2995976,2.2565172,0,0.98732924,18.3
1555,31,9136,1305,4kux_FPS_A_704,1,unimol,0.6760474,0.2995976,2.2565172,0,0.92710586,24.42
1556,31,9143,1306,4kux_FPS_C_705,1,unimol,0.6760474,0.2995976,2.2565172,0,0.90848005,25.33
1557,31,9150,1307,4kux_FPS_D_704,1,unimol,0.6760474,0.2995976,2.2565172,0,0.90060287,27.51
1558,31,9332,1333,4mig_G3F_B_802,1,unimol,0.6760474,0.2995976,2.2565172,0,0.97552988,22.81
1559,31,9339,1334,4mig_G3F_C_802,1,unimol,0.6760474,0.2995976,2.2565172,0,0.97419619,25.11
1560,31,9346,1335,4mig_G3F_D_802,1,unimol,0.6760474,0.2995976,2.2565172,0,0.98279634,23.01
1561,31,9360,1337,4mog_G3F_A_802,1,unimol,0.6760474,0.2995976,2.2565172,0,0.92957132,22.35
1562,31,9367,1338,4mol_2FG_A_802,1,unimol,0.6760474,0.2995976,2.2565172,0,0.97251366,24.62
1563,31,9374,1339,4mol_2FG_B_802,1,unimol,0.6760474,0.2995976,2.2565172,0,0.96715893,23.29
1564,31,9381,1340,4mol_2FG_C_703,1,unimol,0.6760474,0.2995976,2.2565172,0,0,31.33
1565,31,9388,1341,4mol_2FG_D_802,1,unimol,0.6760474,0.2995976,2.2565172,0,0.95670906,23.69
1566,31,9402,1343,4mop_2H5_B_802,1,unimol,0.6760474,0.2995976,2.2565172,0,0.88983296,25.05
1567,31,12608,1801,5ivg_FPS_A_704,1,unimol,0.6760474,0.2995976,2.2565172,0,0.91136301,26.34
1568,31,12615,1802,5ivg_FPS_B_704,1,unimol,0.6760474,0.2995976,2.2565172,0,0.90848534,23.64
1569,31,12622,1803,5ivg_FPS_C_704,1,unimol,0.6760474,0.2995976,2.2565172,0,0.95714237,21.52
1570,31,12629,1804,5ivg_FPS_D_704,1,unimol,0.6760474,0.2995976,2.2565172,0,0.94506983,30.17
1571,31,16899,2414,6r7w_CIT_A_406,1,unimol,0.6760474,0.2995976,2.2565172,0,0.72064174,20
1572,31,12838,1834,5joy_6LW_B_602,0,surfdock,0.6745404,0.29892975,2.2565172,0,0.0075773133,2.4667985
1573,31,5453,779,2v32_BEZ_A_1222,0,surfdock,0.69714296,0.29576019,2.3571215,0,0.98959182,2.496641
1574,31,5460,780,2v32_BEZ_B_1220,0,surfdock,0.69457635,0.29467131,2.3571215,0,0.99633597,2.4662198
1575,31,17668,2524,6zi7_QR8_D_502,0,surfdock,0.65894352,0.29201783,2.2565172,0,2.0707183e-06,3.8965149
1576,32,7959,1137,4d4u_FUC_B_950,0,surfdock,0.70571928,0.31300612,2.2546492,0,0.99300574,2.3591384
1577,32,6763,966,3w4i_8LG_B_402,1,unimol,0.68253532,0.30272339,2.2546492,0,0,20.96
1578,32,6770,967,3w4i_8LG_D_402,1,unimol,0.68253532,0.30272339,2.2546492,0,0,23.72
1579,32,16808,2401,6qo4_97T_B_301,1,unimol,0.68253532,0.30272339,2.2546492,0,0,14.6
1580,32,16829,2404,6qor_JBK_B_301,1,unimol,0.68253532,0.30272339,2.2546492,0,0.981224,18.94
1581,32,16801,2400,6qo4_97T_A_301,1,unimol,0.67979367,0.30150739,2.2546492,0,0.99258974,19.93
1582,32,13167,1881,5mxh_GAL_A_402,0,surfdock,0.67884233,0.30108544,2.2546492,0,0.11106635,2.4394946
1583,32,13160,1880,5mxh_GAL_A_401,0,surfdock,0.67112261,0.29766153,2.2546492,0,0.11528099,2.5169932
1584,32,16815,2402,6qol_JB5_A_301,1,unimol,0.68253532,0.29716259,2.2968404,0,0.99184126,18.96
1585,32,8975,1282,4jm8_26D_A_302,1,unimol,0.68253532,0.29479095,2.3153188,0,0.99634861,20.95
1586,32,9318,1331,4m72_M72_A_402,1,unimol,0.68253532,0.29436816,2.3186443,0,0,15.41
1587,32,16822,2403,6qol_JB5_B_301,1,unimol,0.68253532,0.29413859,2.3204539,0,0.99321922,15.59
1588,32,9940,1420,4rje_PYR_D_402,0,surfdock,0.65156281,0.28898622,2.2546492,0,0,2.1047124
1589,32,3696,528,2a0x_DIH_A_300,0,surfdock,0.64169527,0.28460969,2.2546492,0,0.11576265,3.351094
1590,32,8960,1280,4jh6_FCN_B_202,0,surfdock,0.64169527,0.28460969,2.2546492,0,0,2.8943924
1591,32,9296,1328,4m2c_DAR_C_402,0,surfdock,0.64169527,0.28460969,2.2546492,0,0.97985841,2.9672316
1592,32,9303,1329,4m2c_DAR_D_402,0,surfdock,0.64169527,0.28460969,2.2546492,0,0,2.8617601
1593,32,4480,640,2gue_NAG_B_122,0,surfdock,0.63887098,0.28335704,2.2546492,0,0,2.604705
1594,32,1982,283,1n5i_TMP_A_217,1,unimol,0.68253532,0.28317521,2.4102924,0,0,23.9
1595,32,5005,715,2prl_R2C_A_400,0,surfdock,0.70393578,0.27725518,2.5389445,0,0.98308756,4.1368645
1596,32,8653,1236,4i4v_NGA_A_201,1,unimol,0.68253532,0.2756124,2.4764309,0,0.94789829,16.96
1597,32,5628,804,2wdq_CBE_C_1130,0,surfdock,0.70333662,0.27459273,2.5613801,0,0.98982153,3.1474931
1598,32,14204,2029,5x2m_GLN_B_951,1,unimol,0.68253532,0.26233794,2.6017399,0,0.76106608,28.3
1599,32,4617,659,2iht_TPP_D_600,4,gnina,0.83928941,0.26186283,3.2050717,0,0.88169532,10.12294
1600,32,448,64,1e8m_P0H_A_724,0,surfdock,0.65130331,0.26040207,2.5011439,0,0.97430306,3.7572501
1601,32,9451,1350,4n94_2HO_A_401,1,unimol,0.68253532,0.25611971,2.6649065,0,0.99624085,20.18
1602,32,13818,1974,5uio_LG3_A_201,0,surfdock,0.64169527,0.25509696,2.5154946,0,0.9922251,2.1984508
1603,32,8660,1237,4i4v_NGA_A_202,1,unimol,0.68253532,0.25223221,2.7059791,0,0.93122381,17.38
1604,33,13063,1866,5lwy_OLB_A_403,1,unimol,0.77202135,0.34294864,2.2511272,0,0,30.35
1605,33,3829,547,2bdg_PBZ_A_301,0,surfdock,0.71632011,0.31820494,2.2511272,0,0.99473734,2.3940752
1606,33,8974,1282,4jm8_26D_A_302,0,surfdock,0.71068106,0.31569995,2.2511272,0,0.99824273,4.6977893
1607,33,3836,548,2bdg_PBZ_B_302,0,surfdock,0.7103106,0.31553538,2.2511272,0,0.99058278,2.4899735
1608,33,13391,1913,5oew_9TE_B_901,0,surfdock,0.70946953,0.31516176,2.2511272,0,0.98736748,3.9360865
1609,33,1666,238,1l5o_2MP_A_990,0,surfdock,0.70923074,0.31505568,2.2511272,0,0.99710042,2.0019325
1610,33,4767,681,2no7_LDC_A_401,0,surfdock,0.70645054,0.31382066,2.2511272,0,0.99018967,3.3346498
1611,33,4774,682,2no7_LDC_B_401,0,surfdock,0.70447231,0.31294189,2.2511272,0,0.98605472,6.1809314
1612,33,8688,1241,4i6s_FUC_A_101,1,unimol,0.68132336,0.30265862,2.2511272,0,0.94468373,13.12
1613,33,8695,1242,4i6s_FUC_A_102,1,unimol,0.68132336,0.30265862,2.2511272,0,0.92303043,20.62
1614,33,8702,1243,4i6s_FUC_B_101,1,unimol,0.68132336,0.30265862,2.2511272,0,0.95106866,18.12
1615,33,8709,1244,4i6s_FUC_B_102,1,unimol,0.68132336,0.30265862,2.2511272,0,0.96207217,14.8
1616,33,8716,1245,4i6s_FUC_C_101,1,unimol,0.68132336,0.30265862,2.2511272,0,0.96938942,32.22
1617,33,8737,1248,4i6y_MEV_A_501,1,unimol,0.68132336,0.30265862,2.2511272,0,0.97424084,24.19
1618,33,8744,1249,4i6y_MEV_B_1001,1,unimol,0.68132336,0.30265862,2.2511272,0,0.97619063,17.73
1619,33,11089,1584,5av2_KMP_A_300,1,unimol,0.68132336,0.30265862,2.2511272,0,0,15.7
1620,33,11096,1585,5av3_KMP_A_300,1,unimol,0.68132336,0.30265862,2.2511272,0,0.97086888,18.07
1621,33,13056,1865,5lwy_OLB_A_402,1,unimol,0.68132336,0.30265862,2.2511272,0,0,38.16
1622,33,13070,1867,5lwy_OLB_A_404,1,unimol,0.68132336,0.30265862,2.2511272,0,0,31.53
1623,33,13084,1869,5lwy_OLB_A_409,1,unimol,0.68132336,0.30265862,2.2511272,0,0.90933075,30.43
1624,33,7,1,1a49_OXL_A_533,0,surfdock,0.67875874,0.30151936,2.2511272,0,0.98958419,2.1645708
1625,33,7840,1120,4cpp_ADM_A_422,0,surfdock,0.67727271,0.30085923,2.2511272,0,0.99500518,2.4479121
1626,33,9961,1423,4rp9_ASC_A_501,0,surfdock,0.67485912,0.29978707,2.2511272,0,0,2.7991588
1627,33,13077,1868,5lwy_OLB_A_406,1,unimol,0.68132336,0.29044647,2.3457785,0,0,28.83
1628,33,56,8,1aia_PMP_A_411,0,surfdock,0.64030862,0.28443899,2.2511272,0,0.21621794,3.3163292
1629,33,2282,326,1p7c_THM_B_501,0,surfdock,0.64030862,0.28443899,2.2511272,0,0.98834238,3.3331892
1630,33,2464,352,1q4g_BFL_B_1701,0,surfdock,0.7065707,0.27807226,2.5409598,0,0.9911122,3.3462826
1631,33,2457,351,1q4g_BFL_A_701,0,surfdock,0.70522642,0.27754321,2.5409598,0,0.98606175,3.4801705
1632,33,497,71,1eyw_TEN_A_403,0,surfdock,0.64030862,0.27621975,2.3181121,0,0.98636349,2.853019
1633,33,5109,729,2qb4_DSM_A_801,6,smina,0.62146042,0.27606621,2.2511272,0,0,2.2200166
1634,33,5838,834,2xya_7L4_A_1181,0,surfdock,0.69880761,0.27194329,2.5696805,0,0.99324319,3.3466791
1635,33,16422,2346,6ny7_L8J_A_303,0,surfdock,0.64030862,0.26677256,2.4002032,0,0.012106808,2.9559962
1636,33,16975,2425,6rlt_MLI_B_511,0,surfdock,0.58600708,0.26031706,2.2511272,0,0.96251104,2.0659524
1637,33,17269,2467,6tgl_LVP_B_201,0,surfdock,0.70533803,0.25248005,2.7936378,0,0.98485135,2.6712253
1638,33,3833,547,2bdg_PBZ_A_301,4,gnina,0.56735078,0.25202953,2.2511272,0,0.98897645,1.6914745
1639,33,16968,2424,6rlt_MLI_A_508,0,surfdock,0.56238435,0.24982333,2.2511272,0,0.99526779,2.0491514
1640,33,10151,1450,4upd_7P9_A_1550,1,unimol,0.68132336,0.24287639,2.8052258,0,0,31
1641,33,14,2,1a49_OXL_D_2333,0,surfdock,0.54221081,0.24086181,2.2511272,0,0.99569192,2.031792
1642,33,511,73,1fdk_GLE_A_150,0,surfdock,0.54221081,0.24086181,2.2511272,0,0,4.19696
1643,33,1141,163,1ij8_BNI_A_501,0,surfdock,0.54221081,0.24086181,2.2511272,0,0.74154892,3.661177
1644,33,1148,164,1ij8_BNI_B_502,0,surfdock,0.54221081,0.24086181,2.2511272,0,0.83194396,3.6198572
1645,33,1365,195,1jho_NIO_A_991,0,surfdock,0.54221081,0.24086181,2.2511272,0,0.74250038,2.4856904
1646,33,1372,196,1jhv_NIO_A_991,0,surfdock,0.54221081,0.24086181,2.2511272,0,0.74166281,2.4130963
1647,33,1379,197,1jhv_PCR_A_990,0,surfdock,0.54221081,0.24086181,2.2511272,0,0.99831,1.9348193
1648,33,1659,237,1l4n_NIO_A_991,0,surfdock,0.54221081,0.24086181,2.2511272,0,0.76503037,2.4799379
1649,33,2534,362,1r4s_MUA_A_800,0,surfdock,0.54221081,0.24086181,2.2511272,0,0.082806303,2.4548227
1650,33,2646,378,1s3u_TQD_A_187,0,surfdock,0.54221081,0.24086181,2.2511272,0,0.5475266,4.0551084
1651,33,2667,381,1sep_BIO_A_801,0,surfdock,0.54221081,0.24086181,2.2511272,0,0,3.1102741
1652,33,3262,466,1x29_PMG_A_413,0,surfdock,0.54221081,0.24086181,2.2511272,0,0.97441557,4.562345
1653,33,3269,467,1x2a_PDG_B_1413,0,surfdock,0.54221081,0.24086181,2.2511272,0,0.33942192,4.4028575
1654,34,9909,1415,4rg3_ECE_A_603,4,gnina,0.71542306,0.31768337,2.2519994,0,0.97367801,2.362138
1655,34,17346,2478,6u30_PQM_A_501,0,surfdock,0.70932253,0.31700009,2.2376089,0,0.88886852,2.8841587
1656,34,3759,537,2ahc_VNL_C_366,0,surfdock,0.72557756,0.31001584,2.3404522,0,0.99217359,2.8607519
1657,34,4452,636,2g9z_VNP_B_601,0,surfdock,0.68321824,0.30533394,2.2376089,0,0,4.1621263
1658,34,4229,604,2ex1_C5P_A_1427,1,unimol,0.67976215,0.3037894,2.2376089,0,0.98395765,16.37
1659,34,17011,2430,6s37_SAL_A_601,1,unimol,0.67976215,0.3037894,2.2376089,0,0.9883116,17.74
1660,34,3752,536,2ahc_VNL_B_266,0,surfdock,0.71022977,0.30022107,2.3656883,0,0.99686779,2.9240218
1661,34,6321,903,3r51_MMA_A_200,0,surfdock,0.71168062,0.29592174,2.4049613,0,0.97276311,2.6289074
1662,34,9541,1363,4nv0_MG7_A_403,0,surfdock,0.65433406,0.29242545,2.2376089,0,0.97470418,3.6302198
1663,34,9548,1364,4nv0_MG7_B_402,0,surfdock,0.65433406,0.29242545,2.2376089,0,7.2887944e-06,3.7498912
1664,34,13258,1894,5nnw_GCS_D_302,0,surfdock,0.65433406,0.29242545,2.2376089,0,0,2.5642818
1665,34,2779,397,1tc2_7HP_A_800,0,surfdock,0.64832601,0.28974041,2.2376089,0,0.99734029,2.2512248
1666,34,3766,538,2ahc_VNL_D_466,0,surfdock,0.65433406,0.27761946,2.356945,0,0.99549928,2.9002167
1667,34,1380,197,1jhv_PCR_A_990,1,unimol,0.89770602,0.27462301,3.2688658,0,0.99501148,20.84
1668,34,1660,237,1l4n_NIO_A_991,1,unimol,0.81858155,0.26805519,3.0537789,0,0.99500638,18.64
1669,34,1366,195,1jho_NIO_A_991,1,unimol,0.80395519,0.2632656,3.0537789,0,0.99493667,20.53
1670,34,1373,196,1jhv_NIO_A_991,1,unimol,0.80341145,0.26308755,3.0537789,0,0.99598565,21.14
1671,34,14203,2029,5x2m_GLN_B_951,0,surfdock,0.59640396,0.25976988,2.2958925,0,0.99257231,2.6620756
1672,34,5509,787,2vez_G6P_A_202,0,surfdock,0.65433406,0.25553713,2.5606213,0,0.86239075,2.7268337
1673,34,8316,1188,4evi_C9M_A_402,0,surfdock,0.71880397,0.25132697,2.8600342,0,0,2.3096986
1674,34,1078,154,1hkn_N2M_D_5139,0,surfdock,0.5540439,0.24760523,2.2376089,0,0.99528217,2.556798
1675,34,2212,316,1okm_SAB_A_555,0,surfdock,0.5540439,0.24760523,2.2376089,0,0.99019112,3.4183799
1676,34,2786,398,1tc2_7HP_B_810,0,surfdock,0.5540439,0.24760523,2.2376089,0,0.99836053,2.2698597
1677,34,3073,439,1v5g_HTL_A_1602,0,surfdock,0.5540439,0.24760523,2.2376089,0,0.17612155,4.2329617
1678,34,3332,476,1xin_XYL_B_397,0,surfdock,0.5540439,0.24760523,2.2376089,0,0.98988845,2.6014409
1679,34,3339,477,1xin_XYL_C_397,0,surfdock,0.5540439,0.24760523,2.2376089,0,0.98328384,2.6117917
1680,34,3346,478,1xin_XYL_D_397,0,surfdock,0.5540439,0.24760523,2.2376089,0,0.98686733,2.4667065
1681,34,3843,549,2bf7_HBI_A_1290,0,surfdock,0.5540439,0.24760523,2.2376089,0,0,2.892265
1682,34,3850,550,2bf7_HBI_B_1290,0,surfdock,0.5540439,0.24760523,2.2376089,0,0,2.9395951
1683,34,3857,551,2bf7_HBI_C_1290,0,surfdock,0.5540439,0.24760523,2.2376089,0,0,4.8106395
1684,34,3864,552,2bf7_HBI_D_1290,0,surfdock,0.5540439,0.24760523,2.2376089,0,0,2.9004979
1685,34,3906,558,2bs3_CIT_A_1657,0,surfdock,0.5540439,0.24760523,2.2376089,0,0,3.0046197
1686,34,4144,592,2eb5_OXL_A_2001,0,surfdock,0.5540439,0.24760523,2.2376089,0,0.98917454,2.2354571
1687,34,4151,593,2eb5_OXL_B_2002,0,surfdock,0.5540439,0.24760523,2.2376089,0,0.98365441,2.2528923
1688,34,4158,594,2eb5_OXL_C_2003,0,surfdock,0.5540439,0.24760523,2.2376089,0,0.98853298,2.2476412
1689,34,4165,595,2eb5_OXL_D_2004,0,surfdock,0.5540439,0.24760523,2.2376089,0,0.99310695,2.2351063
1690,34,4228,604,2ex1_C5P_A_1427,0,surfdock,0.5540439,0.24760523,2.2376089,0,0,3.65042
1691,34,4354,622,2fr6_CTN_A_1001,0,surfdock,0.5540439,0.24760523,2.2376089,0,0.97399279,3.3069241
1692,34,4361,623,2fr6_CTN_C_1003,0,surfdock,0.5540439,0.24760523,2.2376089,0,0.99263193,3.9908025
1693,34,4368,624,2fr6_CTN_D_1004,0,surfdock,0.5540439,0.24760523,2.2376089,0,0.99356225,3.3631786
1694,34,4382,626,2fu9_MP2_B_2410,0,surfdock,0.5540439,0.24760523,2.2376089,0,0.93812531,3.4614226
1695,34,4725,675,2j5b_TYE_A_1336,0,surfdock,0.5540439,0.24760523,2.2376089,0,0,2.6827412
1696,34,4970,710,2p1e_LAC_A_303,0,surfdock,0.5540439,0.24760523,2.2376089,0,0,1.9634558
1697,34,5040,720,2pvy_ACP_A_802,0,surfdock,0.5540439,0.24760523,2.2376089,0,0.98973713,3.1206346
1698,34,5047,721,2pvy_ACP_D_802,0,surfdock,0.5540439,0.24760523,2.2376089,0,0.97872743,3.0163561
1699,34,5068,724,2q6m_P34_A_1001,0,surfdock,0.5540439,0.24760523,2.2376089,0,0.93265115,3.3662043
1700,34,5075,725,2q6m_P34_A_1002,0,surfdock,0.5540439,0.24760523,2.2376089,0,0.95753292,3.337698
1701,34,5250,750,2qs2_UBF_A_603,0,surfdock,0.5540439,0.24760523,2.2376089,0,0,3.7279463
1702,34,5257,751,2qs2_UBF_B_602,0,surfdock,0.5540439,0.24760523,2.2376089,0,0.97744816,3.5488158
1703,34,6076,868,2ztl_3HL_A_301,0,surfdock,0.5540439,0.24760523,2.2376089,0,0.99795886,2.0843456
1704,35,3458,494,1yqc_GLV_A_1001,0,surfdock,0.73219807,0.32750913,2.235656,0,0.78960375,2.0490209
1705,35,11095,1585,5av3_KMP_A_300,0,surfdock,0.72872244,0.32293745,2.2565427,0,0.99742038,3.5196989
1706,35,17101,2443,6sxr_KHP_A_506,0,surfdock,0.71429645,0.31950181,2.235656,0,0.97275358,3.0650471
1707,35,17108,2444,6sxr_KHP_A_507,0,surfdock,0.70497588,0.31533276,2.235656,0,0.98652342,2.9077376
1708,35,567,81,1fsa_F6P_A_338,0,surfdock,0.69308456,0.31001382,2.235656,0,0.98133986,3.1487366
1709,35,12874,1839,5k2c_ZMA_A_1201,1,unimol,0.68197037,0.30504249,2.235656,0,0.99248909,25.71
1710,35,15877,2268,6jzh_ZMA_A_2002,1,unimol,0.68197037,0.30504249,2.235656,0,0.99274981,21.35
1711,35,16696,2385,6ps7_ZMA_A_1201,1,unimol,0.68197037,0.30504249,2.235656,0,0.96276576,22.82
1712,35,469,67,1ei6_PPF_D_412,0,surfdock,0.67821922,0.30336461,2.235656,0,0.99636031,2.3249696
1713,35,105,15,1anc_BEN_A_384,0,surfdock,0.67677665,0.30271936,2.235656,0,0.010602554,1.9715919
1714,35,9205,1315,4l91_X29_A_301,0,surfdock,0.73979944,0.29952819,2.4698815,0,0.99558306,3.5630032
1715,35,7861,1123,4cw2_XDS_A_1303,0,surfdock,0.66310999,0.29660632,2.235656,0,0,2.6790148
1716,35,11088,1584,5av2_KMP_A_300,0,surfdock,0.66310999,0.29660632,2.235656,0,0.99688126,3.458109
1717,35,12264,1752,5h9i_XAN_A_301,0,surfdock,0.66310999,0.29660632,2.235656,0,0,2.2949358
1718,35,9450,1350,4n94_2HO_A_401,0,surfdock,0.74370567,0.28922445,2.571378,0,0.0019292408,2.3723205
1719,35,3311,473,1xdj_HCS_A_1049,0,surfdock,0.73762427,0.28848231,2.5569124,0,0.99616954,2.4224635
1720,35,455,65,1ei6_PPF_A_410,0,surfdock,0.64754123,0.28312982,2.2870815,0,0.97993212,2.294692
1721,35,2226,318,1ov5_2LP_A_403,0,surfdock,0.74284415,0.28147608,2.6391013,0,0.99352793,2.8286597
1722,35,6153,879,2zwt_CAM_A_422,0,surfdock,0.66310999,0.27862701,2.3799191,0,0,2.3677992
1723,35,5720,817,2wzv_FMN_B_801,1,unimol,0.89837343,0.27786286,3.2331531,0,0,20.24
1724,35,3318,474,1xdj_HCS_A_1050,0,surfdock,0.69781518,0.27291311,2.5569124,0,0.97585257,2.5027132
1725,35,16170,2310,6mry_FLC_B_101,0,surfdock,0.60836573,0.27211944,2.235656,0,0.81909782,2.889825
1726,35,11466,1638,5dmm_HCS_A_505,0,surfdock,0.59919325,0.25898251,2.3136427,0,0.55866903,2.5043383
1727,35,17773,2539,7jis_VBS_A_1101,0,surfdock,0.74266585,0.25855986,2.8723159,0,0.99470933,4.8442531
1728,35,1981,283,1n5i_TMP_A_217,0,surfdock,0.66310999,0.25719015,2.5782859,0,0.98863951,3.6620313
1729,35,11991,1713,5fuv_THM_B_1385,0,surfdock,0.66310999,0.25482292,2.6022375,0,0.97727579,2.2315414
1730,35,7448,1064,4bdr_CYS_B_804,0,surfdock,0.56786185,0.25400223,2.235656,0,0,1.9929507
1731,35,574,82,1fsa_F6P_B_338,0,surfdock,0.57296466,0.25174036,2.2760134,0,0.96123392,3.3005421
1732,35,931,133,1h5r_G1P_A_1294,0,surfdock,0.56145284,0.2511355,2.235656,0,0.84403737,3.161929
1733,35,938,134,1h5r_G1P_B_1294,0,surfdock,0.56145284,0.2511355,2.235656,0,0.9828736,3.1666865
1734,35,945,135,1h5r_G1P_C_1294,0,surfdock,0.56145284,0.2511355,2.235656,0,0,3.1865425
1735,35,952,136,1h5r_G1P_D_1294,0,surfdock,0.56145284,0.2511355,2.235656,0,0,3.1967115
1736,35,1323,189,1j3k_UMP_C_611,0,surfdock,0.56145284,0.2511355,2.235656,0,0.98438715,3.6307775
1737,35,2310,330,1pfw_MF3_A_553,0,surfdock,0.56145284,0.2511355,2.235656,0,0.98994574,2.8961607
1738,35,2338,334,1pr0_NOS_A_1245,0,surfdock,0.56145284,0.2511355,2.235656,0,0,3.3338473
1739,35,2345,335,1pr0_NOS_B_1246,0,surfdock,0.56145284,0.2511355,2.235656,0,0,3.3212781
1740,35,2352,336,1pr0_NOS_C_1247,0,surfdock,0.56145284,0.2511355,2.235656,0,0.97562186,3.2876785
1741,35,2359,337,1pr6_XYA_A_1245,0,surfdock,0.56145284,0.2511355,2.235656,0,0.98852205,3.0507016
1742,35,2366,338,1pr6_XYA_B_1246,0,surfdock,0.56145284,0.2511355,2.235656,0,0.98677071,3.3623586
1743,35,2373,339,1pr6_XYA_C_1247,0,surfdock,0.56145284,0.2511355,2.235656,0,0.95218787,3.3425518
1744,35,2380,340,1pt8_OXL_A_802,0,surfdock,0.56145284,0.2511355,2.235656,0,0.99584749,2.0933613
1745,35,2387,341,1pt8_OXL_B_801,0,surfdock,0.56145284,0.2511355,2.235656,0,0.99860125,2.2146645
1746,35,2492,356,1qit_MAE_A_411,0,surfdock,0.56145284,0.2511355,2.235656,0,0,2.2978116
1747,35,2807,401,1thc_FL9_A_130,0,surfdock,0.56145284,0.2511355,2.235656,0,3.6158123e-07,3.0397459
1748,35,3227,461,1wmz_NGA_A_501,0,surfdock,0.56145284,0.2511355,2.235656,0,0.93263607,2.7493004
1749,35,3234,462,1wmz_NGA_C_503,0,surfdock,0.56145284,0.2511355,2.235656,0,0,2.7714369
1750,35,3241,463,1wmz_NGA_D_504,0,surfdock,0.56145284,0.2511355,2.235656,0,0.91030941,2.7220265
1751,35,4634,662,2ij7_TPF_A_2472,0,surfdock,0.56145284,0.2511355,2.235656,0,0,3.5673944
1752,35,4641,663,2ij7_TPF_B_2470,0,surfdock,0.56145284,0.2511355,2.235656,0,2.9298203e-05,3.5893013
1753,35,4648,664,2ij7_TPF_C_2471,0,surfdock,0.56145284,0.2511355,2.235656,0,8.3067248e-05,5.5540348
1754,36,7658,1094,4cjv_IV2_A_1212,0,surfdock,0.7583556,0.33969954,2.2324295,0,0.99438721,2.6106814
1755,36,266,38,1d6u_HY1_A_2001,0,surfdock,0.75812042,0.33959419,2.2324295,0,0.99426473,2.5733155
1756,36,14896,2128,6bkk_308_B_101,0,surfdock,0.756332,0.33879309,2.2324295,0,0.99665064,2.602945
1757,36,5159,737,2qd4_CHD_A_801,0,surfdock,0.75076535,0.33629955,2.2324295,0,3.7933756e-08,4.2062896
1758,36,17003,2429,6s23_KSW_B_402,0,surfdock,0.74734701,0.33476833,2.2324295,0,0.21864376,2.025134
1759,36,2751,393,1t5z_DHT_A_931,0,surfdock,0.75623598,0.33466945,2.2596495,0,0.98484995,3.7836678
1760,36,273,39,1d6u_PEA_A_2003,0,surfdock,0.74448053,0.33348431,2.2324295,0,0.99015159,2.2509172
1761,36,13846,1978,5uj3_CE4_A_302,0,surfdock,0.74412601,0.3333255,2.2324295,0,0,3.4861398
1762,36,3626,518,1zk0_SS2_A_1260,0,surfdock,0.74113874,0.33198738,2.2324295,0,0.78316205,2.141506
1763,36,8372,1196,4fxr_BMP_B_301,0,surfdock,0.7363935,0.32986179,2.2324295,0,0.99338946,3.873482
1764,36,3143,449,1vzu_UDP_B_2371,0,surfdock,0.73405434,0.32881398,2.2324295,0,0.97566077,3.923967
1765,36,16772,2396,6qhu_FAH_A_401,0,surfdock,0.73153867,0.3276871,2.2324295,0,0.95298176,2.2246767
1766,36,8365,1195,4fxr_BMP_A_301,0,surfdock,0.73078069,0.32734757,2.2324295,0,0.9869602,3.9055576
1767,36,371,53,1dxy_COI_A_404,0,surfdock,0.72636447,0.32536936,2.2324295,0,0.96684591,2.4330091
1768,36,5194,742,2qd4_CHD_B_928,0,surfdock,0.72472531,0.32463511,2.2324295,0,0,4.254858
1769,36,5180,740,2qd4_CHD_B_926,0,surfdock,0.75318045,0.31668843,2.3783002,0,0,3.6507416
1770,36,5173,739,2qd4_CHD_A_803,0,surfdock,0.75360459,0.3142948,2.3977625,0,0,3.5896988
1771,36,5187,741,2qd4_CHD_B_927,0,surfdock,0.75423311,0.31320878,2.4080832,0,2.0706733e-09,3.3122245
1772,36,9569,1367,4o95_245_A_602,0,surfdock,0.75027823,0.31306977,2.3965199,0,0.93665459,3.1366686
1773,36,12628,1804,5ivg_FPS_D_704,0,surfdock,0.72605458,0.31266487,2.3221486,0,0,4.3841401
1774,36,9135,1305,4kux_FPS_A_704,0,surfdock,0.71489158,0.31247673,2.2878225,0,0.86740178,4.359318
1775,36,9142,1306,4kux_FPS_C_705,0,surfdock,0.70331732,0.31191819,2.2548125,0,0,4.2115209
1776,36,5166,738,2qd4_CHD_A_802,0,surfdock,0.74253409,0.31163165,2.3827291,0,0.83353854,4.1455653
1777,36,9149,1307,4kux_FPS_D_704,0,surfdock,0.69842236,0.31125576,2.2438848,0,0,4.2423635
1778,36,12621,1803,5ivg_FPS_C_704,0,surfdock,0.73355657,0.30989056,2.3671463,0,0,4.4405719
1779,36,12607,1801,5ivg_FPS_A_704,0,surfdock,0.70510882,0.30806986,2.2887943,0,0,4.260142
1780,36,12614,1802,5ivg_FPS_B_704,0,surfdock,0.70332061,0.30728857,2.2887943,0,0,4.4480399
1781,36,14533,2076,5ylf_BGC_A_401,1,unimol,0.68193481,0.30546744,2.2324295,0,0.95010361,15.73
1782,37,3878,554,2bjf_DXC_A_330,0,surfdock,0.75434403,0.3385491,2.2281663,0,0,4.2791142
1783,37,17010,2430,6s37_SAL_A_601,0,surfdock,0.75423803,0.33850152,2.2281663,0,0.99590925,2.5703762
1784,37,8113,1159,4dvw_0M4_A_512,0,surfdock,0.75413727,0.3384563,2.2281663,0,0.74357877,3.6476084
1785,37,140,20,1axg_ETF_B_404,0,surfdock,0.75177684,0.33739695,2.2281663,0,0.99135464,2.2104692
1786,37,154,22,1axg_ETF_D_404,0,surfdock,0.74319245,0.33354428,2.2281663,0,0.41097855,2.1747948
1787,37,147,21,1axg_ETF_C_404,0,surfdock,0.73766467,0.33106341,2.2281663,0,0.99069673,2.1600829
1788,37,133,19,1axg_ETF_A_404,0,surfdock,0.73091182,0.32803274,2.2281663,0,0,2.7284513
1789,37,15309,2187,6fgv_D9T_A_1901,0,surfdock,0.69240805,0.31075227,2.2281663,0,0.93222785,3.1953422
1790,37,15100,2157,6dqt_LEU_B_1,1,unimol,0.68369826,0.30684332,2.2281663,0,0.9205872,20.97
1791,37,2933,419,1u18_HSM_A_401,0,surfdock,0.66490347,0.29840823,2.2281663,0,0.88445605,2.3947556
1792,37,2940,420,1u18_HSM_B_402,0,surfdock,0.66490347,0.29840823,2.2281663,0,0.99603017,2.2336785
1793,37,3136,448,1vzd_UFP_A_317,0,surfdock,0.66490347,0.29840823,2.2281663,0,0.98543516,3.3424588
1794,37,3437,491,1y8j_STS_A_900,0,surfdock,0.66490347,0.29840823,2.2281663,0,0.87107372,3.3909367
1795,37,5292,756,2qx4_ML1_A_233,0,surfdock,0.75245873,0.28821705,2.6107354,0,0.43266812,3.0179436
1796,37,5299,757,2qx4_ML1_B_233,0,surfdock,0.73423745,0.28352589,2.5896654,0,0.98086065,3.2205622
1797,37,14532,2076,5ylf_BGC_A_401,0,surfdock,0.72973888,0.27451118,2.6583202,0,0,2.3546478
1798,37,6727,961,3vq5_MMJ_B_307,0,surfdock,0.75962828,0.26534521,2.8627915,0,0.9934769,3.0018508
1799,37,13790,1970,5ud3_P6F_B_404,0,surfdock,0.62521828,0.26359269,2.3719096,0,0,3.6443343
1800,37,11551,1650,5dz2_212_B_404,1,unimol,0.68369826,0.25417175,2.6899056,0,0.94835662,20.12
1801,37,6146,878,2zvq_1NP_X_502,0,surfdock,0.66490347,0.25290618,2.629051,0,0,1.9990842
1802,37,1190,170,1isx_XYP_A_1461,0,surfdock,0.56319347,0.25276085,2.2281663,0,0.032025759,2.0609899
1803,37,1197,171,1isx_XYP_B_961,0,surfdock,0.56319347,0.25276085,2.2281663,0,0.94605276,1.989432
1804,37,1750,250,1lti_GAL_D_104,0,surfdock,0.56319347,0.25276085,2.2281663,0,0.99229857,2.4170301
1805,37,1757,251,1lti_GAL_E_104,0,surfdock,0.56319347,0.25276085,2.2281663,0,0.99412383,2.5128518
1806,37,1764,252,1lti_GAL_H_104,0,surfdock,0.56319347,0.25276085,2.2281663,0,0.98568147,2.4903479
1807,37,3731,533,2a9z_26A_A_1002,0,surfdock,0.56319347,0.25276085,2.2281663,0,0.9726906,5.0583303
1808,37,4025,575,2ci0_1CM_A_1450,0,surfdock,0.56319347,0.25276085,2.2281663,0,2.7426361e-05,3.24652
1809,37,4333,619,2fib_GLY_B_2,0,surfdock,0.56319347,0.25276085,2.2281663,0,0,4.2895743
1810,37,4578,654,2i1v_F6P_B_720,0,surfdock,0.56319347,0.25276085,2.2281663,0,0,3.1286495
1811,37,4585,655,2i1v_FDP_B_710,0,surfdock,0.56319347,0.25276085,2.2281663,0,0,3.6652548
1812,37,4669,667,2ipf_FFA_B_4,0,surfdock,0.56319347,0.25276085,2.2281663,0,0.99172463,3.2523732
1813,37,4858,694,2nz5_226_A_431,0,surfdock,0.56319347,0.25276085,2.2281663,0,0.029638301,2.48304
1814,37,4865,695,2nz5_226_A_432,0,surfdock,0.56319347,0.25276085,2.2281663,0,0.0022024582,2.4452958
1815,37,4872,696,2nz5_226_B_432,0,surfdock,0.56319347,0.25276085,2.2281663,0,0.99169374,2.1926391
1816,37,5012,716,2pt6_S4M_A_501,0,surfdock,0.56319347,0.25276085,2.2281663,0,0,4.3588629
1817,37,5019,717,2pt6_S4M_B_502,0,surfdock,0.56319347,0.25276085,2.2281663,0,0,5.8572961
1818,37,5026,718,2pt6_S4M_C_503,0,surfdock,0.56319347,0.25276085,2.2281663,0,0.93775205,4.3937556
1819,37,6048,864,2zgw_BTN_A_1401,0,surfdock,0.56319347,0.25276085,2.2281663,0,0.95145951,3.2053579
1820,37,6055,865,2zgw_BTN_B_1402,0,surfdock,0.56319347,0.25276085,2.2281663,0,0.96774481,3.321372
1821,37,6160,880,2zyv_NPO_X_1602,0,surfdock,0.56319347,0.25276085,2.2281663,0,0.99812404,3.8124425
1822,37,6300,900,3r3z_GOA_A_305,0,surfdock,0.56319347,0.25276085,2.2281663,0,0.99377237,2.0396516
1823,37,6307,901,3r3z_GOA_C_305,0,surfdock,0.56319347,0.25276085,2.2281663,0,0.99618025,2.0810081
1824,37,6314,902,3r3z_GOA_D_305,0,surfdock,0.56319347,0.25276085,2.2281663,0,0.9932017,2.1340351
1825,37,6468,924,3tky_N7I_B_369,0,surfdock,0.56319347,0.25276085,2.2281663,0,0.08238235,2.8915246
1826,37,7357,1051,4aql_TXC_A_1452,0,surfdock,0.56319347,0.25276085,2.2281663,0,0,3.8844085
1827,37,7364,1052,4aw0_MJF_A_600,0,surfdock,0.56319347,0.25276085,2.2281663,0,0,3.6839195
1828,37,8015,1145,4dab_HPA_A_301,0,surfdock,0.56319347,0.25276085,2.2281663,0,0.26485807,2.2526381
1829,37,8288,1184,4ek1_CAM_B_502,0,surfdock,0.56319347,0.25276085,2.2281663,0,0.072793645,2.383185
1830,37,8456,1208,4gt9_UMP_A_302,0,surfdock,0.56319347,0.25276085,2.2281663,0,0.49790126,3.110952
1831,37,8491,1213,4h9g_14J_A_512,0,surfdock,0.56319347,0.25276085,2.2281663,0,0.0034863285,2.1677524
1832,38,4082,583,2d3n_GLC_A_608,1,unimol,0.7687785,0.34950472,2.1996217,0,0.93914262,20.19
1833,38,12453,1779,5i9m_69K_C_302,0,surfdock,0.76088598,0.3459166,2.1996217,0,0,3.2284362
1834,38,12446,1778,5i9m_69K_B_302,0,surfdock,0.76043737,0.34571265,2.1996217,0,0.99556728,3.2374378
1835,38,7203,1029,4a78_JZ3_A_1296,0,surfdock,0.75945781,0.34526732,2.1996217,0,0.24517586,2.3431542
1836,38,3892,556,2bk3_FOF_B_1498,0,surfdock,0.75908935,0.34509981,2.1996217,0,0,3.6093233
1837,38,7371,1053,4b1f_DGL_A_1257,0,surfdock,0.75461462,0.34306549,2.1996217,0,0.0014380996,2.895579
1838,38,11550,1650,5dz2_212_B_404,0,surfdock,0.73359809,0.33351089,2.1996217,0,0.99036767,2.9933616
1839,38,3486,498,1z11_8MO_D_501,0,surfdock,0.73734023,0.33341718,2.2114635,0,0.99423373,2.9986612
1840,38,3472,496,1z11_8MO_A_501,0,surfdock,0.73222745,0.32645952,2.242934,0,0.97855457,3.1553193
1841,38,3479,497,1z11_8MO_B_501,0,surfdock,0.71742271,0.3244107,2.2114635,0,0.97544795,2.9342403
1842,38,12040,1720,5g0v_JDD_B_1271,0,surfdock,0.71150793,0.3166207,2.2471924,0,2.0925589e-10,4.3098058
1843,38,4263,609,2f78_BEZ_A_1003,0,surfdock,0.76320104,0.31475161,2.4247715,0,0.039227747,2.1632072
1844,38,4270,610,2f78_BEZ_B_1002,0,surfdock,0.76524408,0.31268114,2.4473615,0,0.99407507,2.3236686
1845,38,4277,611,2f78_BEZ_B_1004,0,surfdock,0.76219622,0.31102404,2.4506013,0,0,2.0549299
1846,38,6546,935,3v1m_HPK_A_288,1,unimol,0.68353006,0.31074878,2.1996217,0,0.44562483,18.3
1847,38,10620,1517,4z6p_DHY_C_403,1,unimol,0.68353006,0.31074878,2.1996217,0,0.98302604,17.85
1848,38,4256,608,2f78_BEZ_A_1001,0,surfdock,0.76020345,0.30816836,2.4668436,0,0.99520585,2.2773014
1849,38,5754,822,2xhk_AKG_A_519,0,surfdock,0.67343789,0.30616065,2.1996217,0,0.92365457,2.4277778
1850,38,2205,315,1o8a_NXA_A_702,0,surfdock,0.66323144,0.30152056,2.1996217,0,0.98983562,2.3559829
1851,38,5761,823,2xhk_AKG_B_519,0,surfdock,0.66323144,0.30152056,2.1996217,0,0.95040386,2.6028196
1852,38,5880,840,2y2f_YI1_A_1469,0,surfdock,0.66323144,0.30152056,2.1996217,0,0.83272339,3.5093002
1853,38,9310,1330,4m54_AE5_A_403,0,surfdock,0.66323144,0.30152056,2.1996217,0,5.927046e-05,3.234894
1854,38,12376,1768,5i0m_UMP_A_201,0,surfdock,0.66323144,0.30152056,2.1996217,0,0.98195797,3.4189059
1855,38,15715,2245,6ix8_B3O_A_408,0,surfdock,0.66323144,0.30152056,2.1996217,0,0,3.8416893
1856,38,15722,2246,6ix8_B3O_B_408,0,surfdock,0.66323144,0.30152056,2.1996217,0,0.99101666,3.9511883
1857,38,1484,212,1kae_HSO_A_1001,0,surfdock,0.66323144,0.293109,2.2627459,0,0.97038463,2.5879972
1858,38,4781,683,2nos_AGU_A_903,0,surfdock,0.71007425,0.28047194,2.5317113,0,0.15479364,2.0964395
1859,38,16261,2323,6nbw_LAB_A_403,0,surfdock,0.76413553,0.27969767,2.7320044,0,0,4.0939715
1860,38,13965,1995,5vjg_0BP_A_403,0,surfdock,0.61641411,0.27272118,2.2602346,0,0.99877021,2.648073
1861,38,9633,1376,4p5y_NGA_A_201,1,unimol,0.68353006,0.27237406,2.509526,0,0.99005169,18.21
1862,38,2471,353,1q6r_LX1_A_7301,0,surfdock,0.66323144,0.26780316,2.4765623,0,0.99215021,3.063702
1863,38,2478,354,1q6r_LX1_B_9301,0,surfdock,0.66323144,0.26780316,2.4765623,0,0.98713275,3.0653824
1864,38,483,69,1euu_GAL_A_2,0,surfdock,0.59995816,0.2677191,2.2409978,0,0.052775123,2.2240067
1865,38,12215,1745,5h24_LQG_B_501,0,surfdock,0.7628995,0.26387866,2.8910987,0,0.93618506,3.4331341
1866,38,4102,586,2e1a_MSE_D_301,0,surfdock,0.56389205,0.25635854,2.1996217,0,0.98007347,2.5671216
1867,38,392,56,1e2j_THM_A_500,0,surfdock,0.56152767,0.25528364,2.1996217,0,0.98420793,3.3469871
1868,38,399,57,1e2j_THM_B_500,0,surfdock,0.56152767,0.25528364,2.1996217,0,0.98410595,3.3150911
1869,38,595,85,1fwn_PEP_A_1268,0,surfdock,0.56152767,0.25528364,2.1996217,0,0,2.3554295
1870,38,602,86,1fwn_PEP_B_2268,0,surfdock,0.56152767,0.25528364,2.1996217,0,0.9953144,2.6197872
1871,38,1008,144,1h69_ARH_A_1275,0,surfdock,0.56152767,0.25528364,2.1996217,0,0,3.5700642
1872,38,1015,145,1h69_ARH_B_1275,0,surfdock,0.56152767,0.25528364,2.1996217,0,0,3.5616722
1873,38,1022,146,1h69_ARH_C_1275,0,surfdock,0.56152767,0.25528364,2.1996217,0,0,3.4816126
1874,38,1351,193,1ja9_PYQ_A_406,0,surfdock,0.56152767,0.25528364,2.1996217,0,0,2.707271
1875,38,2394,342,1pwz_RSO_A_256,0,surfdock,0.56152767,0.25528364,2.1996217,0,0.99704689,2.2953551
1876,38,2401,343,1pwz_RSO_B_256,0,surfdock,0.56152767,0.25528364,2.1996217,0,0.9951624,1.698808
1877,38,3612,516,1zha_PEP_A_1268,0,surfdock,0.56152767,0.25528364,2.1996217,0,0.99620821,2.5460073
1878,38,3703,529,2a15_NCA_A_1001,0,surfdock,0.56152767,0.25528364,2.1996217,0,0.94465878,2.5361327
1879,38,4522,646,2gzm_DGL_B_502,0,surfdock,0.56152767,0.25528364,2.1996217,0,0,2.5897945
1880,38,4529,647,2gzm_DGL_C_503,0,surfdock,0.56152767,0.25528364,2.1996217,0,0,2.6148527
1881,38,4536,648,2gzm_DGL_D_504,0,surfdock,0.56152767,0.25528364,2.1996217,0,0,2.7958326
1882,39,12943,1849,5kjw_53C_B_800,0,surfdock,0.77010018,0.35038306,2.1978798,0,0.99900078,2.4320079
1883,39,7021,1003,3wxo_NIZ_A_803,0,surfdock,0.7673417,0.349128,2.1978798,0,0.0014440756,2.3828514
1884,39,12936,1848,5kjw_53C_A_800,0,surfdock,0.76374058,0.34748954,2.1978798,0,0.94584594,2.4249618
1885,39,2219,317,1om5_INE_A_790,0,surfdock,0.76345901,0.34736143,2.1978798,0,0.00020521086,2.6597037
1886,39,14539,2077,5ysh_5AD_D_605,0,surfdock,0.76341178,0.34733995,2.1978798,0,0.21274926,2.5045246
1887,39,14546,2078,5ysh_5AD_G_605,0,surfdock,0.76065886,0.34608741,2.1978798,0,0.99857816,2.5214732
1888,39,14553,2079,5ysh_5AD_J_605,0,surfdock,0.75942493,0.345526,2.1978798,0,0.21831849,2.4907739
1889,39,896,128,1h48_CDI_B_902,0,surfdock,0.75198522,0.34214105,2.1978798,0,0.90556716,3.0130402
1890,39,434,62,1e7h_PLM_A_1007,0,surfdock,0.75177284,0.34204442,2.1978798,0,0.99092652,2.7458142
1891,39,7014,1002,3wxo_NIZ_A_802,0,surfdock,0.73738476,0.33549808,2.1978798,0,0,2.4534414
1892,39,13594,1942,5tde_2HP_B_901,0,surfdock,0.73439972,0.33413993,2.1978798,0,0.9961562,2.1390357
1893,39,3934,562,2bxh_IOS_B_1002,0,surfdock,0.72255981,0.32875296,2.1978798,0,0.00019830868,2.7457917
1894,39,11998,1714,5fv3_OGA_A_1770,0,surfdock,0.75905376,0.32707137,2.3207579,0,0.99799561,2.8540856
1895,39,722,103,1gkc_NFH_A_1448,1,unimol,0.89894017,0.31348315,2.8675859,0,0.97566059,23.24
1896,39,16821,2403,6qol_JB5_B_301,0,surfdock,0.76777379,0.312128,2.4598033,0,0.00073635277,2.5432824
1897,39,5335,762,2r3d_ACM_A_303,1,unimol,0.68374529,0.31109299,2.1978798,0,0.99277008,19.43
1898,39,13455,1922,5r28_RDJ_A_401,1,unimol,0.68374529,0.31109299,2.1978798,0,0.97562402,18.73
1899,39,16828,2404,6qor_JBK_B_301,0,surfdock,0.75965971,0.31026569,2.4484158,0,0.99780293,2.7417034
1900,39,16814,2402,6qol_JB5_A_301,0,surfdock,0.76684169,0.31013254,2.4726248,0,0.99391945,2.4951829
1901,39,546,78,1fp2_HMO_A_2000,0,surfdock,0.71892652,0.3059585,2.3497508,0,0,3.4037544
1902,39,7028,1004,3wxo_NIZ_A_804,0,surfdock,0.66333247,0.30180549,2.1978798,0,0.0010568972,2.3119009
1903,39,644,92,1g72_PQQ_A_701,0,surfdock,0.66333222,0.30180537,2.1978798,0,0,4.0796586
1904,39,651,93,1g72_PQQ_C_703,0,surfdock,0.66333222,0.30180537,2.1978798,0,7.0264733e-06,3.9703358
1905,39,784,112,1h18_DTL_A_9009,0,surfdock,0.66333222,0.30180537,2.1978798,0,0.99448401,2.2306867
1906,39,798,114,1h18_DTL_B_9009,0,surfdock,0.66333222,0.30180537,2.1978798,0,0.99240068,2.281551
1907,39,805,115,1h18_DTL_B_9010,0,surfdock,0.66333222,0.30180537,2.1978798,0,0.97209303,2.4914823
1908,39,1267,181,1j0n_CEG_A_780,0,surfdock,0.66333222,0.30180537,2.1978798,0,0,2.8505759
1909,39,3927,561,2bxh_IOS_A_1002,0,surfdock,0.66333222,0.30180537,2.1978798,0,0.21960481,2.7667199
1910,39,6797,971,3wat_BMA_B_404,0,surfdock,0.66333222,0.30180537,2.1978798,0,0.99042,2.7335768
1911,39,9661,1380,4p8c_2J3_A_504,1,unimol,0.68374529,0.301551,2.2674274,0,0,17.8
1912,39,5285,755,2qvr_FDP_A_333,0,surfdock,0.66333222,0.30040161,2.2081504,0,0.97305232,5.0605215
1913,39,910,130,1h48_CDI_F_902,0,surfdock,0.66333222,0.30009978,2.2103713,0,0,2.9350578
1914,39,4949,707,2okk_ABU_A_585,0,surfdock,0.65883354,0.29975855,2.1978798,0,0,2.1781318
1915,39,12019,1717,5fzn_FB2_A_1615,0,surfdock,0.76782956,0.29839563,2.5731921,0,0.92541509,2.4091017
1916,39,889,127,1h48_CDI_A_201,0,surfdock,0.66333222,0.2980633,2.2254734,0,0,3.1579558
1917,39,903,129,1h48_CDI_C_902,0,surfdock,0.66333222,0.29705184,2.2330511,0,0.89463906,3.0871488
1918,39,9429,1347,4n4j_HG1_A_608,0,surfdock,0.68124288,0.29015144,2.3478863,0,0.0016010646,2.0092326
1919,39,6531,933,3uud_EST_B_600,0,surfdock,0.76765237,0.28919782,2.6544187,0,0.98162337,3.5459477
1920,39,406,58,1e2s_CSN_P_701,0,surfdock,0.63108465,0.28713325,2.1978798,0,0.89353797,2.9647421
1921,39,6524,932,3uud_EST_A_600,0,surfdock,0.75809143,0.28559592,2.6544187,0,0.98777222,3.5493838
1922,39,10382,1483,4x36_CHT_A_411,1,unimol,0.68374529,0.27952985,2.4460537,0,0.92654684,23.04
1923,39,10389,1484,4x36_CHT_A_412,1,unimol,0.68374529,0.27918621,2.4490645,0,0.91100396,17.38
1924,39,1092,156,1ho5_ADN_B_2604,0,surfdock,0.75807749,0.27908173,2.716327,0,0.97807602,3.3294322
1925,39,10361,1480,4x36_CHT_A_408,1,unimol,0.68374529,0.27838602,2.456104,0,0.97509629,23.3
1926,39,2618,374,1rvz_NAG_F_3331,0,surfdock,0.66333224,0.27836075,2.3829939,0,8.6951221e-05,2.6566408
1927,39,2611,373,1rvz_NAG_A_3321,0,surfdock,0.66333222,0.27502484,2.4118984,0,2.3336708e-05,2.1828092
1928,39,7651,1093,4cju_JNS_B_1214,0,surfdock,0.76068035,0.27415545,2.7746305,0,0,3.3328344
1929,39,10368,1481,4x36_CHT_A_409,1,unimol,0.68374529,0.27302309,2.5043488,0,0.97188093,17.76
1930,39,14365,2052,5y1g_AKB_A_401,1,unimol,0.68374529,0.2728476,2.5059595,0,0,15.05
1931,39,10375,1482,4x36_CHT_A_410,1,unimol,0.68374529,0.2716025,2.5174475,0,0.94872947,19.83
1932,40,10486,1498,4xz9_G3P_B_302,0,surfdock,0.73389286,0.33438591,2.1947472,0,0.9904519,2.4148418
1933,40,12873,1839,5k2c_ZMA_A_1201,0,surfdock,0.76633066,0.32829721,2.3342578,0,0,3.7117504
1934,40,15876,2268,6jzh_ZMA_A_2002,0,surfdock,0.76650806,0.32402855,2.3655562,0,0.94377523,3.9031446
1935,40,9968,1424,4rql_SNE_A_505,0,surfdock,0.69712889,0.31763503,2.1947472,0,0.99305665,2.5333557
1936,40,6748,964,3vv5_SLZ_B_301,0,surfdock,0.69169754,0.31516032,2.1947472,0,0,2.6195891
1937,40,2311,330,1pfw_MF3_A_553,1,unimol,0.89923809,0.3143319,2.8607907,0,0.99201225,16.52
1938,40,15099,2157,6dqt_LEU_B_1,0,surfdock,0.71740749,0.30185944,2.3766267,0,0.99303874,3.3802207
1939,40,1246,178,1ixo_G3P_A_1001,0,surfdock,0.65999117,0.30071385,2.1947472,0,0.86584543,2.5525683
1940,40,3969,567,2c5b_5F1_A_500,0,surfdock,0.65999117,0.30071385,2.1947472,0,0,3.3363655
1941,40,3976,568,2c5b_5F1_B_500,0,surfdock,0.65999117,0.30071385,2.1947472,0,0,3.2738374
1942,40,3983,569,2c5b_5F1_C_500,0,surfdock,0.65999117,0.30071385,2.1947472,0,0,3.4608595
1943,40,11151,1593,5bkd_RCF_A_503,0,surfdock,0.65999117,0.30071385,2.1947472,0,0,4.3048471
1944,40,14364,2052,5y1g_AKB_A_401,0,surfdock,0.65999117,0.30071385,2.1947472,0,0.9331461,2.481586
1945,40,28,4,1a9r_HPA_A_290,0,surfdock,0.65999117,0.29220881,2.2586277,0,0,2.2273995
1946,40,13181,1883,5n5k_8NW_A_307,0,surfdock,0.637799,0.29060236,2.1947472,0,0,2.9441537
1947,40,16695,2385,6ps7_ZMA_A_1201,0,surfdock,0.74610644,0.28733849,2.5966105,0,0,3.7921448
1948,40,11278,1611,5cga_KP6_F_301,1,unimol,0.68390475,0.27613207,2.4767296,0,0.9762993,22.14
1949,40,11250,1607,5cga_KP6_A_301,1,unimol,0.68390475,0.27131728,2.5206816,0,0.98172379,23.47
1950,40,11257,1608,5cga_KP6_B_301,1,unimol,0.68390475,0.27131728,2.5206816,0,0.98382462,20.2
1951,40,11264,1609,5cga_KP6_C_301,1,unimol,0.68390475,0.27131728,2.5206816,0,0.98213717,20.93
1952,40,11271,1610,5cga_KP6_E_301,1,unimol,0.68390475,0.27131728,2.5206816,0,0.96607774,23.68
1953,40,11285,1612,5cga_KP6_H_301,1,unimol,0.68390475,0.27131728,2.5206816,0,0.98654367,23.84
1954,40,8541,1220,4hgg_SYN_B_502,1,unimol,0.68390475,0.26674517,2.5638871,0,0.94275026,19.28
1955,40,15862,2266,6jz4_EVA_B_701,0,surfdock,0.58413852,0.26615287,2.1947472,0,0.97516707,2.5763742
1956,40,742,106,1gz5_G6P_A_901,0,surfdock,0.75700224,0.25904296,2.922303,0,0.70041485,3.2760552
1957,40,756,108,1gz5_G6P_D_901,0,surfdock,0.75476729,0.25827816,2.922303,0,0.82702458,3.2690028
1958,40,749,107,1gz5_G6P_B_901,0,surfdock,0.75256062,0.25752305,2.922303,0,0,3.1341666
1959,40,7196,1028,4a3u_NCA_B_1359,0,surfdock,0.73509679,0.25729821,2.8569827,0,0.77207458,2.3170134
1960,41,4873,696,2nz5_226_B_432,1,unimol,0.90004091,0.40952308,2.1977773,0,0.97319403,20.12
1961,41,4635,662,2ij7_TPF_A_2472,1,unimol,0.76974166,0.35023628,2.1977773,0,0.67248848,29.57
1962,41,4642,663,2ij7_TPF_B_2470,1,unimol,0.76973714,0.35023422,2.1977773,0,0.96769021,36.53
1963,41,4649,664,2ij7_TPF_C_2471,1,unimol,0.76972885,0.35023045,2.1977773,0,0.96741354,28.41
1964,41,4866,695,2nz5_226_A_432,1,unimol,0.76940194,0.3500817,2.1977773,0,0.9632256,16.25
1965,41,4859,694,2nz5_226_A_431,1,unimol,0.76517006,0.34815617,2.1977773,0,0.9844627,22.55
1966,41,5334,762,2r3d_ACM_A_303,0,surfdock,0.76424916,0.34773716,2.1977773,0,0.72149965,1.895362
1967,41,1939,277,1mrj_ADN_A_300,0,surfdock,0.7604452,0.34600634,2.1977773,0,0.99255623,2.3574394
1968,41,6405,915,3se2_3AB_D_3,0,surfdock,0.75973625,0.34568376,2.1977773,0,0.99562959,2.5658703
1969,41,17241,2463,6tbx_N0Z_B_302,0,surfdock,0.75837352,0.34506372,2.1977773,0,0.99118029,2.6949497
1970,41,11298,1614,5ci9_549_A_402,0,surfdock,0.75579487,0.34389042,2.1977773,0,0.91531654,2.3774403
1971,41,6398,914,3se2_3AB_C_4,0,surfdock,0.75303287,0.34263369,2.1977773,0,0.9965687,2.4909066
1972,41,9240,1320,4lol_1YE_A_401,0,surfdock,0.7518512,0.34209603,2.1977773,0,0.99795073,3.5440466
1973,41,4095,585,2dm5_ODI_A_312,0,surfdock,0.74394037,0.33849656,2.1977773,0,0,2.9760139
1974,41,5474,782,2v32_BEZ_D_1221,0,surfdock,0.73775767,0.3356834,2.1977773,0,0.9705932,2.3934584
1975,41,8652,1236,4i4v_NGA_A_201,0,surfdock,0.73354705,0.33376755,2.1977773,0,0,2.8976884
1976,41,1085,155,1ho5_ADN_A_1604,0,surfdock,0.7321595,0.3331362,2.1977773,0,0.98369689,3.3804761
1977,41,8540,1220,4hgg_SYN_B_502,0,surfdock,0.73002467,0.33216485,2.1977773,0,0.99201502,2.25449
1978,41,2737,391,1sz6_NAG_B_5001,0,surfdock,0.72737643,0.33095989,2.1977773,0,7.7799723e-05,2.6207427
1979,41,8659,1237,4i4v_NGA_A_202,0,surfdock,0.72213806,0.3285764,2.1977773,0,0.96863382,2.6645247
1980,41,15134,2162,6e40_BBJ_B_502,0,surfdock,0.712016,0.32397081,2.1977773,0,0,3.8960328
1981,41,12474,1782,5icf_SAU_A_402,0,surfdock,0.70526398,0.32089861,2.1977773,0,0,3.7455659
1982,41,3122,446,1vkf_CIT_D_503,0,surfdock,0.70332921,0.32001828,2.1977773,0,0.7903452,2.6891382
1983,41,12979,1854,5l1u_7PF_A_401,1,unimol,0.76974166,0.3179254,2.4211383,0,0,19.6
1984,41,1079,154,1hkn_N2M_D_5139,1,unimol,0.90004103,0.31333352,2.8724687,0,0.25884882,22.77
1985,41,323,46,1diw_GAL_A_1400,1,unimol,0.68584608,0.31206337,2.1977773,0,0.97379023,17.63
1986,41,4656,665,2ij7_TPF_D_2473,1,unimol,0.68584608,0.31206337,2.1977773,0,0.73624655,27.09
1987,41,6434,919,3t2e_F6R_A_3469,1,unimol,0.68584608,0.31206337,2.1977773,0,0.89464447,26.13
1988,41,8268,1181,4ejh_0QA_D_502,1,unimol,0.68584608,0.31206337,2.1977773,0,0.68886984,27.46
1989,41,8898,1271,4j0k_EGR_A_501,1,unimol,0.68584608,0.31206337,2.1977773,0,0.7287984,19.19
1990,41,8905,1272,4j0k_EGR_B_501,1,unimol,0.68584608,0.31206337,2.1977773,0,0.77542336,16.87
1991,41,9220,1317,4lm7_U5P_A_201,1,unimol,0.68584608,0.31206337,2.1977773,0,0.86152891,18.8
1992,41,9507,1358,4nkw_PLO_A_601,1,unimol,0.68584608,0.31206337,2.1977773,0,0.99535151,28.56
1993,41,10697,1528,4zdz_TPF_A_602,1,unimol,0.68584608,0.31206337,2.1977773,0,0.99033853,18.71
1994,41,10984,1569,5abz_Z47_A_201,1,unimol,0.68584608,0.31206337,2.1977773,0,0,19.9
1995,41,10991,1570,5abz_Z47_B_201,1,unimol,0.68584608,0.31206337,2.1977773,0,0,19.11
1996,41,16710,2387,6q4b_HHN_A_301,1,unimol,0.68584608,0.31206337,2.1977773,0,0.98043184,12.95
1997,41,16885,2412,6r6i_H50_A_201,1,unimol,0.68584608,0.31206337,2.1977773,0,0.78044657,17.59
1998,41,17473,2496,6vv1_RMJ_A_501,1,unimol,0.68584608,0.31206337,2.1977773,0,0.97525195,21.15
1999,41,9514,1359,4nkw_PLO_D_601,1,unimol,0.68450104,0.31145137,2.1977773,0,0.99394282,27.44
2000,41,13483,1926,5t63_ALA_C_1,1,unimol,0.68584608,0.30984361,2.2135224,0,0,19.25
2001,41,15127,2161,6e40_BBJ_A_502,0,surfdock,0.67968389,0.30925954,2.1977773,0,0.96757395,4.0744624
2002,41,3108,444,1vkf_CIT_A_501,0,surfdock,0.67842876,0.30868845,2.1977773,0,0,2.8560114
2003,41,5593,799,2w0b_CMW_A_1450,0,surfdock,0.67792643,0.30845989,2.1977773,0,5.77721e-06,5.762002
2004,41,12986,1855,5l1v_7PF_A_401,1,unimol,0.76974166,0.3039699,2.5322948,0,0,22.28
2005,41,6139,877,2zvq_1NP_X_501,0,surfdock,0.65701393,0.2989446,2.1977773,0,0.18870299,2.3296509
2006,41,11291,1613,5ci9_549_A_401,0,surfdock,0.65700508,0.29894057,2.1977773,0,0,2.5298094
2007,41,238,34,1cib_IMP_A_440,0,surfdock,0.65700502,0.29894054,2.1977773,0,0,3.874648
2008,41,707,101,1gim_IMP_A_440,0,surfdock,0.65700502,0.29894054,2.1977773,0,0,3.8100446
2009,41,714,102,1giu_ADE_A_300,0,surfdock,0.65700502,0.29894054,2.1977773,0,0.98646955,2.2384406
2010,42,8750,1250,4i7n_1DJ_A_202,0,surfdock,0.76700592,0.34873599,2.1993876,0,0.99716477,2.6359421
2011,42,8757,1251,4i7n_1DJ_B_203,0,surfdock,0.7660741,0.34831232,2.1993876,0,0.99866992,2.6774523
2012,42,6720,960,3vq5_MMJ_A_1007,0,surfdock,0.76298092,0.34690593,2.1993876,0,0.99438716,2.9761187
2013,42,9534,1362,4nr9_ALY_A_2005,0,surfdock,0.75919301,0.34518368,2.1993876,0,0.87533355,2.7469335
2014,42,10619,1517,4z6p_DHY_C_403,0,surfdock,0.75780239,0.3445514,2.1993876,0,0.98436267,2.8051257
2015,42,7189,1027,4a3u_NCA_A_1359,0,surfdock,0.75590974,0.34369087,2.1993876,0,0.99429191,2.2897425
2016,42,10360,1480,4x36_CHT_A_408,0,surfdock,0.75232673,0.34206177,2.1993876,0,0.99463491,2.1051645
2017,42,10367,1481,4x36_CHT_A_409,0,surfdock,0.75010645,0.34105228,2.1993876,0,0.99646917,2.0876424
2018,42,10374,1482,4x36_CHT_A_410,0,surfdock,0.73411988,0.33378363,2.1993876,0,0.95947472,2.1412371
2019,42,10381,1483,4x36_CHT_A_411,0,surfdock,0.71880231,0.32681916,2.1993876,0,0.87202325,2.0835108
2020,42,10388,1484,4x36_CHT_A_412,0,surfdock,0.70806962,0.32193931,2.1993876,0,0,2.1112943
2021,42,9521,1360,4npm_SIN_A_301,1,unimol,0.68679067,0.31226437,2.1993876,0,0.40064671,15.96
2022,42,9528,1361,4npm_SIN_B_301,1,unimol,0.68679067,0.31226437,2.1993876,0,0.68122719,15.84
2023,42,10410,1487,4xh4_PPI_A_504,1,unimol,0.68679067,0.30740388,2.234163,0,0.98414873,22.29
2024,42,4235,605,2exs_TRP_B_2100,0,surfdock,0.65642705,0.29845889,2.1993876,0,0,2.9568051
2025,42,6545,935,3v1m_HPK_A_288,0,surfdock,0.60000592,0.27280579,2.1993876,0,0,3.2950987
2026,42,6734,962,3vqe_FMQ_A_1006,0,surfdock,0.60000063,0.27280339,2.1993876,0,0.98665076,2.7816948
2027,42,6741,963,3vqe_FMQ_B_306,0,surfdock,0.5947044,0.27039534,2.1993876,0,0.9924809,2.8516755
2028,42,9681,1383,4pbr_2L7_A_401,0,surfdock,0.76249951,0.26473049,2.880285,0,0.99532386,3.7151166
2029,42,10318,1474,4ws2_6UA_A_303,0,surfdock,0.56405319,0.2564591,2.1993876,0,0.11268026,2.2646028
2030,42,8449,1207,4gps_CIT_A_501,0,surfdock,0.60580619,0.25634871,2.3632104,0,0,2.7627419
2031,42,609,87,1g4s_TPS_A_2001,0,surfdock,0.55545534,0.2525499,2.1993876,0,0.98867079,4.0188
2032,42,616,88,1g4s_TPS_B_2002,0,surfdock,0.55545534,0.2525499,2.1993876,0,0,3.9905137
2033,42,1414,202,1jw0_GUA_B_999,0,surfdock,0.55545534,0.2525499,2.1993876,0,0,2.5519531
2034,42,1470,210,1k5s_GRO_B_601,0,surfdock,0.55545534,0.2525499,2.1993876,0,0,2.6523296
2035,42,1491,213,1kar_HSM_A_502,0,surfdock,0.55545534,0.2525499,2.1993876,0,0.0014684532,4.3518207
2036,42,1519,217,1kdo_C_A_5407,0,surfdock,0.55545534,0.2525499,2.1993876,0,0.96351685,3.7210304
2037,42,3206,458,1w78_PD8_A_1421,0,surfdock,0.55545534,0.2525499,2.1993876,0,0,5.7886982
2038,42,3255,465,1x09_IPE_A_902,0,surfdock,0.55545534,0.2525499,2.1993876,0,0.90629933,2.9396694
2039,42,3787,541,2b04_CHO_A_200,0,surfdock,0.55545534,0.2525499,2.1993876,0,0,4.7680131
2040,42,4298,614,2fcu_AKG_B_898,0,surfdock,0.55545534,0.2525499,2.1993876,0,0.9951317,2.7441418
2041,42,5096,728,2qb3_PMP_A_700,0,surfdock,0.55545534,0.2525499,2.1993876,0,0,3.1583242
2042,42,5502,786,2vag_V25_A_1482,0,surfdock,0.55545534,0.2525499,2.1993876,0,0.99211943,3.9469582
2043,42,5670,810,2wj4_HQD_A_1281,0,surfdock,0.55545534,0.2525499,2.1993876,0,0,2.157455
2044,42,5950,850,2z20_PLP_B_801,0,surfdock,0.55545534,0.2525499,2.1993876,0,0,3.1607974
2045,42,5964,852,2z48_A2G_A_1001,0,surfdock,0.55545534,0.2525499,2.1993876,0,0,2.6642257
2046,42,5971,853,2z48_A2G_A_1005,0,surfdock,0.55545534,0.2525499,2.1993876,0,0.98852892,2.7728808
2047,42,5978,854,2z48_A2G_B_2001,0,surfdock,0.55545534,0.2525499,2.1993876,0,0,2.7870599
2048,42,5992,856,2z48_NGA_A_1002,0,surfdock,0.55545534,0.2525499,2.1993876,0,0,2.6916391
2049,42,5999,857,2z48_NGA_A_1006,0,surfdock,0.55545534,0.2525499,2.1993876,0,0,2.9372633
2050,42,6006,858,2z48_NGA_B_2003,0,surfdock,0.55545534,0.2525499,2.1993876,0,0.98433886,2.7226763
2051,42,6013,859,2z48_NGA_B_2004,0,surfdock,0.55545534,0.2525499,2.1993876,0,0,2.6591698
2052,42,6265,895,3qt8_FM0_B_328,0,surfdock,0.55545534,0.2525499,2.1993876,0,0,3.6703055
2053,42,6293,899,3qxx_8AC_A_221,0,surfdock,0.55545534,0.2525499,2.1993876,0,0.9584796,2.5159338
2054,42,6328,904,3ro7_TDR_A_300,0,surfdock,0.55545534,0.2525499,2.1993876,0,0,2.2216026
2055,42,6461,923,3te7_TE7_B_1,0,surfdock,0.55545534,0.2525499,2.1993876,0,0,3.6430426
2056,42,6496,928,3u3o_3QV_A_296,0,surfdock,0.55545534,0.2525499,2.1993876,0,0,2.7611647
2057,42,6776,968,3w7f_FPS_A_301,0,surfdock,0.55545534,0.2525499,2.1993876,0,0,4.0122563
2058,42,6783,969,3w7f_FPS_B_301,0,surfdock,0.55545534,0.2525499,2.1993876,0,0,4.1114917
2059,42,6860,980,3wjz_NUP_A_301,0,surfdock,0.55545534,0.2525499,2.1993876,0,0,3.6776969
2060,43,6419,917,3sj1_DXC_X_75,0,surfdock,0.7546218,0.34416816,2.1925952,0,0.9831885,3.9414918
2061,43,7833,1119,4cno_9PY_D_301,0,surfdock,0.74904454,0.34162448,2.1925952,0,0.99007119,2.9303323
2062,43,7819,1117,4cno_9PY_B_301,0,surfdock,0.73042272,0.33313144,2.1925952,0,0,2.8305119
2063,43,7826,1118,4cno_9PY_C_301,0,surfdock,0.7173388,0.32716412,2.1925952,0,0,2.7404877
2064,43,6559,937,3v1v_GST_A_511,0,surfdock,0.69404408,0.31653986,2.1925952,0,0.89846807,3.770861
2065,43,5908,844,2ye5_2A7_A_1224,0,surfdock,0.68258045,0.31131152,2.1925952,0,0.99016123,2.422752
2066,43,7679,1097,4cld_JUO_A_1270,0,surfdock,0.64937992,0.29616941,2.1925952,0,0.99589984,3.2011092
2067,43,7686,1098,4cld_JUO_C_1270,0,surfdock,0.64937992,0.29616941,2.1925952,0,0,3.221171
2068,43,7693,1099,4cld_JUO_D_1270,0,surfdock,0.64937992,0.29616941,2.1925952,0,0,3.1914864
2069,43,12741,1820,5j6y_GLC_A_309,1,unimol,0.68585133,0.29557902,2.3203645,0,0,15.74
2070,43,11186,1598,5c4i_TPP_C_402,0,surfdock,0.73872878,0.29307965,2.5205724,0,0.10518923,4.8035628
2071,43,5614,802,2w5t_GP9_A_1644,0,surfdock,0.6356827,0.28992238,2.1925952,0,0,2.6654587
2072,43,2661,380,1s6h_4BZ_A_1,1,unimol,0.90005961,0.27503545,3.2725213,0,0.97821881,18.9
2073,43,16709,2387,6q4b_HHN_A_301,0,surfdock,0.75290303,0.27147923,2.7733347,0,0.99333107,2.1057988
2074,43,8302,1186,4ekr_0R0_A_203,0,surfdock,0.72594314,0.27079966,2.6807377,0,0.0064548937,1.9321276
2075,43,9660,1380,4p8c_2J3_A_504,0,surfdock,0.64937992,0.26173034,2.481102,0,0.68942883,2.8718905
2076,43,9849,1407,4r08_URI_A_901,0,surfdock,0.64937992,0.25755677,2.521307,0,0,3.1465002
2077,43,4207,601,2euq_BVC_A_401,0,surfdock,0.55968763,0.25526252,2.1925952,0,0.73427898,3.275539
2078,43,11880,1697,5fkl_TDC_A_222,1,unimol,0.68585133,0.25430779,2.696933,0,0.93251321,16.52
2079,43,350,50,1dpm_EBP_A_901,0,surfdock,0.75123747,0.25237454,2.976676,0,0.00036292408,2.8164722
2080,43,3949,564,2c3d_COM_A_1526,1,unimol,0.68585133,0.25131651,2.7290332,0,0.97824818,16.48
2081,43,3956,565,2c3d_COM_B_1525,1,unimol,0.68585133,0.25079324,2.7347271,0,0.94499902,20.42
2082,43,98,14,1amq_PMP_A_413,0,surfdock,0.54924978,0.25050202,2.1925952,0,0,3.1383996
2083,43,1281,183,1j0y_BGC_C_3601,0,surfdock,0.54924978,0.25050202,2.1925952,0,0.99731894,2.7467204
2084,43,3164,452,1w3t_3GR_A_1297,0,surfdock,0.54924978,0.25050202,2.1925952,0,0.97712517,2.2353143
2085,43,3374,482,1xuf_BAZ_A_246,0,surfdock,0.54924978,0.25050202,2.1925952,0,0,3.7759486
2086,43,3941,563,2c3d_COM_A_1525,0,surfdock,0.54924978,0.25050202,2.1925952,0,0.99153815,2.3981563
2087,43,3948,564,2c3d_COM_A_1526,0,surfdock,0.54924978,0.25050202,2.1925952,0,0.97782818,2.4483888
2088,43,3955,565,2c3d_COM_B_1525,0,surfdock,0.54924978,0.25050202,2.1925952,0,0.97631434,2.3856056
2089,43,3962,566,2c3d_COM_B_1526,0,surfdock,0.54924978,0.25050202,2.1925952,0,0.98382622,2.2666719
2090,43,4760,680,2ji6_TPW_B_1566,0,surfdock,0.54924978,0.25050202,2.1925952,0,0,4.8316653
2091,43,5222,746,2qhv_OC9_A_1001,0,surfdock,0.54924978,0.25050202,2.1925952,0,0.9896149,2.8676035
2092,43,5369,767,2r5e_QLP_A_430,0,surfdock,0.54924978,0.25050202,2.1925952,0,0,4.5880256
2093,43,5383,769,2rbu_273_X_4001,0,surfdock,0.54924978,0.25050202,2.1925952,0,0.9926902,2.2973614
2094,43,5432,776,2tio_BEN_A_247,0,surfdock,0.54924978,0.25050202,2.1925952,0,0,2.4438479
2095,43,5551,793,2vp5_DCZ_A_1210,0,surfdock,0.54924978,0.25050202,2.1925952,0,0.99219234,3.2652953
2096,43,5558,794,2vp5_DCZ_B_1210,0,surfdock,0.54924978,0.25050202,2.1925952,0,0.98266904,3.2209315
2097,43,5740,820,2x6o_2TC_A_1209,0,surfdock,0.54924978,0.25050202,2.1925952,0,0,4.4002253
2098,43,5894,842,2y4j_LAC_B_400,0,surfdock,0.54924978,0.25050202,2.1925952,0,0.9640357,2.190249
2099,43,5929,847,2ynf_WHU_A_1563,0,surfdock,0.54924978,0.25050202,2.1925952,0,0,4.4764038
2100,43,6223,889,3qhd_CTN_B_165,0,surfdock,0.54924978,0.25050202,2.1925952,0,0.97247348,3.1484207
2101,43,6237,891,3qk1_BEN_A_1010,0,surfdock,0.54924978,0.25050202,2.1925952,0,0.99840518,2.3687816
2102,43,6377,911,3ryd_SRT_A_267,0,surfdock,0.54924978,0.25050202,2.1925952,0,0.977592,2.3872554
2103,43,6391,913,3ryd_SRT_C_268,0,surfdock,0.54924978,0.25050202,2.1925952,0,0.54297982,2.1861244
2104,43,6426,918,3sru_Q26_X_169,0,surfdock,0.54924978,0.25050202,2.1925952,0,0,4.4777316
2105,43,6930,990,3wsg_CIT_D_302,0,surfdock,0.54924978,0.25050202,2.1925952,0,0,2.7524942
2106,43,6937,991,3wsg_CIT_E_302,0,surfdock,0.54924978,0.25050202,2.1925952,0,0,2.6076283
2107,43,7007,1001,3wwc_BUA_A_403,0,surfdock,0.54924978,0.25050202,2.1925952,0,0.97680429,2.1917833
2108,43,7091,1013,3zks_WZV_A_1398,0,surfdock,0.54924978,0.25050202,2.1925952,0,0,4.6789556
2109,43,7378,1054,4b1f_DGL_B_1256,0,surfdock,0.54924978,0.25050202,2.1925952,0,0.0023638514,2.6219227
2110,44,2429,347,1q22_AND_A_401,0,surfdock,0.75973474,0.34662411,2.1918106,0,0.97766242,3.3329799
2111,44,2422,346,1q20_PLO_A_401,0,surfdock,0.75861536,0.3461134,2.1918106,0,4.5957738e-07,3.7948015
2112,44,17500,2500,6wdw_TWV_A_701,0,surfdock,0.7052515,0.32176649,2.1918106,0,0,3.930541
2113,44,11726,1675,5ewc_5SJ_A_801,1,unimol,0.68613949,0.31304675,2.1918106,0,0,15.9
2114,44,7568,1081,4c2p_X8Z_A_709,1,unimol,0.90019414,0.31176391,2.8874216,0,0.94641592,18.12
2115,44,17493,2499,6wdv_TWM_A_701,0,surfdock,0.67389186,0.30745885,2.1918106,0,0.9648928,3.7267135
2116,44,217,31,1cdk_MYR_B_403,0,surfdock,0.68191502,0.29833622,2.2857256,0,0.9745238,2.3054236
2117,44,518,74,1fds_EST_A_350,0,surfdock,0.64758069,0.29545454,2.1918106,0,0.99721255,3.3758382
2118,44,1561,223,1klz_U_A_2001,0,surfdock,0.64692945,0.29515742,2.1918106,0,0.96733147,2.4806588
2119,44,1925,275,1moo_4MZ_A_264,0,surfdock,0.64692945,0.29515742,2.1918106,0,0.055030513,1.8718611
2120,44,1932,276,1moo_4MZ_A_265,0,surfdock,0.64692945,0.29515742,2.1918106,0,0.99139843,1.8446556
2121,44,8512,1216,4hey_4MZ_A_303,0,surfdock,0.64692945,0.29515742,2.1918106,0,0.8082825,2.1426542
2122,44,8519,1217,4hey_4MZ_A_307,0,surfdock,0.64692945,0.29515742,2.1918106,0,0.071537657,1.8959037
2123,44,14567,2081,5z54_0HZ_B_303,0,surfdock,0.64692945,0.29515742,2.1918106,0,0,3.407223
2124,44,13454,1922,5r28_RDJ_A_401,0,surfdock,0.74872183,0.29503724,2.5377188,0,0.9852464,3.0764899
2125,44,6944,992,3wug_XYP_B_1,0,surfdock,0.64532596,0.29442584,2.1918106,0,0.98385515,2.1605216
2126,44,6433,919,3t2e_F6R_A_3469,0,surfdock,0.69207704,0.29370932,2.3563323,0,0,3.0554683
2127,44,70,10,1aiq_UMP_A_265,0,surfdock,0.63302393,0.28881312,2.1918106,0,0.97899523,3.5748086
2128,44,210,30,1cdk_MYR_A_403,0,surfdock,0.64692945,0.28257373,2.2894173,0,0.97867701,2.2744141
2129,44,5734,819,2x0u_X0U_B_1291,1,unimol,0.76310555,0.27992342,2.7261217,0,0.99578285,18.04
2130,44,378,54,1dy3_87Y_A_201,0,surfdock,0.7501472,0.27184147,2.7595015,0,0,3.7817185
2131,44,15169,2167,6e8i_PTR_A_201,0,surfdock,0.64692945,0.27056012,2.3910737,0,0.97849353,2.9815224
2132,44,1596,228,1kuj_MMA_E_503,0,surfdock,0.73814978,0.26949155,2.7390451,0,0.97973905,2.6474568
2133,44,5271,753,2qui_LTN_A_501,0,surfdock,0.64692945,0.2692217,2.4029608,0,0,3.1416823
2134,44,1603,229,1kuj_MMA_G_504,0,surfdock,0.74186711,0.26742717,2.7740893,0,0,2.7042118
2135,44,1589,227,1kuj_MMA_C_502,0,surfdock,0.73040171,0.26425097,2.7640445,0,0.99014569,2.7220013
2136,44,1582,226,1kuj_MMA_A_501,0,surfdock,0.73039032,0.26376781,2.7690644,0,0.97735509,4.4967705
2137,44,2884,412,1toq_AMG_A_501,0,surfdock,0.73705,0.26113059,2.8225331,0,0.99549451,2.4576737
2138,45,4998,714,2prg_BRL_B_2,0,surfdock,0.71091363,0.32509187,2.1868074,0,0.79932773,4.086803
2139,45,4991,713,2prg_BRL_A_1,0,surfdock,0.69131036,0.31612755,2.1868074,0,0.94496135,4.1129869
2140,45,3654,522,1zng_HE4_A_202,0,surfdock,0.7472492,0.30285912,2.4673152,0,0.98427394,2.73754
2141,45,2730,390,1sz6_NAG_A_5003,0,surfdock,0.64927409,0.29690489,2.1868074,0,0,2.2485242
2142,45,2744,392,1sz6_NAG_B_5004,0,surfdock,0.64927409,0.29690489,2.1868074,0,6.220312e-05,2.4406199
2143,45,5530,790,2vlf_PLI_A_1457,0,surfdock,0.64927409,0.29690489,2.1868074,0,0.88468094,4.0419328
2144,45,365,52,1duc_DUD_A_201,1,unimol,0.69186932,0.28538792,2.4243109,0,0,25.95
2145,45,7553,1079,4bz6_SHH_B_700,0,surfdock,0.73567192,0.27781227,2.6480892,0,0.97872213,3.3909103
2146,45,7560,1080,4bz6_SHH_C_700,0,surfdock,0.73226911,0.27652726,2.6480892,0,0.93851565,3.245294
2147,45,7546,1078,4bz6_SHH_A_700,0,surfdock,0.72740106,0.27440393,2.6508396,0,0.95973613,3.2416638
2148,45,10256,1465,4wbd_CIT_A_602,1,unimol,0.68560372,0.26574204,2.5799587,0,0.97166556,17.38
2149,45,1358,194,1jf0_CZH_A_197,0,surfdock,0.76408808,0.26303842,2.9048526,0,2.1247351e-08,5.4650252
2150,45,4956,708,2ot7_OGA_B_500,0,surfdock,0.67400172,0.26086237,2.5837436,0,0,2.6939666
2151,45,16002,2286,6l86_LMR_A_302,0,surfdock,0.64928188,0.26012942,2.4959946,0,0,2.4749227
2152,45,16016,2288,6l86_LMR_D_302,0,surfdock,0.64927782,0.25539094,2.542289,0,0.95079546,2.5796829
2153,45,7483,1069,4buf_F36_A_2162,0,surfdock,0.64927409,0.25480805,2.54809,0,0.97707337,3.5109731
2154,45,7490,1070,4buf_F36_B_2162,0,surfdock,0.64927409,0.25480805,2.54809,0,0.97541797,3.5315585
2155,45,2051,293,1nmz_NYM_A_301,0,surfdock,0.54902885,0.251064,2.1868074,0,0.97243404,3.718592
2156,45,3668,524,1zpd_CIT_B_610,0,surfdock,0.54902885,0.251064,2.1868074,0,0,2.6532782
2157,45,3675,525,1zpd_CIT_F_610,0,surfdock,0.54902885,0.251064,2.1868074,0,0.89851557,2.7713554
2158,45,4291,613,2fc0_DGP_A_239,0,surfdock,0.54902885,0.251064,2.1868074,0,0.0015877382,3.1155697
2159,45,4438,634,2g5v_22M_A_301,0,surfdock,0.54902885,0.251064,2.1868074,0,0,3.1986023
2160,45,5537,791,2vmg_MBG_A_1179,0,surfdock,0.54902885,0.251064,2.1868074,0,0.98019659,2.4895842
2161,45,5565,795,2vss_V55_D_1250,0,surfdock,0.54902885,0.251064,2.1868074,0,0.002850117,2.6354159
2162,45,5572,796,2vsu_V55_D_1251,0,surfdock,0.54902885,0.251064,2.1868074,0,0.0038107567,2.7008038
2163,45,6027,861,2z7s_P01_A_1,0,surfdock,0.54902885,0.251064,2.1868074,0,0.73019444,4.2077217
2164,45,6244,892,3qss_MTG_A_405,0,surfdock,0.54902885,0.251064,2.1868074,0,0.81927462,2.2464463
2165,45,6251,893,3qss_MTG_B_405,0,surfdock,0.54902885,0.251064,2.1868074,0,0,2.3504004
2166,45,6440,920,3t3q_9PL_A_501,0,surfdock,0.54902885,0.251064,2.1868074,0,0.76479508,3.0337195
2167,45,6447,921,3t3q_9PL_B_501,0,surfdock,0.54902885,0.251064,2.1868074,0,0.00011128351,3.1155567
2168,45,6454,922,3t3q_9PL_C_501,0,surfdock,0.54902885,0.251064,2.1868074,0,0.9875571,5.1836784
2169,45,6636,948,3vcp_PRO_A_502,0,surfdock,0.54902885,0.251064,2.1868074,0,0,2.3970999
2170,45,7000,1000,3wwc_BUA_A_402,0,surfdock,0.54902885,0.251064,2.1868074,0,0,2.1412961
2171,45,7441,1063,4bbx_LKF_B_1760,0,surfdock,0.54902885,0.251064,2.1868074,0,0.89580478,4.0970645
2172,45,7756,1108,4clr_FDB_A_1270,0,surfdock,0.54902885,0.251064,2.1868074,0,0.14254979,2.344172
2173,45,7763,1109,4clr_FDB_B_1270,0,surfdock,0.54902885,0.251064,2.1868074,0,0.1399195,2.3736951
2174,45,7770,1110,4clr_FDB_C_1270,0,surfdock,0.54902885,0.251064,2.1868074,0,0.15304424,2.3316405
2175,45,7777,1111,4clr_FDB_D_1270,0,surfdock,0.54902885,0.251064,2.1868074,0,0.99889934,2.2792768
2176,45,7805,1115,4cmk_FQW_B_1270,0,surfdock,0.54902885,0.251064,2.1868074,0,0,4.0624783
2177,45,7812,1116,4cmk_FQW_D_1270,0,surfdock,0.54902885,0.251064,2.1868074,0,0.99061305,3.7015613
2178,45,8064,1152,4do1_ANN_A_502,0,surfdock,0.54902885,0.251064,2.1868074,0,0.99576008,2.5992281
2179,45,8071,1153,4do1_ANN_B_502,0,surfdock,0.54902885,0.251064,2.1868074,0,0.99638973,2.6886339
2180,45,8078,1154,4do1_ANN_D_502,0,surfdock,0.54902885,0.251064,2.1868074,0,0.99500566,2.5249288
2181,45,8085,1155,4dt8_ADN_A_401,0,surfdock,0.54902885,0.251064,2.1868074,0,0,3.1961926
2182,45,8092,1156,4dt8_ADN_B_401,0,surfdock,0.54902885,0.251064,2.1868074,0,0.9783334,3.3349645
2183,45,8547,1221,4hon_AKG_A_401,0,surfdock,0.54902885,0.251064,2.1868074,0,0.99662671,2.7235457
2184,45,8918,1274,4j5h_1K4_A_303,0,surfdock,0.54902885,0.251064,2.1868074,0,0,3.7697567
2185,45,9072,1296,4k90_MLA_A_704,0,surfdock,0.54902885,0.251064,2.1868074,0,0.98196275,2.1965212
2186,45,9247,1321,4lvb_20N_A_601,0,surfdock,0.54902885,0.251064,2.1868074,0,0.99175998,3.2958316
2187,45,9254,1322,4lvb_20N_B_601,0,surfdock,0.54902885,0.251064,2.1868074,0,0.99380289,2.351584
2188,46,1961,280,1n1i_HIS_C_501,1,unimol,0.82310723,0.37576234,2.1904986,0,0,17.5
2189,46,9765,1395,4q3a_2YC_B_904,0,surfdock,0.76252607,0.34810602,2.1904986,0,0,3.3306655
2190,46,11760,1680,5ezp_IPJ_G_202,0,surfdock,0.76147081,0.34762427,2.1904986,0,0.99217538,3.1444464
2191,46,11732,1676,5ezp_IPJ_A_201,0,surfdock,0.76090121,0.34736424,2.1904986,0,0.98673532,3.23014
2192,46,10409,1487,4xh4_PPI_A_504,0,surfdock,0.76061291,0.34723263,2.1904986,0,0.99779281,1.9700955
2193,46,7630,1090,4cjs_L0Y_A_1217,0,surfdock,0.75991717,0.34691501,2.1904986,0,0,4.4605303
2194,46,9758,1394,4q3a_2YC_A_904,0,surfdock,0.75931734,0.34664118,2.1904986,0,0.86737563,3.3779044
2195,46,3424,489,1y5x_E89_A_500,1,unimol,0.75863014,0.34632746,2.1904986,0,0,20.41
2196,46,8492,1213,4h9g_14J_A_512,1,unimol,0.7581601,0.34611288,2.1904986,0,0.97718225,17.86
2197,46,10976,1568,5a8k_TP7_D_554,0,surfdock,0.75375566,0.34410218,2.1904986,0,0,4.0888127
2198,46,17017,2431,6s39_K5Z_A_301,0,surfdock,0.75331323,0.3439002,2.1904986,0,1.0010585e-05,2.9312891
2199,46,4312,616,2fhk_MFN_C_601,0,surfdock,0.75307251,0.34379031,2.1904986,0,0.80400458,5.2324632
2200,46,7637,1091,4cjs_L0Y_B_1217,0,surfdock,0.74836365,0.34164063,2.1904986,0,0.98314179,4.4628124
2201,46,10255,1465,4wbd_CIT_A_602,0,surfdock,0.7518082,0.34136708,2.2023444,0,0.89966864,2.7331183
2202,46,6308,901,3r3z_GOA_C_305,1,unimol,0.90002636,0.32081431,2.8054423,0,0.96495594,24.58
2203,46,6301,900,3r3z_GOA_A_305,1,unimol,0.90002629,0.32081429,2.8054423,0,0.970365,19.05
2204,46,9597,1371,4ovl_1TD_A_308,0,surfdock,0.73180359,0.31869219,2.2962699,0,0.99390769,3.2184385
2205,46,6315,902,3r3z_GOA_D_305,1,unimol,0.90002627,0.31816744,2.8287809,0,0.95215468,18.05
2206,46,3417,488,1y5v_NE8_A_500,1,unimol,0.75863014,0.31475881,2.4101942,0,0,25.35
2207,46,3431,490,1y5x_E89_D_1500,1,unimol,0.6845779,0.31252136,2.1904986,0,0,21.2
2208,46,14085,2012,5w3k_9TY_A_401,1,unimol,0.6845779,0.31252136,2.1904986,0,0.9492589,20.15
2209,46,14092,2013,5w3k_9TY_B_401,1,unimol,0.6845779,0.31252136,2.1904986,0,0.95938069,19.46
2210,46,16717,2388,6q4k_HHW_A_301,1,unimol,0.6845779,0.31252136,2.1904986,0,0.9802355,19.6
2211,46,16724,2389,6q4k_HHW_A_302,1,unimol,0.6845779,0.31252136,2.1904986,0,0.97261115,17.04
2212,46,17571,2510,6xu3_GAB_B_402,1,unimol,0.6845779,0.31252136,2.1904986,0,0.99025138,26.88
2213,46,17578,2511,6xu3_PLG_B_401,1,unimol,0.6845779,0.31252136,2.1904986,0,0.97019812,20.94
2214,46,17585,2512,6xu3_PLG_C_401,1,unimol,0.6845779,0.31252136,2.1904986,0,0.93084,19.64
2215,46,3794,542,2b3f_GAL_A_3310,0,surfdock,0.76444253,0.30866629,2.4765978,0,0,2.761161
2216,46,3801,543,2b3f_GAL_C_3312,0,surfdock,0.76415053,0.30112571,2.5376453,0,0,2.6916327
2217,46,3808,544,2b3f_GAL_D_3313,0,surfdock,0.76356098,0.30089338,2.5376453,0,0,2.6855147
2218,46,7008,1001,3wwc_BUA_A_403,1,unimol,0.89986703,0.30086075,2.9909742,0,0.98285024,14.45
2219,46,3822,546,2b3f_GAL_F_3315,0,surfdock,0.76310444,0.30071348,2.5376453,0,0.94250889,2.8313109
2220,46,5636,805,2wdq_TEO_A_1589,1,unimol,0.90002591,0.2997227,3.002861,0,0.6876402,25.86
2221,46,14098,2014,5w5t_9X7_A_506,0,surfdock,0.65268539,0.29796189,2.1904986,0,0,2.4171913
2222,46,11753,1679,5ezp_IPJ_F_201,0,surfdock,0.64979499,0.29664238,2.1904986,0,0.99677704,3.0068165
2223,46,1722,246,1lqp_FCN_A_4004,0,surfdock,0.64979499,0.29664238,2.1904986,0,0,2.0970711
2224,46,8911,1273,4j4b_0TF_A_904,0,surfdock,0.64979499,0.29664238,2.1904986,0,0.97641548,3.5830967
2225,46,9485,1355,4nir_6DH_A_307,0,surfdock,0.64979499,0.29664238,2.1904986,0,0.99514521,2.7072676
2226,46,9492,1356,4nir_6DH_A_308,0,surfdock,0.64979499,0.29664238,2.1904986,0,0,2.6221154
2227,46,9499,1357,4nir_6DH_B_306,0,surfdock,0.64979499,0.29664238,2.1904986,0,1.003211e-05,2.758865
2228,46,9772,1396,4q3a_2YC_C_904,0,surfdock,0.64979499,0.29664238,2.1904986,0,0.92837893,3.5834887
2229,46,9779,1397,4q3a_2YC_D_904,0,surfdock,0.64979499,0.29664238,2.1904986,0,0.95388296,3.490207
2230,46,11739,1677,5ezp_IPJ_B_201,0,surfdock,0.64979499,0.29664238,2.1904986,0,0,3.1125996
2231,46,13482,1926,5t63_ALA_C_1,0,surfdock,0.64979499,0.29664238,2.1904986,0,0,3.3936328
2232,46,420,60,1e5f_PLP_A_405,0,surfdock,0.64979499,0.29479655,2.2042141,0,0.4238894,3.2790116
2233,46,427,61,1e5f_PLP_B_405,0,surfdock,0.64979499,0.29479655,2.2042141,0,0.39337695,3.3245858
2234,46,1715,245,1lqp_FCN_A_4002,0,surfdock,0.64979499,0.29103419,2.2327092,0,0.99596532,2.2907317
2235,46,1729,247,1lqp_FCN_B_4001,0,surfdock,0.64979499,0.29103419,2.2327092,0,0,1.620167
2236,46,3276,468,1x7j_GEN_A_201,0,surfdock,0.76779603,0.28826667,2.6634912,0,0.99605635,3.7463858
2237,46,4166,595,2eb5_OXL_D_2004,1,unimol,0.90002627,0.27905812,3.2252278,0,0.95054763,22.87
2238,47,17304,2472,6toj_NQQ_A_201,0,surfdock,0.76547794,0.34959784,2.1895947,0,0.97418721,3.5769026
2239,47,11284,1612,5cga_KP6_H_301,0,surfdock,0.76369991,0.34488249,2.2143762,0,0.99648687,2.7749513
2240,47,322,46,1diw_GAL_A_1400,0,surfdock,0.7546166,0.34463741,2.1895947,0,0,2.5777497
2241,47,11256,1608,5cga_KP6_B_301,0,surfdock,0.76176334,0.34400795,2.2143762,0,0.99601473,2.5454739
2242,47,11263,1609,5cga_KP6_C_301,0,surfdock,0.76056149,0.3434652,2.2143762,0,0.99698746,2.6594242
2243,47,11249,1607,5cga_KP6_A_301,0,surfdock,0.76026708,0.34333224,2.2143762,0,0.99670158,2.6510764
2244,47,11277,1611,5cga_KP6_F_301,0,surfdock,0.75640362,0.33899601,2.2313044,0,0.99586843,2.8008279
2245,47,11270,1610,5cga_KP6_E_301,0,surfdock,0.74912357,0.3382999,2.2143762,0,0.99686063,4.782112
2246,47,7665,1095,4cjw_CBJ_A_1215,0,surfdock,0.73614806,0.33620273,2.1895947,0,0.975414,3.6972605
2247,47,7672,1096,4cjw_CBJ_B_1217,0,surfdock,0.72314486,0.3302641,2.1895947,0,0.99189749,3.7812356
2248,47,9632,1376,4p5y_NGA_A_201,0,surfdock,0.76619841,0.32585567,2.351342,0,0.9865421,2.7555941
2249,47,11879,1697,5fkl_TDC_A_222,0,surfdock,0.72521808,0.31416961,2.3083639,0,0,4.3808355
2250,47,9618,1374,4oxy_1TN_B_302,0,surfdock,0.76450641,0.30070328,2.5423937,0,0.98677158,3.9585772
2251,47,4795,685,2npq_BOG_A_2000,0,surfdock,0.73238515,0.29291903,2.500298,0,0,3.0044944
2252,47,17311,2473,6tol_NQW_A_201,0,surfdock,0.64823078,0.27292453,2.3751273,0,0,4.0589076
2253,47,7644,1092,4cju_JNS_A_1217,0,surfdock,0.71736233,0.27028192,2.6541252,0,0,3.2726874
2254,47,10038,1434,4u7g_K17_A_303,0,surfdock,0.74218779,0.26538373,2.796658,0,0,2.5175371
2255,47,16507,2358,6ofr_BOG_A_802,1,unimol,0.68583569,0.26446608,2.5932832,0,0.97883327,22.32
2256,47,9520,1360,4npm_SIN_A_301,0,surfdock,0.60198584,0.26365324,2.2832475,0,0.99523311,2.5402076
2257,47,16521,2360,6ofr_BOG_A_806,1,unimol,0.68583569,0.26009521,2.636863,0,0,30.84
2258,47,16296,2328,6ng5_KMD_A_803,0,surfdock,0.75979701,0.25972003,2.9254453,0,0.80596235,3.8259386
2259,47,9611,1373,4oxy_1TN_A_302,0,surfdock,0.75543618,0.25371665,2.9774787,0,0.98129797,3.6238136
2260,47,10003,1429,4tq4_DMA_D_403,0,surfdock,0.54964182,0.25102434,2.1895947,0,0.9842704,3.1070621
2261,47,2674,382,1sff_IK2_A_450,0,surfdock,0.54887668,0.2506749,2.1895947,0,0,4.0802264
2262,47,2681,383,1sff_IK2_B_450,0,surfdock,0.54887668,0.2506749,2.1895947,0,0,4.1537638
2263,47,2688,384,1sff_IK2_D_450,0,surfdock,0.54887668,0.2506749,2.1895947,0,0.98612264,4.2180349
2264,47,3171,453,1w3t_3GR_B_1297,0,surfdock,0.54887668,0.2506749,2.1895947,0,0.97220018,2.0490043
2265,47,3178,454,1w3t_3GR_D_1297,0,surfdock,0.54887668,0.2506749,2.1895947,0,0.98036883,2.0333613
2266,47,3353,479,1xkw_188_A_1001,0,surfdock,0.54887668,0.2506749,2.1895947,0,0,3.4281484
2267,47,3500,500,1z4k_T3P_A_4341,0,surfdock,0.54887668,0.2506749,2.1895947,0,0.99006705,3.6414356
2268,47,4039,577,2coj_GBN_A_420,0,surfdock,0.54887668,0.2506749,2.1895947,0,0.99037458,2.6722282
2269,47,4550,650,2hs3_FGR_A_2166,0,surfdock,0.54887668,0.2506749,2.1895947,0,0.92818262,3.9436492
2270,47,4557,651,2ht8_G39_A_800,0,surfdock,0.54887668,0.2506749,2.1895947,0,0.96659385,3.662866
2271,47,4683,669,2ixi_TYD_A_1182,0,surfdock,0.54887668,0.2506749,2.1895947,0,0,3.4345686
2272,47,4690,670,2ixi_TYD_B_1182,0,surfdock,0.54887668,0.2506749,2.1895947,0,0.97950715,3.6727482
2273,47,4788,684,2npq_BOG_A_1000,0,surfdock,0.54887668,0.2506749,2.1895947,0,0,3.7603235
2274,47,5313,759,2qxf_TMP_A_3000,0,surfdock,0.54887668,0.2506749,2.1895947,0,0.97848271,3.2517104
2275,47,5579,797,2vzu_PNJ_A_1901,0,surfdock,0.54887668,0.2506749,2.1895947,0,0,3.4364823
2276,47,5586,798,2vzu_PNJ_B_1904,0,surfdock,0.54887668,0.2506749,2.1895947,0,0.99140071,3.3208998
2277,47,5726,818,2x05_X05_A_1900,0,surfdock,0.54887668,0.2506749,2.1895947,0,0.98629595,2.6149212
2278,47,6510,930,3ucc_2PG_B_601,0,surfdock,0.54887668,0.2506749,2.1895947,0,0,2.8605478
2279,47,6874,982,3wlf_FEH_A_401,0,surfdock,0.54887668,0.2506749,2.1895947,0,0.99626471,2.5177062
2280,47,6881,983,3wlf_FEH_B_401,0,surfdock,0.54887668,0.2506749,2.1895947,0,0.99680978,3.009972
2281,47,6888,984,3wlf_FEH_C_401,0,surfdock,0.54887668,0.2506749,2.1895947,0,0.9948248,2.3959558
2282,47,6895,985,3wlf_FEH_D_401,0,surfdock,0.54887668,0.2506749,2.1895947,0,0.99676535,2.4651729
2283,47,7287,1041,4ajj_88S_A_1332,0,surfdock,0.54887668,0.2506749,2.1895947,0,0.97726652,3.4788457
2284,47,7294,1042,4ajj_88S_B_1332,0,surfdock,0.54887668,0.2506749,2.1895947,0,0.99295854,3.3437698
2285,47,7301,1043,4ajj_88S_C_1334,0,surfdock,0.54887668,0.2506749,2.1895947,0,0.99264221,3.1753445
2286,47,7308,1044,4ajj_88S_D_1332,0,surfdock,0.54887668,0.2506749,2.1895947,0,0.96835044,3.4454768
2287,47,7385,1055,4b1f_KRH_A_1256,0,surfdock,0.54887668,0.2506749,2.1895947,0,0.9184049,4.6217898
2288,48,13524,1932,5tbo_78Z_A_1001,0,surfdock,0.76676626,0.35004174,2.1904986,0,0.97538858,4.3741434
2289,48,10423,1489,4xp2_TT4_A_401,0,surfdock,0.76618142,0.34977475,2.1904986,0,0,2.4336346
2290,48,16716,2388,6q4k_HHW_A_301,0,surfdock,0.7658993,0.34964595,2.1904986,0,0.98913197,3.0744412
2291,48,16723,2389,6q4k_HHW_A_302,0,surfdock,0.76044985,0.34715819,2.1904986,0,0.96633229,2.9677423
2292,48,4971,710,2p1e_LAC_A_303,1,unimol,0.75593497,0.34509707,2.1904986,0,0,13.77
2293,48,14091,2013,5w3k_9TY_B_401,0,surfdock,0.75099348,0.33454776,2.244801,0,0.26141844,2.5562171
2294,48,9359,1337,4mog_G3F_A_802,0,surfdock,0.72968745,0.33311463,2.1904986,0,0.94564143,2.6083894
2295,48,14084,2012,5w3k_9TY_A_401,0,surfdock,0.743759,0.33132499,2.244801,0,0.99604281,4.9498539
2296,48,7057,1008,3zbs_OVE_A_1380,1,unimol,0.68520134,0.31280597,2.1904986,0,0.99336901,16.59
2297,48,14183,2026,5wqp_NCA_A_302,1,unimol,0.68520134,0.31280597,2.1904986,0,0.98082532,14.27
2298,48,9366,1338,4mol_2FG_A_802,0,surfdock,0.76038017,0.30288242,2.5104787,0,0,2.8034945
2299,48,9373,1339,4mol_2FG_B_802,0,surfdock,0.75655292,0.30135791,2.5104787,0,0.0084512268,5.714799
2300,48,10227,1461,4v36_LYN_A_1851,0,surfdock,0.65653321,0.29971849,2.1904986,0,0,2.3904895
2301,48,12740,1820,5j6y_GLC_A_309,0,surfdock,0.65653321,0.29971849,2.1904986,0,0,2.4469272
2302,48,14161,2023,5wgv_PM7_A_713,0,surfdock,0.65541223,0.29920674,2.1904986,0,0,3.1118326
2303,48,9387,1341,4mol_2FG_D_802,0,surfdock,0.74908395,0.2983828,2.5104787,0,0.0070901202,3.717067
2304,48,8093,1156,4dt8_ADN_B_401,1,unimol,0.88708858,0.29756907,2.9811172,0,0.98551584,16.23
2305,48,1183,169,1iri_E4P_D_604,0,surfdock,0.76012845,0.29576975,2.5699997,0,0.99168967,2.8925561
2306,48,1176,168,1iri_E4P_C_603,0,surfdock,0.75202538,0.29261681,2.5699997,0,0.99298605,2.9215186
2307,48,1169,167,1iri_E4P_B_602,0,surfdock,0.75136856,0.29236123,2.5699997,0,0.98966565,2.8570735
2308,48,1162,166,1iri_E4P_A_601,0,surfdock,0.74797661,0.29104141,2.5699997,0,0.99636509,4.7028776
2309,48,6622,946,3vc3_C6P_F_501,0,surfdock,0.75012134,0.27932671,2.6854613,0,0.64304037,4.1961572
2310,48,6181,883,3mk1_NPO_A_913,0,surfdock,0.77324687,0.27844202,2.7770472,0,0.9948701,2.0599082
2311,48,6615,945,3vc3_C6P_C_501,0,surfdock,0.74636344,0.27509846,2.7130766,0,0,4.1588311
2312,48,12299,1757,5hfa_FP1_A_608,0,surfdock,0.77299039,0.27238356,2.8378737,0,0.0055357731,2.569883
2313,48,6608,944,3vc3_C6P_B_501,0,surfdock,0.73607618,0.27130672,2.7130766,0,3.2435431e-05,4.2278885
2314,48,3732,533,2a9z_26A_A_1002,1,unimol,0.88439758,0.26480826,3.3397648,0,0.98943181,15.42
2315,48,9380,1340,4mol_2FG_C_703,0,surfdock,0.65653321,0.26151704,2.5104787,0,0.0074979064,2.7600281
2316,48,8743,1249,4i6y_MEV_B_1001,0,surfdock,0.76300826,0.25944403,2.9409349,0,0.99439308,2.6002915
2317,49,7056,1008,3zbs_OVE_A_1380,0,surfdock,0.77503081,0.35306863,2.195127,0,0,3.4471891
2318,49,17570,2510,6xu3_GAB_B_402,0,surfdock,0.77278346,0.35272837,2.1908731,0,0.0051727137,2.3979378
2319,49,14995,2142,6cdy_EY1_B_501,1,unimol,0.68614134,0.31318155,2.1908731,0,0,24.27
2320,49,1471,210,1k5s_GRO_B_601,1,unimol,0.75508108,0.29744407,2.538564,0,0.96654426,22.38
2321,49,4053,579,2cxp_A5P_A_1601,0,surfdock,0.75675697,0.27964831,2.7061014,0,0.99396606,3.1556128
2322,49,14246,2035,5x6r_7ZR_B_402,1,unimol,0.68614134,0.27177449,2.5246706,0,0.96804219,25.88
2323,49,16199,2314,6mwl_K5G_B_301,1,unimol,0.68614134,0.26334074,2.6055257,0,0.97405846,20.55
2324,49,16192,2313,6mwl_K5G_A_301,1,unimol,0.68614134,0.25865931,2.6526828,0,0.98274612,25.68
2325,49,17801,2543,8icd_ICT_A_418,0,surfdock,0.55400836,0.25287093,2.1908731,0,0.86263823,2.6846625
2326,49,15981,2283,6l68_ALL_A_201,0,surfdock,0.55399459,0.25286464,2.1908731,0,0,2.4466616
2327,49,532,76,1foi_14W_A_810,0,surfdock,0.5537826,0.25276788,2.1908731,0,0,2.585746
2328,49,4739,677,2jav_5Z5_A_1280,0,surfdock,0.5537826,0.25276788,2.1908731,0,0,3.6223369
2329,49,5110,730,2qb4_DSM_A_802,0,surfdock,0.5537826,0.25276788,2.1908731,0,0.97363166,3.1255423
2330,49,5747,821,2xh0_PEP_C_1440,0,surfdock,0.5537826,0.25276788,2.1908731,0,0.98802835,2.6264175
2331,49,6083,869,2ztl_3HL_B_301,0,surfdock,0.5537826,0.25276788,2.1908731,0,0.987304,2.2379403
2332,49,6090,870,2ztl_3HL_C_301,0,surfdock,0.5537826,0.25276788,2.1908731,0,0.99514346,2.1943142
2333,49,6202,886,3qgz_ADN_A_127,0,surfdock,0.5537826,0.25276788,2.1908731,0,0.99129892,3.1236053
2334,49,6216,888,3qhd_CTN_A_165,0,surfdock,0.5537826,0.25276788,2.1908731,0,0.98127813,2.8603165
2335,49,6951,993,3wug_XYP_B_2,0,surfdock,0.5537826,0.25276788,2.1908731,0,0,2.0131156
2336,49,6958,994,3wug_XYP_C_2,0,surfdock,0.5537826,0.25276788,2.1908731,0,0.24022558,2.1871986
2337,49,8890,1270,4ixw_IXW_A_302,0,surfdock,0.5537826,0.25276788,2.1908731,0,0.96004684,2.6128794
2338,49,9457,1351,4n9v_AZA_A_401,0,surfdock,0.5537826,0.25276788,2.1908731,0,0.017437472,2.16655
2339,49,9464,1352,4n9v_AZA_A_403,0,surfdock,0.5537826,0.25276788,2.1908731,0,0,2.1034608
2340,49,9786,1398,4q40_VAL_A_403,0,surfdock,0.5537826,0.25276788,2.1908731,0,0,2.1967763
2341,49,9793,1399,4q40_VAL_C_404,0,surfdock,0.5537826,0.25276788,2.1908731,0,0,2.1403937
2342,49,9800,1400,4q40_VAL_D_403,0,surfdock,0.5537826,0.25276788,2.1908731,0,0.99675676,2.3675743
2343,49,10073,1439,4uc9_ASP_B_1300,0,surfdock,0.5537826,0.25276788,2.1908731,0,0,3.2400434
2344,49,10080,1440,4uc9_ASP_D_1300,0,surfdock,0.5537826,0.25276788,2.1908731,0,0,3.2232385
2345,49,10185,1455,4uy7_HIS_B_800,0,surfdock,0.5537826,0.25276788,2.1908731,0,0,2.4339585
2346,49,10577,1511,4ywd_NTM_A_704,0,surfdock,0.5537826,0.25276788,2.1908731,0,0.044634742,2.6163694
2347,49,10598,1514,4z69_DIF_A_1006,0,surfdock,0.5537826,0.25276788,2.1908731,0,0,3.3421721
2348,49,10605,1515,4z69_DIF_A_1007,0,surfdock,0.5537826,0.25276788,2.1908731,0,0.9943386,3.4811523
2349,49,10612,1516,4z69_DIF_I_1006,0,surfdock,0.5537826,0.25276788,2.1908731,0,0.97985257,3.5106864
2350,49,10934,1562,5a66_3PO_A_1000,0,surfdock,0.5537826,0.25276788,2.1908731,0,0.98577299,2.8122869
2351,49,10941,1563,5a66_3PO_B_1000,0,surfdock,0.5537826,0.25276788,2.1908731,0,0.99077318,2.9398751
2352,49,11193,1599,5c7v_PYC_A_804,0,surfdock,0.5537826,0.25276788,2.1908731,0,0.0094924231,2.3438501
2353,49,11424,1632,5del_ORO_A_602,0,surfdock,0.5537826,0.25276788,2.1908731,0,0,4.5414193
2354,49,11557,1651,5dzh_5KG_A_900,0,surfdock,0.5537826,0.25276788,2.1908731,0,0.98964519,4.2396554
2355,49,11564,1652,5dzh_5KG_B_901,0,surfdock,0.5537826,0.25276788,2.1908731,0,0,4.1346289
2356,49,11578,1654,5e9m_BAE_A_2001,0,surfdock,0.5537826,0.25276788,2.1908731,0,0.99808118,2.1963646
2357,49,11781,1683,5faj_DCS_A_401,0,surfdock,0.5537826,0.25276788,2.1908731,0,0,3.969093
2358,49,11788,1684,5faj_DCS_C_401,0,surfdock,0.5537826,0.25276788,2.1908731,0,0,3.8692547
2359,49,11795,1685,5faj_DCS_D_401,0,surfdock,0.5537826,0.25276788,2.1908731,0,0,3.8993945
2360,49,11844,1692,5fes_9SE_A_409,0,surfdock,0.5537826,0.25276788,2.1908731,0,0.00058938415,2.6339988
2361,49,12208,1744,5h24_LQG_A_501,0,surfdock,0.5537826,0.25276788,2.1908731,0,0.99173182,6.3582158
2362,49,12313,1759,5hgz_MLA_A_302,0,surfdock,0.5537826,0.25276788,2.1908731,0,0.87498562,2.2657783
2363,49,12327,1761,5hpu_IPH_A_101,0,surfdock,0.5537826,0.25276788,2.1908731,0,0.99360749,3.9853029
2364,49,12747,1821,5je1_TOF_A_302,0,surfdock,0.5537826,0.25276788,2.1908731,0,0.0032439393,2.8261425
2365,49,12754,1822,5je1_TOF_B_302,0,surfdock,0.5537826,0.25276788,2.1908731,0,0.0033249225,2.7542158
2366,49,13342,1906,5o72_9MH_A_303,0,surfdock,0.5537826,0.25276788,2.1908731,0,0.96568365,2.8047118
2367,50,14182,2026,5wqp_NCA_A_302,0,surfdock,0.76036537,0.34766964,2.1870332,0,0,2.3715302
2368,50,6846,978,3wgc_PLG_C_401,0,surfdock,0.75893985,0.34701784,2.1870332,0,0.98540505,3.8661146
2369,50,6699,957,3vq4_0NX_A_304,0,surfdock,0.76182556,0.33906498,2.2468414,0,0,2.7978799
2370,50,6713,959,3vq4_0NX_B_303,0,surfdock,0.7584143,0.33861958,2.2397227,0,0.99589108,2.6782514
2371,50,6706,958,3vq4_0NX_A_305,0,surfdock,0.76592938,0.33077646,2.3155489,0,0.99491314,2.6939806
2372,50,6938,991,3wsg_CIT_E_302,1,unimol,0.75275751,0.30582171,2.4614251,0,0.63532418,22.89
2373,50,6931,990,3wsg_CIT_D_302,1,unimol,0.75275751,0.30575054,2.461998,0,0.73575232,24.08
2374,50,17577,2511,6xu3_PLG_B_401,0,surfdock,0.7527529,0.30559591,2.4632287,0,0,3.7595429
2375,50,9317,1331,4m72_M72_A_402,0,surfdock,0.6499089,0.2971645,2.1870332,0,0,2.8299406
2376,50,10759,1537,4zqp_IMP_A_601,0,surfdock,0.6499089,0.2971645,2.1870332,0,0.99112463,3.9814826
2377,50,2912,416,1tt6_DES_A_129,0,surfdock,0.64898948,0.2967441,2.1870332,0,0.33418096,3.0373336
2378,50,17584,2512,6xu3_PLG_C_401,0,surfdock,0.72455988,0.28835971,2.5126936,0,0.98334706,3.8449804
2379,50,8708,1244,4i6s_FUC_B_102,0,surfdock,0.74693212,0.27957794,2.6716409,0,0.97359678,2.3023008
2380,50,6917,988,3wsg_CIT_B_302,1,unimol,0.68636438,0.27832924,2.4660151,0,0.98369108,21.89
2381,50,6924,989,3wsg_CIT_C_302,1,unimol,0.68636438,0.27832924,2.4660151,0,0.4838645,24.97
2382,50,16884,2412,6r6i_H50_A_201,0,surfdock,0.61683004,0.2755308,2.2386963,0,0,2.9150585
2383,50,8701,1243,4i6s_FUC_B_101,0,surfdock,0.73905008,0.27547672,2.6828032,0,0.52744812,2.1105659
2384,50,8715,1245,4i6s_FUC_C_101,0,surfdock,0.75217361,0.2742238,2.7429178,0,0.74154165,2.2329311
2385,50,8687,1241,4i6s_FUC_A_101,0,surfdock,0.73447643,0.27377192,2.6828032,0,0.98624321,2.171519
2386,50,14252,2036,5x86_TMP_A_205,0,surfdock,0.6499089,0.27355619,2.3757775,0,0,3.3302913
2387,50,343,49,1dpm_EBP_A_900,0,surfdock,0.59063573,0.27006242,2.1870332,0,0,3.1996436
2388,50,8694,1242,4i6s_FUC_A_102,0,surfdock,0.71896573,0.26911007,2.6716409,0,0,2.3759845
2389,50,4109,587,2e40_LGC_A_1001,0,surfdock,0.649909,0.25447154,2.5539546,0,0.9583643,2.8841988
2390,50,4116,588,2e40_LGC_B_2001,0,surfdock,0.6499089,0.2544715,2.5539546,0,0,2.7662462
2391,50,4564,652,2htu_BCZ_A_801,0,surfdock,0.55362587,0.25314002,2.1870332,0,0,3.8575939
2392,50,8267,1181,4ejh_0QA_D_502,0,surfdock,0.55123181,0.25204536,2.1870332,0,0,3.2009156
2393,50,6755,965,3w4i_8LG_A_402,0,surfdock,0.54957265,0.25128673,2.1870332,0,0.35536132,4.2170304
2394,50,10780,1540,4zsy_RW2_C_502,0,surfdock,0.54957265,0.25128673,2.1870332,0,0,4.5498309
2395,50,11074,1582,5aov_GLV_A_1336,0,surfdock,0.54954366,0.25127347,2.1870332,0,0,2.0686473
2396,50,84,12,1aj8_CIT_A_1000,0,surfdock,0.54948404,0.25124621,2.1870332,0,0,2.9107914
2397,50,665,95,1g8z_GAL_D_104,0,surfdock,0.54948404,0.25124621,2.1870332,0,0.94144543,2.4078918
2398,50,672,96,1g8z_GAL_G_104,0,surfdock,0.54948404,0.25124621,2.1870332,0,0.99236488,2.4077871
2399,50,679,97,1g8z_GAL_H_104,0,surfdock,0.54948404,0.25124621,2.1870332,0,0.96352562,2.3549966
2400,50,2079,297,1ns4_BGC_A_1400,0,surfdock,0.54948404,0.25124621,2.1870332,0,0.071644719,2.5279651
2401,50,2086,298,1nsm_GAL_A_1400,0,surfdock,0.54948404,0.25124621,2.1870332,0,0.018743792,2.4824638
2402,50,2093,299,1nsm_GLA_B_2400,0,surfdock,0.54948404,0.25124621,2.1870332,0,0.019248487,2.4858642
2403,50,2919,417,1tt6_DES_B_128,0,surfdock,0.54948404,0.25124621,2.1870332,0,0.3116108,3.0354246
2404,50,3640,520,1zmt_RNO_C_1003,0,surfdock,0.54948404,0.25124621,2.1870332,0,0.00013013306,2.6935252
2405,50,3647,521,1zmt_RNO_D_1004,0,surfdock,0.54948404,0.25124621,2.1870332,0,0,2.7522154
2406,50,4186,598,2ef9_PEP_A_1268,0,surfdock,0.54948404,0.25124621,2.1870332,0,0.99276944,2.5948998
2407,50,5362,766,2r4t_GLC_A_502,0,surfdock,0.54948404,0.25124621,2.1870332,0,0,2.8166981
2408,50,5397,771,2rhx_MLY_A_537,0,surfdock,0.54948404,0.25124621,2.1870332,0,0.95165604,2.6795228
2409,50,5901,843,2y5a_3AP_A_1295,0,surfdock,0.54948404,0.25124621,2.1870332,0,0.15692001,2.1697903
2410,50,5943,849,2z1z_MLT_A_433,0,surfdock,0.54948404,0.25124621,2.1870332,0,0.97083013,2.4610223
2411,50,6097,871,2zut_A2G_B_4002,0,surfdock,0.54948404,0.25124621,2.1870332,0,0.00016298939,2.9798526
2412,50,6104,872,2zut_A2G_C_4003,0,surfdock,0.54948404,0.25124621,2.1870332,0,0.9520775,2.8867508
2413,50,6111,873,2zut_A2G_D_4004,0,surfdock,0.54948404,0.25124621,2.1870332,0,0.98132327,2.886992
2414,50,6118,874,2zuw_NDG_B_4002,0,surfdock,0.54948404,0.25124621,2.1870332,0,0,2.9261829
2415,50,6125,875,2zuw_NDG_C_4003,0,surfdock,0.54948404,0.25124621,2.1870332,0,8.3746197e-05,2.9175198
2416,50,6132,876,2zuw_NDG_D_4004,0,surfdock,0.54948404,0.25124621,2.1870332,0,0.99186384,2.9389008
2417,51,12292,1756,5hfa_FP1_A_607,0,surfdock,0.76285842,0.34905507,2.1854949,0,0.00070349745,2.5721982
2418,51,12306,1758,5hfa_FP1_B_609,0,surfdock,0.76020728,0.34784202,2.1854949,0,0.0041199842,2.4820926
2419,51,9345,1335,4mig_G3F_D_802,0,surfdock,0.756689,0.34623218,2.1854949,0,0.96683168,2.7636333
2420,51,9331,1333,4mig_G3F_B_802,0,surfdock,0.7514927,0.34385455,2.1854949,0,0.98360732,2.739972
2421,51,9338,1334,4mig_G3F_C_802,0,surfdock,0.75053897,0.34341816,2.1854949,0,0.95042455,2.8007799
2422,51,14245,2035,5x6r_7ZR_B_402,0,surfdock,0.7461382,0.34140454,2.1854949,0,5.6017311e-10,4.2582028
2423,51,14651,2093,5zgr_ZZ7_A_303,0,surfdock,0.72797769,0.33309498,2.1854949,0,0.53211402,3.9350395
2424,51,14658,2094,5zgr_ZZ7_B_303,0,surfdock,0.72531829,0.33187814,2.1854949,0,0.99201471,3.7600689
2425,51,14637,2091,5zge_ZZ7_A_301,0,surfdock,0.72328934,0.33094976,2.1854949,0,0.37748873,3.6955719
2426,51,14644,2092,5zge_ZZ7_B_302,0,surfdock,0.70442234,0.32231694,2.1854949,0,0,3.7142036
2427,51,6916,988,3wsg_CIT_B_302,0,surfdock,0.75732884,0.27928951,2.7116256,0,0.98773373,2.7750901
2428,51,17472,2496,6vv1_RMJ_A_501,0,surfdock,0.75129395,0.27127093,2.7695327,0,0,3.9470061
2429,51,2989,427,1uay_ADN_A_1001,0,surfdock,0.75362901,0.27111204,2.7797687,0,0.96927504,3.3053453
2430,51,2996,428,1uay_ADN_B_1002,0,surfdock,0.74907242,0.26925735,2.7819934,0,0.99461596,3.2733912
2431,51,3115,445,1vkf_CIT_C_502,0,surfdock,0.59567294,0.25965821,2.2940645,0,0.92989323,2.7789916
2432,51,15701,2243,6i6r_H62_A_704,0,surfdock,0.55926609,0.25589895,2.1854949,0,0.92511346,2.6941482
2433,51,791,113,1h18_DTL_A_9010,0,surfdock,0.55275366,0.25291911,2.1854949,0,0.99086552,2.3909501
2434,51,9527,1361,4npm_SIN_B_301,0,surfdock,0.54542261,0.2495647,2.1854949,0,0.99470736,2.5451785
2435,51,385,55,1e26_GPB_A_208,0,surfdock,0.54451605,0.24914989,2.1854949,0,0.61697191,4.7087464
2436,51,1029,147,1h7q_TYD_A_1258,0,surfdock,0.54451605,0.24914989,2.1854949,0,0.55942237,3.8327271
2437,51,1785,255,1lzz_IHG_A_830,0,surfdock,0.54451605,0.24914989,2.1854949,0,0.9916934,2.3244343
2438,51,1792,256,1lzz_IHG_B_1830,0,surfdock,0.54451605,0.24914989,2.1854949,0,0.87990769,2.3465166
2439,51,1946,278,1mrq_STR_A_501,0,surfdock,0.54451605,0.24914989,2.1854949,0,0.98824881,3.5506471
2440,51,2114,302,1o28_UFP_A_703,0,surfdock,0.54451605,0.24914989,2.1854949,0,0,3.4709319
2441,51,2121,303,1o28_UFP_B_708,0,surfdock,0.54451605,0.24914989,2.1854949,0,0,3.5742421
2442,51,2128,304,1o28_UFP_C_713,0,surfdock,0.54451605,0.24914989,2.1854949,0,0,3.6866722
2443,51,2135,305,1o28_UFP_D_718,0,surfdock,0.54451605,0.24914989,2.1854949,0,9.5050001e-05,3.593496
2444,51,2142,306,1o29_UFP_A_803,0,surfdock,0.54451605,0.24914989,2.1854949,0,0.00012005399,3.5447023
2445,51,2149,307,1o29_UFP_B_808,0,surfdock,0.54451605,0.24914989,2.1854949,0,0,5.2532266
2446,51,2156,308,1o29_UFP_C_813,0,surfdock,0.54451605,0.24914989,2.1854949,0,0.0001942159,3.6100121
2447,51,2163,309,1o29_UFP_D_818,0,surfdock,0.54451605,0.24914989,2.1854949,0,0,3.4974421
2448,51,2317,331,1pke_2FD_C_448,0,surfdock,0.54451605,0.24914989,2.1854949,0,0.99291476,3.3048873
2449,51,3542,506,1zei_CRS_A_54,0,surfdock,0.54451605,0.24914989,2.1854949,0,0.99802931,1.6021035
2450,51,3549,507,1zei_CRS_B_56,0,surfdock,0.54451605,0.24914989,2.1854949,0,0.99702477,2.231295
2451,51,3556,508,1zei_CRS_C_56,0,surfdock,0.54451605,0.24914989,2.1854949,0,0.99600051,2.0594273
2452,51,3570,510,1zei_CRS_E_54,0,surfdock,0.54451605,0.24914989,2.1854949,0,0.99604346,2.2079328
2453,51,3577,511,1zei_CRS_F_54,0,surfdock,0.54451605,0.24914989,2.1854949,0,0.99545588,2.1275344
2454,51,3584,512,1zei_CRS_F_55,0,surfdock,0.54451605,0.24914989,2.1854949,0,0.24575348,2.1300459
2455,51,4592,656,2iht_TPP_A_600,0,surfdock,0.54451605,0.24914989,2.1854949,0,0,4.5891793
2456,51,4599,657,2iht_TPP_B_600,0,surfdock,0.54451605,0.24914989,2.1854949,0,0.8056644,4.5836029
2457,51,4606,658,2iht_TPP_C_600,0,surfdock,0.54451605,0.24914989,2.1854949,0,0.96034959,4.4852786
2458,51,4620,660,2ihu_TP9_A_600,0,surfdock,0.54451605,0.24914989,2.1854949,0,0,4.6857979
2459,51,4627,661,2ihu_TP9_B_600,0,surfdock,0.54451605,0.24914989,2.1854949,0,0,4.5295123
2460,51,4753,679,2jhp_GUN_A_1648,0,surfdock,0.54451605,0.24914989,2.1854949,0,0.0013521698,2.274442
2461,51,5677,811,2wj4_HQD_B_1278,0,surfdock,0.54451605,0.24914989,2.1854949,0,0,2.1524075
2462,51,5684,812,2wj4_HQD_C_1277,0,surfdock,0.54451605,0.24914989,2.1854949,0,0.026462154,2.2596126
2463,51,5691,813,2wj4_HQD_D_1278,0,surfdock,0.54451605,0.24914989,2.1854949,0,0.0048803844,2.1757588
2464,51,7210,1030,4a7a_RGZ_A_601,0,surfdock,0.54451605,0.24914989,2.1854949,0,0.99485876,3.6948041
2465,51,7217,1031,4a7a_RGZ_B_601,0,surfdock,0.54451605,0.24914989,2.1854949,0,0.98458192,3.7679005
2466,51,7315,1045,4ajj_MLI_D_1333,0,surfdock,0.54451605,0.24914989,2.1854949,0,0,2.0752333
2467,52,1953,279,1msv_PUT_B_355,0,surfdock,0.70397322,0.32306418,2.1790497,0,0.93965909,2.4776504
2468,52,1386,198,1jl0_PUT_A_401,0,surfdock,0.69619383,0.3194941,2.1790497,0,0.045505925,2.3731277
2469,52,2898,414,1toq_AMG_G_504,0,surfdock,0.72721349,0.31501428,2.3085086,0,0.9657646,2.5033382
2470,52,1071,153,1h8p_PC_B_1111,0,surfdock,0.71977477,0.3100704,2.321326,0,0,2.5585804
2471,52,2891,413,1toq_AMG_C_502,0,surfdock,0.71411246,0.30933918,2.3085086,0,0,2.567387
2472,52,9219,1317,4lm7_U5P_A_201,0,surfdock,0.66742001,0.30628935,2.1790497,0,0.7553354,3.500096
2473,52,10150,1450,4upd_7P9_A_1550,0,surfdock,0.6425547,0.29487827,2.1790497,0,0,3.964178
2474,52,1064,152,1h8p_PC_B_1110,0,surfdock,0.70514963,0.2836421,2.4860532,0,0.98868054,2.554675
2475,52,5404,772,2ri1_GLP_A_234,0,surfdock,0.69094228,0.28226062,2.4478867,0,0,2.7824769
2476,52,8736,1248,4i6y_MEV_A_501,0,surfdock,0.7472489,0.28110335,2.6582701,0,0,2.4878581
2477,52,2716,388,1sjc_SMG_D_1300,0,surfdock,0.73009436,0.27840185,2.622447,0,0,3.2672914
2478,52,2695,385,1sjc_SMG_A_1000,0,surfdock,0.72108907,0.27496792,2.622447,0,0.93247286,3.2808589
2479,52,2702,386,1sjc_SMG_B_1100,0,surfdock,0.72267596,0.27282245,2.6488864,0,0.97844694,3.5033967
2480,52,1057,151,1h8p_PC_A_1110,0,surfdock,0.68037914,0.26757509,2.5427587,0,0,2.6176915
2481,52,2709,387,1sjc_SMG_C_1200,0,surfdock,0.71881047,0.26713377,2.690825,0,0,3.49194
2482,52,5411,773,2ri1_GLP_B_234,0,surfdock,0.6425547,0.26361577,2.4374659,0,0.66481448,3.0096965
2483,52,9646,1378,4p7q_NAG_A_704,0,surfdock,0.6425547,0.25783008,2.4921625,0,0,2.5964143
2484,52,17388,2484,6ur0_ETM_A_401,0,surfdock,0.59589423,0.25331166,2.3524144,0,0.75018752,2.2895578
2485,52,1568,224,1km6_OMP_A_2001,0,surfdock,0.6425547,0.25310385,2.5386989,0,0.97817557,4.0283383
2486,52,686,98,1gck_PLP_B_913,0,surfdock,0.54332554,0.24934048,2.1790497,0,0,3.2080356
2487,52,2289,327,1p7l_MET_A_485,0,surfdock,0.54332554,0.24934048,2.1790497,0,0.98409624,2.678224
2488,52,2296,328,1p7l_MET_B_385,0,surfdock,0.54332554,0.24934048,2.1790497,0,0.97969341,2.526783
2489,52,4851,693,2nu7_COA_B_1325,0,surfdock,0.54332554,0.24934048,2.1790497,0,0,3.0978386
2490,52,6643,949,3vmg_9CA_B_2001,0,surfdock,0.54332554,0.24934048,2.1790497,0,0,2.758059
2491,52,6650,950,3vmg_9CA_C_2002,0,surfdock,0.54332554,0.24934048,2.1790497,0,0,3.7688702
2492,52,6867,981,3wk1_O7E_A_301,0,surfdock,0.54332554,0.24934048,2.1790497,0,0.98620248,3.5634024
2493,52,7147,1021,3zwt_ORO_A_1398,0,surfdock,0.54332554,0.24934048,2.1790497,0,0.20988912,2.5106986
2494,52,7266,1038,4adl_LMR_D_1468,0,surfdock,0.54332554,0.24934048,2.1790497,0,0,2.5132483
2495,53,13636,1948,5tdt_MBN_D_501,0,surfdock,0.75445096,0.34584406,2.1814764,0,0.088836549,2.1487033
2496,53,5817,831,2xul_AKG_E_201,0,surfdock,0.69931584,0.30486613,2.2938447,0,0.99308964,2.7004374
2497,53,13629,1947,5tdt_MBN_A_504,0,surfdock,0.63894929,0.29289752,2.1814764,0,0.99857112,2.1953006
2498,53,9856,1408,4r08_URI_B_901,0,surfdock,0.63893043,0.29288888,2.1814764,0,0.98503086,3.0891067
2499,53,9863,1409,4r08_URI_D_901,0,surfdock,0.63893043,0.29288888,2.1814764,0,0,3.2569463
2500,53,13622,1946,5tdt_MBN_A_503,0,surfdock,0.63701102,0.29200901,2.1814764,0,0.08580802,2.1556942
2501,53,13615,1945,5tdt_MBN_A_502,0,surfdock,0.63489624,0.29103958,2.1814764,0,0,2.2099794
2502,53,868,124,1h48_C5P_B_901,0,surfdock,0.72780541,0.28906128,2.517823,0,0,3.5731786
2503,53,5810,830,2xul_AKG_D_201,0,surfdock,0.63893044,0.28843787,2.2151396,0,0,2.3223233
2504,53,13643,1949,5tdt_MBN_D_502,0,surfdock,0.62537949,0.28667706,2.1814764,0,0.97062039,2.2278538
2505,53,5803,829,2xul_AKG_B_201,0,surfdock,0.69680365,0.28527546,2.4425633,0,0.92692556,2.5153854
2506,53,10696,1528,4zdz_TPF_A_602,0,surfdock,0.75384332,0.28519181,2.6432843,0,3.7063607e-05,3.5360156
2507,53,5824,832,2xul_AKG_F_201,0,surfdock,0.68803821,0.28290932,2.4320087,0,0.99389446,2.6161709
2508,53,861,123,1h48_C5P_A_203,0,surfdock,0.70837559,0.28158256,2.5156932,0,0.99086604,3.5160553
2509,53,5796,828,2xul_AKG_A_201,0,surfdock,0.63893043,0.26271706,2.4320087,0,0,2.6641111
2510,53,2268,324,1p2s_ETF_A_400,0,surfdock,0.55054649,0.25237324,2.1814764,0,0,1.9618461
2511,53,4424,632,2fzb_TOL_A_900,0,surfdock,0.54081316,0.24791143,2.1814764,0,0,2.5189083
2512,53,168,24,1bit_BEN_A_246,0,surfdock,0.54026431,0.24765983,2.1814764,0,0.97175269,2.2913345
2513,53,175,25,1bit_BEN_A_247,0,surfdock,0.54026431,0.24765983,2.1814764,0,0.010075766,2.1390975
2514,53,476,68,1eow_U2G_A_130,0,surfdock,0.54026431,0.24765983,2.1814764,0,0,3.1242892
2515,53,735,105,1gsq_GDN_A_203,0,surfdock,0.54026431,0.24765983,2.1814764,0,0.73101184,2.927866
2516,53,2576,368,1rnd_DGP_A_126,0,surfdock,0.54026431,0.24765983,2.1814764,0,0,3.1727591
2517,53,4410,630,2fzb_TOL_A_600,0,surfdock,0.54026431,0.24765983,2.1814764,0,0.8933844,3.9138924
2518,53,4417,631,2fzb_TOL_A_700,0,surfdock,0.54026431,0.24765983,2.1814764,0,0.87667258,3.8355486
2519,53,4704,672,2izf_BTN_B_300,0,surfdock,0.54026431,0.24765983,2.1814764,0,0.99576395,3.2528317
2520,53,5131,733,2qca_DGP_A_300,0,surfdock,0.54026431,0.24765983,2.1814764,0,0.97119515,3.5347667
2521,53,6342,906,3roe_THM_C_265,0,surfdock,0.54026431,0.24765983,2.1814764,0,0.44499075,3.4727216
2522,53,6349,907,3roe_THM_D_265,0,surfdock,0.54026431,0.24765983,2.1814764,0,0,3.3217274
2523,53,6356,908,3roe_THM_E_265,0,surfdock,0.54026431,0.24765983,2.1814764,0,0,3.3240162
2524,53,6909,987,3wr4_GDE_B_502,0,surfdock,0.54026431,0.24765983,2.1814764,0,0.98247533,2.8273422
2525,53,7455,1065,4bdr_KAI_B_900,0,surfdock,0.54026431,0.24765983,2.1814764,0,0.92350269,3.2464683
2526,53,7980,1140,4d6z_PK9_A_1600,0,surfdock,0.54026431,0.24765983,2.1814764,0,8.3803221e-06,3.7566903
2527,53,8099,1157,4dtb_GMP_B_401,0,surfdock,0.54026431,0.24765983,2.1814764,0,0.99279644,3.2915658
2528,53,8421,1203,4gim_PSU_A_400,0,surfdock,0.54026431,0.24765983,2.1814764,0,0,3.8323785
2529,53,8428,1204,4gim_PSU_B_400,0,surfdock,0.54026431,0.24765983,2.1814764,0,0.97830455,3.7372134
2530,53,8995,1285,4jxh_HRC_A_301,0,surfdock,0.54026431,0.24765983,2.1814764,0,0.98481105,3.1521944
2531,53,9744,1392,4pxd_1AL_A_502,0,surfdock,0.54026431,0.24765983,2.1814764,0,0,2.9034038
2532,53,9751,1393,4pxd_1AL_B_502,0,surfdock,0.54026431,0.24765983,2.1814764,0,0,2.8896503
2533,53,9835,1405,4qya_LU2_A_201,0,surfdock,0.54026431,0.24765983,2.1814764,0,0.98717476,2.9218322
2534,53,9842,1406,4qya_LU2_B_201,0,surfdock,0.54026431,0.24765983,2.1814764,0,0,5.7926778
2535,53,10024,1432,4tsk_TLA_A_404,0,surfdock,0.54026431,0.24765983,2.1814764,0,0,2.4077408
2536,53,10066,1438,4uc9_ASP_A_1300,0,surfdock,0.54026431,0.24765983,2.1814764,0,0,2.8285685
2537,53,10248,1464,4w1v_3GS_B_502,0,surfdock,0.54026431,0.24765983,2.1814764,0,0,3.9740663
2538,53,10311,1473,4ws1_URF_A_301,0,surfdock,0.54026431,0.24765983,2.1814764,0,0.035058805,2.3180734
2539,53,10325,1475,4ws6_WBU_A_301,0,surfdock,0.54026431,0.24765983,2.1814764,0,0,2.2617208
2540,53,10472,1496,4xv4_25T_A_302,0,surfdock,0.54026431,0.24765983,2.1814764,0,0.99781225,2.100988
2541,53,10479,1497,4xv4_25T_A_303,0,surfdock,0.54026431,0.24765983,2.1814764,0,0.77106562,1.9323441
2542,53,10528,1504,4yjs_4DN_A_701,0,surfdock,0.54026431,0.24765983,2.1814764,0,0,4.5337288
2543,53,10584,1512,4z1d_PEP_A_300,0,surfdock,0.54026431,0.24765983,2.1814764,0,0.82637592,2.4927393
2544,53,10661,1523,4zbc_FRU_B_409,0,surfdock,0.54026431,0.24765983,2.1814764,0,0,2.3226248
2545,54,6910,987,3wr4_GDE_B_502,1,unimol,0.85434514,0.31455708,2.7160249,0,0.98741293,18.99
2546,54,8169,1167,4e7v_CRS_G_101,0,surfdock,0.75116035,0.29999391,2.5039177,0,0.99448582,2.1405284
2547,54,8183,1169,4e7v_CRS_K_101,0,surfdock,0.74206943,0.29956168,2.4771831,0,0.99652202,2.2220873
2548,54,8155,1165,4e7v_CRS_C_101,0,surfdock,0.7482249,0.29882157,2.5039177,0,0.039583284,3.9563222
2549,54,8162,1166,4e7v_CRS_E_101,0,surfdock,0.74793208,0.29870463,2.5039177,0,0.25271518,2.2444065
2550,54,8218,1174,4e7v_CRS_U_101,0,surfdock,0.7471538,0.2983938,2.5039177,0,0.99700699,2.2591896
2551,54,8190,1170,4e7v_CRS_M_101,0,surfdock,0.74577806,0.29784437,2.5039177,0,0.99555703,1.5826159
2552,54,8197,1171,4e7v_CRS_O_101,0,surfdock,0.74572931,0.29782489,2.5039177,0,0.9942327,2.2200898
2553,54,8176,1168,4e7v_CRS_I_101,0,surfdock,0.74552176,0.297742,2.5039177,0,0.9978539,2.2362911
2554,54,8148,1164,4e7v_CRS_A_101,0,surfdock,0.74488579,0.29157182,2.554724,0,0.99772182,2.1133608
2555,54,11522,1646,5dw3_TRP_A_402,0,surfdock,0.63410532,0.29139319,2.1761148,0,0,3.1564468
2556,54,11529,1647,5dw3_TRP_B_402,0,surfdock,0.63410532,0.29139319,2.1761148,0,0,3.2947123
2557,54,11536,1648,5dw3_TRP_C_402,0,surfdock,0.63410532,0.29139319,2.1761148,0,0,3.3197525
2558,54,11543,1649,5dw3_TRP_D_402,0,surfdock,0.63410532,0.29139319,2.1761148,0,0,3.265084
2559,54,8211,1173,4e7v_CRS_S_101,0,surfdock,0.74436054,0.29136622,2.554724,0,0.18070844,2.1735846
2560,54,14994,2142,6cdy_EY1_B_501,0,surfdock,0.63410532,0.284108,2.2319155,0,0,4.3587562
2561,54,8225,1175,4e7v_CRS_Y_101,0,surfdock,0.74720804,0.27483647,2.7187359,0,0.99746277,2.0818356
2562,54,8134,1162,4e7v_CRS_1_101,0,surfdock,0.74361212,0.27351382,2.7187359,0,0,2.0024688
2563,54,8141,1163,4e7v_CRS_3_101,0,surfdock,0.73908876,0.27185005,2.7187359,0,0.99789088,2.1265068
2564,54,9073,1296,4k90_MLA_A_704,1,unimol,0.8541514,0.26281771,3.2499757,0,0.87380436,20.13
2565,54,16898,2414,6r7w_CIT_A_406,0,surfdock,0.56058456,0.25760788,2.1761148,0,0.96275909,2.7976271
2566,54,17175,2453,6t0a_M58_A_601,4,gnina,0.53769812,0.24709077,2.1761148,0,0.0038696588,2.0810584
2567,54,10322,1474,4ws2_6UA_A_303,4,gnina,0.53706768,0.24680106,2.1761148,0,0.11160692,1.3137657
2568,54,5544,792,2vmp_PLP_A_501,0,surfdock,0.53623459,0.24641823,2.1761148,0,0.99157569,3.7390362
2569,54,8036,1148,4dd8_BAT_A_1000,0,surfdock,0.53623459,0.24641823,2.1761148,0,0,4.5834627
2570,54,8043,1149,4dd8_BAT_B_1000,0,surfdock,0.53623459,0.24641823,2.1761148,0,0.93643228,4.561592
2571,54,8050,1150,4dd8_BAT_C_1000,0,surfdock,0.53623459,0.24641823,2.1761148,0,0.59027314,4.893446
2572,54,8057,1151,4dd8_BAT_D_1000,0,surfdock,0.53623459,0.24641823,2.1761148,0,0,4.9519569
2573,54,8925,1275,4j7u_YTZ_A_802,0,surfdock,0.53623459,0.24641823,2.1761148,0,0.95283946,3.069864
2574,54,8932,1276,4j7u_YTZ_B_802,0,surfdock,0.53623459,0.24641823,2.1761148,0,0.94858893,2.9762659
2575,54,8939,1277,4j7u_YTZ_C_802,0,surfdock,0.53623459,0.24641823,2.1761148,0,0.95342618,3.0915658
2576,54,8946,1278,4j7u_YTZ_D_802,0,surfdock,0.53623459,0.24641823,2.1761148,0,0.99379934,3.0600803
2577,54,9093,1299,4kp7_1UQ_A_503,0,surfdock,0.53623459,0.24641823,2.1761148,0,0,3.4967209
2578,54,9100,1300,4kp7_1UQ_B_502,0,surfdock,0.53623459,0.24641823,2.1761148,0,0.99343385,3.3514633
2579,54,9583,1369,4ocu_NDG_A_401,0,surfdock,0.53623459,0.24641823,2.1761148,0,0,3.0004684
2580,54,10059,1437,4ubp_HAE_C_800,0,surfdock,0.53623459,0.24641823,2.1761148,0,0,1.9863715
2581,54,10108,1444,4ug6_H4B_A_902,0,surfdock,0.53623459,0.24641823,2.1761148,0,0.4849042,6.3408618
2582,54,10136,1448,4umd_CIT_A_1174,0,surfdock,0.53623459,0.24641823,2.1761148,0,0.75898469,2.7259299
2583,54,10465,1495,4xti_IMP_B_601,0,surfdock,0.53623459,0.24641823,2.1761148,0,0.96915676,3.9686258
2584,54,11165,1595,5bwd_FUM_A_901,0,surfdock,0.53623459,0.24641823,2.1761148,0,0.025442201,2.1630365
2585,54,11354,1622,5cyf_FLC_A_301,0,surfdock,0.53623459,0.24641823,2.1761148,0,0.98374886,2.761616
2586,54,11361,1623,5cyf_FLC_C_301,0,surfdock,0.53623459,0.24641823,2.1761148,0,0.99120391,2.8115804
2587,54,11585,1655,5edh_5MF_A_803,0,surfdock,0.53623459,0.24641823,2.1761148,0,0,4.0937483
2588,54,11592,1656,5edh_5MF_C_803,0,surfdock,0.53623459,0.24641823,2.1761148,0,0.98998004,3.9792925
2589,54,11599,1657,5edh_5MF_D_803,0,surfdock,0.53623459,0.24641823,2.1761148,0,0,4.0315676
2590,54,11816,1688,5fc5_PC_A_516,0,surfdock,0.53623459,0.24641823,2.1761148,0,0.98828868,2.5597863
2591,54,12005,1715,5fwe_OGA_A_1358,0,surfdock,0.53623459,0.24641823,2.1761148,0,0.99620838,2.6985111
2592,54,12012,1716,5fwe_OGA_B_1359,0,surfdock,0.53623459,0.24641823,2.1761148,0,0,2.9125906
2593,54,12257,1751,5h8q_GLY_B_301,0,surfdock,0.53623459,0.24641823,2.1761148,0,0,2.152815
2594,54,12432,1776,5i93_69O_A_202,0,surfdock,0.53623459,0.24641823,2.1761148,0,0.67255295,2.5826563
2595,55,9702,1386,4pik_MAN_A_502,0,surfdock,0.74099045,0.33126984,2.2368174,0,0.9902741,2.4330103
2596,55,9695,1385,4pik_MAN_A_501,0,surfdock,0.73223238,0.32966824,2.221118,0,0,2.4636457
2597,55,9709,1387,4pik_MAN_B_503,0,surfdock,0.74084812,0.32431051,2.2843781,0,0,2.4944872
2598,55,9723,1389,4pik_MAN_D_503,0,surfdock,0.74083856,0.32430632,2.2843781,0,0,2.4570805
2599,55,9716,1388,4pik_MAN_C_503,0,surfdock,0.74197253,0.32030266,2.3164723,0,0.76768728,2.5434219
2600,55,8904,1272,4j0k_EGR_B_501,0,surfdock,0.59923811,0.27714825,2.1621563,0,0.9409488,2.7629207
2601,55,8897,1271,4j0k_EGR_A_501,0,surfdock,0.56674051,0.26211808,2.1621563,0,0.9034004,2.7448624
2602,55,5320,760,2r0g_7CK_A_1355,0,surfdock,0.53692438,0.24832808,2.1621563,0,0.99235832,4.1944352
2603,55,5327,761,2r0g_7CK_B_1357,0,surfdock,0.53692438,0.24832808,2.1621563,0,0.99379043,4.2281767
2604,55,6272,896,3qwi_CUE_A_272,0,surfdock,0.53692438,0.24832808,2.1621563,0,0.99717939,3.311976
2605,55,6279,897,3qwi_CUE_B_272,0,surfdock,0.53692438,0.24832808,2.1621563,0,0.99810223,3.0944767
2606,55,6286,898,3qwi_CUE_D_272,0,surfdock,0.53692438,0.24832808,2.1621563,0,3.9190748e-06,3.2344193
2607,55,6839,977,3wgc_PLG_A_401,0,surfdock,0.53692438,0.24832808,2.1621563,0,0,3.721126
2608,55,6853,979,3wgc_PLG_D_401,0,surfdock,0.53692438,0.24832808,2.1621563,0,0.97951194,3.7549692
2609,55,7182,1026,4a01_2PN_A_1773,0,surfdock,0.53692438,0.24832808,2.1621563,0,0,2.6098961
2610,55,7854,1122,4cvb_PQQ_A_1608,0,surfdock,0.53692438,0.24832808,2.1621563,0,0,3.8820325
2611,55,8253,1179,4eip_K2C_A_601,0,surfdock,0.53692438,0.24832808,2.1621563,0,5.6946077e-06,3.5493079
2612,55,8386,1198,4g1x_TQU_A_409,0,surfdock,0.53692438,0.24832808,2.1621563,0,0,2.8322102
2613,55,8981,1283,4jmz_1M2_A_302,0,surfdock,0.53692438,0.24832808,2.1621563,0,0.99655803,2.5194523
2614,55,9576,1368,4ocj_NDG_A_401,0,surfdock,0.53692438,0.24832808,2.1621563,0,0,3.1486
2615,55,9828,1404,4qxc_OGA_C_600,0,surfdock,0.53692438,0.24832808,2.1621563,0,0,2.7186117
2616,55,9870,1410,4r2n_PHE_C_402,0,surfdock,0.53692438,0.24832808,2.1621563,0,0.00085510106,2.7768792
2617,55,9898,1414,4rcv_DE2_A_403,0,surfdock,0.53692438,0.24832808,2.1621563,0,0,2.679409
2618,55,10052,1436,4u8p_UDP_C_603,0,surfdock,0.53692438,0.24832808,2.1621563,0,0.97078699,2.6824547
2619,55,10276,1468,4wdx_WDX_B_402,0,surfdock,0.53692438,0.24832808,2.1621563,0,0,3.6555675
2620,55,10283,1469,4wqq_MAN_A_204,0,surfdock,0.53692438,0.24832808,2.1621563,0,0.91004476,2.3819903
2621,55,10290,1470,4wqq_MAN_B_204,0,surfdock,0.53692438,0.24832808,2.1621563,0,0.017094036,2.2455519
2622,55,10297,1471,4wqq_MAN_C_204,0,surfdock,0.53692438,0.24832808,2.1621563,0,0,2.3453219
2623,55,10304,1472,4wqq_MAN_D_204,0,surfdock,0.53692438,0.24832808,2.1621563,0,0.81890647,2.395596
2624,55,10647,1521,4zbc_FRU_A_410,0,surfdock,0.53692438,0.24832808,2.1621563,0,0.007092705,2.5952144
2625,55,10731,1533,4zjz_BEZ_B_601,0,surfdock,0.53692438,0.24832808,2.1621563,0,0.99635403,2.3874813
2626,55,10738,1534,4zo7_BGC_A_801,0,surfdock,0.53692438,0.24832808,2.1621563,0,0,2.3312382
2627,55,10745,1535,4zo7_BGC_A_802,0,surfdock,0.53692438,0.24832808,2.1621563,0,0.9834413,2.4563068
2628,55,10752,1536,4zo7_GLC_A_806,0,surfdock,0.53692438,0.24832808,2.1621563,0,0.99400109,2.7212385
2629,55,10885,1555,5a02_GOL_A_1341,0,surfdock,0.53692438,0.24832808,2.1621563,0,0.9922155,2.1168342
2630,55,10892,1556,5a02_GOL_B_1342,0,surfdock,0.53692438,0.24832808,2.1621563,0,0.99563457,2.1654127
2631,55,10899,1557,5a02_GOL_C_1341,0,surfdock,0.53692438,0.24832808,2.1621563,0,0.99558525,2.1927317
2632,55,10906,1558,5a02_GOL_D_1341,0,surfdock,0.53692438,0.24832808,2.1621563,0,0.99496701,2.1384999
2633,55,10913,1559,5a02_GOL_E_1341,0,surfdock,0.53692438,0.24832808,2.1621563,0,0.99371558,2.0697913
2634,55,10920,1560,5a02_GOL_F_1342,0,surfdock,0.53692438,0.24832808,2.1621563,0,0.99547269,2.0625073
2635,55,10927,1561,5a2r_MLT_A_1615,0,surfdock,0.53692438,0.24832808,2.1621563,0,0,2.4027936
2636,55,11340,1620,5cpp_ADO_A_422,0,surfdock,0.53692438,0.24832808,2.1621563,0,0.99587133,2.3162646
2637,55,11809,1687,5fay_CHT_B_906,0,surfdock,0.53692438,0.24832808,2.1621563,0,0.98960278,2.3812653
2638,55,12138,1734,5gri_CIT_B_401,0,surfdock,0.53692438,0.24832808,2.1621563,0,0.71560247,2.082705
2639,55,12222,1746,5h5k_C5P_A_206,0,surfdock,0.53692438,0.24832808,2.1621563,0,0,3.4938675
2640,55,12229,1747,5h5k_C5P_B_203,0,surfdock,0.53692438,0.24832808,2.1621563,0,0.98619093,3.5220093
2641,55,12236,1748,5h8f_GLU_A_302,0,surfdock,0.53692438,0.24832808,2.1621563,0,0,2.5196882
2642,55,12355,1765,5hss_650_B_402,0,surfdock,0.53692438,0.24832808,2.1621563,0,0.99662284,2.8775997
2643,55,12362,1766,5hss_650_C_401,0,surfdock,0.53692438,0.24832808,2.1621563,0,0.99721166,2.8167592
2644,55,12369,1767,5i0d_GLC_B_1122,0,surfdock,0.53692438,0.24832808,2.1621563,0,0.98080117,2.3525553
2645,56,16800,2400,6qo4_97T_A_301,0,surfdock,0.74585006,0.34564499,2.1578491,0,0.33094554,2.729493
2646,56,10416,1488,4xp0_42A_A_404,0,surfdock,0.74491715,0.33521554,2.2222025,0,0.99687933,2.5282739
2647,56,11725,1675,5ewc_5SJ_A_801,0,surfdock,0.63578844,0.29463977,2.1578491,0,0.99223491,2.9480854
2648,56,16807,2401,6qo4_97T_B_301,0,surfdock,0.63578844,0.29463977,2.1578491,0,0.9439596,2.8150725
2649,56,16157,2308,6mnh_JVD_A_301,1,unimol,0.68673132,0.28777484,2.3863485,0,0,17.73
2650,56,12656,1808,5j5i_6GM_B_302,0,surfdock,0.74572489,0.28576913,2.6095352,0,0.95485162,4.4297776
2651,56,12649,1807,5j5i_6GM_A_303,0,surfdock,0.74362029,0.282607,2.6312866,0,0,4.5241258
2652,56,12691,1813,5j5i_6GM_I_303,0,surfdock,0.73992906,0.28120418,2.6312866,0,0,4.5971177
2653,56,3913,559,2bs8_NAG_A_1177,0,surfdock,0.66873193,0.27983468,2.3897383,0,0.91733601,2.698787
2654,56,12663,1809,5j5i_6GM_C_302,0,surfdock,0.74934138,0.27575173,2.7174485,0,0.94990699,4.5631315
2655,56,12642,1806,5j5i_6GM_A_302,0,surfdock,0.74838649,0.27442831,2.7270737,0,0.86870557,4.5440763
2656,56,12670,1810,5j5i_6GM_E_302,0,surfdock,0.74414494,0.27383948,2.7174485,0,0,4.4943838
2657,56,12677,1811,5j5i_6GM_F_303,0,surfdock,0.74389077,0.26907871,2.7645833,0,0.95778132,4.5239596
2658,56,12684,1812,5j5i_6GM_I_302,0,surfdock,0.74909364,0.26729754,2.8024702,0,0.96099703,4.4780568
2659,56,1904,272,1mmx_FUC_A_348,0,surfdock,0.53751871,0.2490992,2.1578491,0,0.12276465,2.4095924
2660,56,1918,274,1mmy_G6D_A_348,0,surfdock,0.53751871,0.2490992,2.1578491,0,0.060535724,2.3685495
2661,56,3465,495,1yw9_A84_A_482,0,surfdock,0.53751871,0.2490992,2.1578491,0,0,4.4864508
2662,56,4718,674,2j51_DKI_A_1314,0,surfdock,0.53751871,0.2490992,2.1578491,0,0,5.5936205
2663,56,5768,824,2xta_TPP_A_2001,0,surfdock,0.53751871,0.2490992,2.1578491,0,0.9785827,4.5972359
2664,56,5775,825,2xta_TPP_B_2001,0,surfdock,0.53751871,0.2490992,2.1578491,0,0.99476056,4.4247346
2665,56,5782,826,2xta_TPP_C_2001,0,surfdock,0.53751871,0.2490992,2.1578491,0,0.95225006,4.3915352
2666,56,5789,827,2xta_TPP_D_2001,0,surfdock,0.53751871,0.2490992,2.1578491,0,0,4.5752978
2667,56,6412,916,3se2_LDR_B_2,0,surfdock,0.53751871,0.2490992,2.1578491,0,0.99832843,2.8723626
2668,56,7105,1015,3zr0_8OG_A_1157,0,surfdock,0.53751871,0.2490992,2.1578491,0,0.9732504,3.8000082
2669,56,7112,1016,3zr0_8OG_B_1157,0,surfdock,0.53751871,0.2490992,2.1578491,0,0.95974371,3.9317826
2670,56,7588,1084,4c7g_NGO_A_1495,0,surfdock,0.53751871,0.2490992,2.1578491,0,0,2.8809428
2671,56,7616,1088,4cdt_M48_A_801,0,surfdock,0.53751871,0.2490992,2.1578491,0,0.035791247,3.2243036
2672,56,7623,1089,4cdt_M48_B_801,0,surfdock,0.53751871,0.2490992,2.1578491,0,0,3.1273897
2673,57,6489,927,3u1t_MLI_B_350,0,surfdock,0.71079234,0.32902098,2.1603243,0,0.99701817,2.2558361
2674,57,6482,926,3u1t_MLI_A_351,0,surfdock,0.70694446,0.32723982,2.1603243,0,0.99667549,2.1334625
2675,57,8463,1209,4gy9_ZIP_A_201,0,surfdock,0.74163812,0.31389499,2.362694,0,0.99409346,3.0900416
2676,57,4963,709,2oxp_THP_A_300,0,surfdock,0.63613919,0.29446454,2.1603243,0,0.96268291,3.7942803
2677,57,5033,719,2ptm_CMP_A_401,0,surfdock,0.63613919,0.29446454,2.1603243,0,0,3.4552826
2678,57,7154,1022,3zyx_MBT_A_601,0,surfdock,0.63613919,0.29446454,2.1603243,0,0.99571843,5.0978006
2679,57,16156,2308,6mnh_JVD_A_301,0,surfdock,0.63613919,0.29446454,2.1603243,0,0.99653529,2.4593132
2680,57,7161,1023,3zyx_MBT_B_601,0,surfdock,0.63613919,0.29223658,2.1767943,0,0,3.5303049
2681,57,17234,2462,6tbx_N0Z_A_302,0,surfdock,0.5458325,0.25266218,2.1603243,0,0,2.745062
2682,57,11515,1645,5dt0_SKE_A_401,0,surfdock,0.53816124,0.24911121,2.1603243,0,0.96918022,3.9722193
2683,57,581,83,1fuq_CIT_A_1001,0,surfdock,0.5378093,0.2489483,2.1603243,0,0.7328087,2.6607767
2684,57,1694,242,1lfw_AEP_A_683,0,surfdock,0.5378093,0.2489483,2.1603243,0,0,3.3151864
2685,57,1771,253,1luq_BTN_A_5100,0,surfdock,0.5378093,0.2489483,2.1603243,0,0.99249329,3.2579777
2686,57,1778,254,1luq_BTN_B_5200,0,surfdock,0.5378093,0.2489483,2.1603243,0,0.98717775,3.311904
2687,57,4088,584,2dcf_ACA_A_501,0,surfdock,0.5378093,0.2489483,2.1603243,0,9.6187547e-07,3.0627425
2688,57,5229,747,2qim_ZEA_A_160,0,surfdock,0.5378093,0.2489483,2.1603243,0,0,4.7104
2689,57,5236,748,2qim_ZEA_A_161,0,surfdock,0.5378093,0.2489483,2.1603243,0,0,3.0332242
2690,57,5243,749,2qim_ZEA_A_162,0,surfdock,0.5378093,0.2489483,2.1603243,0,0,2.9456981
2691,57,5481,783,2v60_C17_A_1503,0,surfdock,0.5378093,0.2489483,2.1603243,0,0.98825756,4.0576315
2692,57,5488,784,2v60_C17_B_1498,0,surfdock,0.5378093,0.2489483,2.1603243,0,0.9941897,5.8610365
2693,57,7952,1136,4d3s_BOG_F_1000,0,surfdock,0.5378093,0.2489483,2.1603243,0,0.96742037,3.6085243
2694,57,8106,1158,4du7_DP6_A_401,0,surfdock,0.5378093,0.2489483,2.1603243,0,0.98583086,3.5652661
2695,57,8323,1189,4evi_N7I_B_401,0,surfdock,0.5378093,0.2489483,2.1603243,0,0.99517936,3.0966965
2696,57,8393,1199,4g1x_TQU_A_410,0,surfdock,0.5378093,0.2489483,2.1603243,0,0.9971105,2.9202168
2697,57,8435,1205,4gmu_OXL_A_705,0,surfdock,0.5378093,0.2489483,2.1603243,0,0,2.1004316
2698,57,8442,1206,4gnp_PEP_A_703,0,surfdock,0.5378093,0.2489483,2.1603243,0,0.99025742,2.5087848
2699,57,8848,1264,4ioq_BAQ_A_201,0,surfdock,0.5378093,0.2489483,2.1603243,0,0.99515791,1.9965713
2700,57,9156,1308,4kwk_CSS_A_302,0,surfdock,0.5378093,0.2489483,2.1603243,0,0,2.5109496
2701,57,9261,1323,4lxi_22J_A_301,0,surfdock,0.5378093,0.2489483,2.1603243,0,0.90201603,3.632006
2702,57,9268,1324,4lz3_BTM_A_409,0,surfdock,0.5378093,0.2489483,2.1603243,0,0.98642741,3.0659308
2703,57,9352,1336,4mju_27S_A_501,0,surfdock,0.5378093,0.2489483,2.1603243,0,0.67541437,4.0897363
2704,57,9590,1370,4ofu_DHT_A_1001,0,surfdock,0.5378093,0.2489483,2.1603243,0,0.99281794,3.7577584
2705,57,9667,1381,4p8c_Y22_A_502,0,surfdock,0.5378093,0.2489483,2.1603243,0,0.99552788,4.3281265
2706,57,9674,1382,4p8c_Y22_B_502,0,surfdock,0.5378093,0.2489483,2.1603243,0,0,4.4290013
2707,57,9688,1384,4pgi_Y69_A_303,0,surfdock,0.5378093,0.2489483,2.1603243,0,0.96262219,4.4458797
2708,57,9730,1390,4ptx_BGC_A_501,0,surfdock,0.5378093,0.2489483,2.1603243,0,0.99132429,2.5461298
2709,57,9737,1391,4ptx_BGC_B_501,0,surfdock,0.5378093,0.2489483,2.1603243,0,0.9378411,2.6319813
2710,57,9912,1416,4rii_TYD_B_401,0,surfdock,0.5378093,0.2489483,2.1603243,0,0.94001228,4.3053027
2711,57,9975,1425,4rvg_TYD_A_502,0,surfdock,0.5378093,0.2489483,2.1603243,0,0.9743768,4.0090917
2712,57,10157,1451,4uqs_INE_A_904,0,surfdock,0.5378093,0.2489483,2.1603243,0,0.99602178,3.1618414
2713,57,10402,1486,4xfh_CYS_A_502,0,surfdock,0.5378093,0.2489483,2.1603243,0,0,2.3085011
2714,57,10493,1499,4xz9_G3P_C_302,0,surfdock,0.5378093,0.2489483,2.1603243,0,0.99723439,2.2923259
2715,57,10542,1506,4ysx_MLI_A_701,0,surfdock,0.5378093,0.2489483,2.1603243,0,0.99129179,2.237314
2716,57,10549,1507,4ysx_MLI_E_701,0,surfdock,0.5378093,0.2489483,2.1603243,0,0.98895814,2.1752841
2717,57,10633,1519,4zb2_GLC_A_403,0,surfdock,0.5378093,0.2489483,2.1603243,0,0,2.5985373
2718,57,10640,1520,4zb5_GLC_A_403,0,surfdock,0.5378093,0.2489483,2.1603243,0,0.98060384,2.631438
2719,57,10654,1522,4zbc_FRU_B_408,0,surfdock,0.5378093,0.2489483,2.1603243,0,0.0056344966,2.466939
2720,57,10668,1524,4zbc_GLC_A_407,0,surfdock,0.5378093,0.2489483,2.1603243,0,0,2.7934014
2721,57,10675,1525,4zbc_GLC_A_408,0,surfdock,0.5378093,0.2489483,2.1603243,0,0.087158684,2.2649568
2722,57,10682,1526,4zbc_GLC_B_406,0,surfdock,0.5378093,0.2489483,2.1603243,0,0,2.7070757
2723,58,13014,1859,5la1_XYP_A_601,1,unimol,0.68609794,0.31762239,2.1601048,0,0,21.27
2724,58,13021,1860,5la1_XYP_A_602,1,unimol,0.68609794,0.31762239,2.1601048,0,0.96419172,20.08
2725,58,13028,1861,5la2_ARB_A_606,1,unimol,0.68609794,0.31762239,2.1601048,0,0,19.28
2726,58,13035,1862,5la2_ARB_B_606,1,unimol,0.68609794,0.31762239,2.1601048,0,0,17.57
2727,58,15393,2199,6fs7_E4Z_B_903,0,surfdock,0.63617454,0.27173959,2.3411174,0,0,4.5708195
2728,58,3899,557,2brk_CMF_A_1534,0,surfdock,0.54115711,0.25052344,2.1601048,0,0,4.5479988
2729,58,7784,1112,4cme_KTZ_B_1270,0,surfdock,0.54115711,0.25052344,2.1601048,0,0.98976229,3.5023872
2730,58,7791,1113,4cme_KTZ_C_1270,0,surfdock,0.54115711,0.25052344,2.1601048,0,0.99550674,3.5899261
2731,58,7798,1114,4cme_KTZ_D_1270,0,surfdock,0.54115711,0.25052344,2.1601048,0,0.95432119,3.3143672
2732,58,7966,1138,4d5e_TPP_A_1589,0,surfdock,0.54115711,0.25052344,2.1601048,0,0.36990274,4.8050634
2733,58,9079,1297,4kcf_FMN_A_502,0,surfdock,0.54115711,0.25052344,2.1601048,0,0,4.1437172
2734,58,9184,1312,4l80_OXL_D_402,0,surfdock,0.54115711,0.25052344,2.1601048,0,0.99482162,2.2723322
2735,58,9191,1313,4l80_OXL_F_402,0,surfdock,0.54115711,0.25052344,2.1601048,0,0.99232612,2.1511185
2736,58,9982,1426,4tq4_DMA_A_403,0,surfdock,0.54115711,0.25052344,2.1601048,0,0.95627539,2.8681384
2737,58,9989,1427,4tq4_DMA_B_403,0,surfdock,0.54115711,0.25052344,2.1601048,0,0,3.0358262
2738,58,9996,1428,4tq4_DMA_C_403,0,surfdock,0.54115711,0.25052344,2.1601048,0,0.95790485,3.1383623
2739,58,11039,1577,5ag5_DLR_A_1422,0,surfdock,0.54115711,0.25052344,2.1601048,0,1.8081241e-05,3.6626868
2740,58,11347,1621,5cr1_STL_B_201,0,surfdock,0.54115711,0.25052344,2.1601048,0,0,2.6950693
2741,58,11501,1643,5dnx_5LD_B_201,0,surfdock,0.54115711,0.25052344,2.1601048,0,0.98986377,3.0805541
2742,58,12047,1721,5g21_YN4_A_1002,0,surfdock,0.54115711,0.25052344,2.1601048,0,0.95834817,5.0657047
2743,58,12418,1774,5i8s_LEA_A_202,0,surfdock,0.54115711,0.25052344,2.1601048,0,0.99427968,2.5230618
2744,58,13013,1859,5la1_XYP_A_601,0,surfdock,0.54115711,0.25052344,2.1601048,0,0.99594295,2.3817199
2745,58,13020,1860,5la1_XYP_A_602,0,surfdock,0.54115711,0.25052344,2.1601048,0,0.088004989,2.095253
2746,58,13027,1861,5la2_ARB_A_606,0,surfdock,0.54115711,0.25052344,2.1601048,0,0.046580092,2.1989986
2747,58,13034,1862,5la2_ARB_B_606,0,surfdock,0.54115711,0.25052344,2.1601048,0,0,2.116045
2748,58,13279,1897,5o3b_9HZ_A_501,0,surfdock,0.54115711,0.25052344,2.1601048,0,0,4.537199
2749,58,13286,1898,5o3b_9HZ_B_501,0,surfdock,0.54115711,0.25052344,2.1601048,0,0,4.3418617
2750,58,13293,1899,5o3b_9HZ_D_501,0,surfdock,0.54115711,0.25052344,2.1601048,0,7.0236726e-05,4.4564101
2751,58,13300,1900,5o3f_9HT_A_501,0,surfdock,0.54115711,0.25052344,2.1601048,0,0,4.3465242
2752,58,13307,1901,5o3g_9J8_A_501,0,surfdock,0.54115711,0.25052344,2.1601048,0,0,4.333864
2753,58,13314,1902,5o3g_9J8_B_501,0,surfdock,0.54115711,0.25052344,2.1601048,0,0.19507364,7.2762861
2754,58,13447,1921,5r0j_RBJ_B_401,0,surfdock,0.54115711,0.25052344,2.1601048,0,0,2.3622488
2755,58,13727,1961,5u5x_TP5_A_302,0,surfdock,0.54115711,0.25052344,2.1601048,0,0.99792246,2.3799534
2756,58,13734,1962,5u5z_7VP_A_302,0,surfdock,0.54115711,0.25052344,2.1601048,0,0.00020115681,3.6104058
2757,58,13776,1968,5ud0_G3H_B_406,0,surfdock,0.54115711,0.25052344,2.1601048,0,0,2.5357622
2758,58,14105,2015,5w7b_MYR_B_208,0,surfdock,0.54115711,0.25052344,2.1601048,0,0.98258875,3.0239843
2759,58,14119,2017,5wct_GY4_A_303,0,surfdock,0.54115711,0.25052344,2.1601048,0,0,7.0097659
2760,58,14322,2046,5xrv_F6R_A_702,0,surfdock,0.54115711,0.25052344,2.1601048,0,0,2.8281847
2761,58,14329,2047,5xvt_8FL_A_709,0,surfdock,0.54115711,0.25052344,2.1601048,0,0.43280237,3.925252
2762,58,14392,2056,5yaq_ISE_C_402,0,surfdock,0.54115711,0.25052344,2.1601048,0,0.8109495,2.4030795
2763,58,14497,2071,5yfj_RUB_A_401,0,surfdock,0.54115711,0.25052344,2.1601048,0,0.8848409,5.0633779
2764,58,14504,2072,5yfj_RUB_B_401,0,surfdock,0.54115711,0.25052344,2.1601048,0,0,3.347755
2765,58,14511,2073,5yfj_RUB_C_401,0,surfdock,0.54115711,0.25052344,2.1601048,0,0,3.5585089
2766,58,14735,2105,6a3j_SOE_A_402,0,surfdock,0.54115711,0.25052344,2.1601048,0,0.0089691686,2.70716
2767,58,14742,2106,6a3j_SOE_B_401,0,surfdock,0.54115711,0.25052344,2.1601048,0,0,2.8121521
2768,58,14749,2107,6a3j_SOE_C_402,0,surfdock,0.54115711,0.25052344,2.1601048,0,0.99701948,2.6262848
2769,58,14756,2108,6a3j_SOE_D_401,0,surfdock,0.54115711,0.25052344,2.1601048,0,0,2.7257798
2770,58,15120,2160,6e2w_DP6_A_403,0,surfdock,0.54115711,0.25052344,2.1601048,0,0.98644199,3.5862724
2771,58,15316,2188,6fjj_LSA_A_302,0,surfdock,0.54115711,0.25052344,2.1601048,0,0.99771514,2.6447889
2772,58,15428,2204,6g3f_FUM_A_601,0,surfdock,0.54115711,0.25052344,2.1601048,0,0.97490132,2.2722554
2773,59,3514,502,1z8p_DEB_A_420,0,surfdock,0.63605009,0.2946175,2.1589003,0,0,4.235781
2774,59,10025,1432,4tsk_TLA_A_404,1,unimol,0.73084422,0.2749848,2.6577613,0,0,24.19
2775,59,16191,2313,6mwl_K5G_A_301,0,surfdock,0.73309021,0.26997435,2.7154059,0,0,3.9724211
2776,59,16198,2314,6mwl_K5G_B_301,0,surfdock,0.72742422,0.2690492,2.7036839,0,0.98814662,6.7304599
2777,59,1421,203,1jyw_147_A_2001,0,surfdock,0.5379268,0.24916693,2.1589003,0,0.98575778,3.5371734
2778,59,1428,204,1jyw_147_C_2001,0,surfdock,0.5379268,0.24916693,2.1589003,0,0.97471888,3.6078683
2779,59,1435,205,1jyx_IPT_A_2001,0,surfdock,0.5379268,0.24916693,2.1589003,0,0,2.9842967
2780,59,1442,206,1jyx_IPT_B_2001,0,surfdock,0.5379268,0.24916693,2.1589003,0,0.98629703,4.5311882
2781,59,1449,207,1jyx_IPT_C_2001,0,surfdock,0.5379268,0.24916693,2.1589003,0,0,2.8209646
2782,59,1456,208,1jyx_IPT_D_2001,0,surfdock,0.5379268,0.24916693,2.1589003,0,0.99098755,3.0708888
2783,59,1463,209,1jyx_IPT_D_2002,0,surfdock,0.5379268,0.24916693,2.1589003,0,0.00063084568,2.8215983
2784,59,4074,582,2d1j_D01_A_700,0,surfdock,0.5379268,0.24916693,2.1589003,0,0,4.4753754
2785,59,4193,599,2ei7_D93_A_700,0,surfdock,0.5379268,0.24916693,2.1589003,0,0,4.5935335
2786,59,7273,1039,4adm_SRT_C_1466,0,surfdock,0.5379268,0.24916693,2.1589003,0,0,2.726333
2787,59,7280,1040,4ajj_88R_C_1335,0,surfdock,0.5379268,0.24916693,2.1589003,0,0.9930883,3.3811996
2788,59,7581,1083,4c67_L5S_A_1170,0,surfdock,0.5379268,0.24916693,2.1589003,0,0,3.2432911
2789,59,8722,1246,4i6w_1CO_A_501,0,surfdock,0.5379268,0.24916693,2.1589003,0,0.00035806334,2.5693181
2790,59,8729,1247,4i6w_1CO_B_1001,0,surfdock,0.5379268,0.24916693,2.1589003,0,0.98595935,2.5322443
2791,59,10437,1491,4xpq_FUL_A_1002,0,surfdock,0.5379268,0.24916693,2.1589003,0,0.99573926,2.1616638
2792,59,10444,1492,4xpq_FUL_A_1003,0,surfdock,0.5379268,0.24916693,2.1589003,0,0.017863074,2.3307931
2793,59,10451,1493,4xpq_FUL_A_1004,0,surfdock,0.5379268,0.24916693,2.1589003,0,0.0056294515,2.0062277
2794,59,10689,1527,4zbc_GLC_B_407,0,surfdock,0.5379268,0.24916693,2.1589003,0,0.081255711,2.4077078
2795,59,11060,1580,5agn_4JK_B_800,0,surfdock,0.5379268,0.24916693,2.1589003,0,2.7294901e-06,2.9000287
2796,59,11123,1589,5b4u_MLA_A_302,0,surfdock,0.5379268,0.24916693,2.1589003,0,0,2.2741432
2797,59,11137,1591,5bkd_AKG_A_502,0,surfdock,0.5379268,0.24916693,2.1589003,0,0.9889843,2.8840909
2798,59,11144,1592,5bkd_AKG_B_502,0,surfdock,0.5379268,0.24916693,2.1589003,0,0.97236046,2.5903196
2799,59,11158,1594,5bkd_RCF_B_503,0,surfdock,0.5379268,0.24916693,2.1589003,0,0.78975612,3.4879136
2800,59,11571,1653,5e4o_L57_A_201,0,surfdock,0.5379268,0.24916693,2.1589003,0,0.0010655202,2.9522823
2801,59,11802,1686,5fal_SKT_A_502,0,surfdock,0.5379268,0.24916693,2.1589003,0,0,6.9604075
2802,59,11963,1709,5fqf_NGA_A_1589,0,surfdock,0.5379268,0.24916693,2.1589003,0,0.51472543,2.5228299
2803,59,11977,1711,5fqf_NGA_B_1586,0,surfdock,0.5379268,0.24916693,2.1589003,0,0.11588472,2.7350391
2804,59,12180,1740,5gwx_SAR_A_302,0,surfdock,0.5379268,0.24916693,2.1589003,0,0,2.1855173
2805,59,12243,1749,5h8q_5YE_B_302,0,surfdock,0.5379268,0.24916693,2.1589003,0,0.98891678,3.8238465
2806,59,12845,1835,5jp9_DCM_A_401,0,surfdock,0.5379268,0.24916693,2.1589003,0,0,3.4574453
2807,59,12852,1836,5jp9_DCM_B_401,0,surfdock,0.5379268,0.24916693,2.1589003,0,0.9815708,3.5409343
2808,59,12894,1842,5kcj_6RM_B_302,0,surfdock,0.5379268,0.24916693,2.1589003,0,0,4.1154145
2809,59,13048,1864,5lu8_5KN_A_306,0,surfdock,0.5379268,0.24916693,2.1589003,0,0,2.8563441
2810,59,13265,1895,5nov_93B_A_201,0,surfdock,0.5379268,0.24916693,2.1589003,0,0.99570964,2.0028032
2811,59,13335,1905,5o4k_9KE_A_405,0,surfdock,0.5379268,0.24916693,2.1589003,0,0.94895827,3.6962761
2812,59,13426,1918,5oip_9WE_A_302,0,surfdock,0.5379268,0.24916693,2.1589003,0,0.93587628,3.5959265
2813,59,13440,1920,5osf_A9E_A_404,0,surfdock,0.5379268,0.24916693,2.1589003,0,0.94604718,2.9091523
2814,59,13468,1924,5syi_NIZ_A_805,0,surfdock,0.5379268,0.24916693,2.1589003,0,0.0015552842,2.3156086
2815,59,13489,1927,5t6b_TMP_A_504,0,surfdock,0.5379268,0.24916693,2.1589003,0,0,2.4370573
2816,59,13496,1928,5t6b_TMP_B_504,0,surfdock,0.5379268,0.24916693,2.1589003,0,0,3.5422913
2817,59,13503,1929,5t6b_TMP_C_503,0,surfdock,0.5379268,0.24916693,2.1589003,0,0.98733835,3.5613031
2818,59,13601,1943,5tde_2HP_B_902,0,surfdock,0.5379268,0.24916693,2.1589003,0,0,1.8370169
2819,59,13608,1944,5tde_FLC_A_501,0,surfdock,0.5379268,0.24916693,2.1589003,0,0.98575395,2.9384996
2820,59,13671,1953,5tix_OQR_A_302,0,surfdock,0.5379268,0.24916693,2.1589003,0,0,3.651984
2821,59,13797,1971,5uim_TYD_B_403,0,surfdock,0.5379268,0.24916693,2.1589003,0,0,3.7773213
2822,59,13937,1991,5v31_ARG_A_401,0,surfdock,0.5379268,0.24916693,2.1589003,0,0,2.8812195
2823,60,2436,348,1q3a_NGH_A_480,0,surfdock,0.64756107,0.29032839,2.2304425,0,0.99064438,3.723508
2824,60,4137,591,2e56_MYR_A_701,0,surfdock,0.71594249,0.27611135,2.5929475,0,0.9766597,3.1923859
2825,60,2450,350,1q3a_NGH_C_481,0,surfdock,0.63086533,0.27568791,2.2883306,0,0.94462054,3.9073967
2826,60,693,99,1gey_PPE_A_413,0,surfdock,0.70505095,0.27304452,2.5821822,0,0,3.9491909
2827,60,4123,589,2e56_MYR_A_501,0,surfdock,0.68758958,0.27242343,2.5239727,0,0.65949861,3.0656147
2828,60,13573,1939,5tch_MLI_G_301,0,surfdock,0.61751103,0.26298496,2.348084,0,0.99705808,2.3257489
2829,60,4130,590,2e56_MYR_A_601,0,surfdock,0.67153249,0.25916269,2.591161,0,0,2.9574193
2830,60,11746,1678,5ezp_IPJ_C_201,0,surfdock,0.58599103,0.25457056,2.3018796,0,0,2.8414261
2831,60,4200,600,2eup_LG4_A_400,0,surfdock,0.53370141,0.24736029,2.1575863,0,0.99484732,2.2853423
2832,60,6475,925,3tyn_CXW_A_800,0,surfdock,0.53370141,0.24736029,2.1575863,0,0,3.9236538
2833,60,7420,1060,4b98_PXG_A_470,0,surfdock,0.53370141,0.24736029,2.1575863,0,0,4.502666
2834,60,7427,1061,4b98_PXG_C_470,0,surfdock,0.53370141,0.24736029,2.1575863,0,0,4.3627894
2835,60,7434,1062,4b98_PXG_D_470,0,surfdock,0.53370141,0.24736029,2.1575863,0,0.99305579,4.3619536
2836,60,7987,1141,4d96_5PA_A_501,0,surfdock,0.53370141,0.24736029,2.1575863,0,0,4.1113181
2837,60,7994,1142,4d96_5PA_B_501,0,surfdock,0.53370141,0.24736029,2.1575863,0,0,4.2029021
2838,60,8001,1143,4d96_5PA_C_402,0,surfdock,0.53370141,0.24736029,2.1575863,0,0,4.1462194
2839,60,8008,1144,4d96_5PA_D_501,0,surfdock,0.53370141,0.24736029,2.1575863,0,0,4.1416012
2840,60,8407,1201,4gh8_MTX_B_201,0,surfdock,0.53370141,0.24736029,2.1575863,0,0.97815095,4.7998497
2841,60,8414,1202,4ghf_4NC_D_402,0,surfdock,0.53370141,0.24736029,2.1575863,0,0,2.5168662
2842,60,9163,1309,4kwl_3SS_A_302,0,surfdock,0.53370141,0.24736029,2.1575863,0,0.98946674,2.3327833
2843,60,9170,1310,4l4d_CAM_A_503,0,surfdock,0.53370141,0.24736029,2.1575863,0,0,2.4387107
2844,60,9436,1348,4n5p_2H0_E_412,0,surfdock,0.53370141,0.24736029,2.1575863,0,0.99056021,3.8310382
2845,60,9884,1412,4r2n_PLP_B_401,0,surfdock,0.53370141,0.24736029,2.1575863,0,0.9848017,4.4674227
2846,60,10171,1453,4ur9_OAN_A_1718,0,surfdock,0.53370141,0.24736029,2.1575863,0,0,3.8598224
2847,60,10178,1454,4ur9_OAN_B_1718,0,surfdock,0.53370141,0.24736029,2.1575863,0,0.89753483,3.9499942
2848,60,11018,1574,5aew_BNL_C_462,0,surfdock,0.53370141,0.24736029,2.1575863,0,0,2.7472478
2849,60,11025,1575,5aew_BNL_I_462,0,surfdock,0.53370141,0.24736029,2.1575863,0,0.99844431,2.7621883
2850,60,11326,1618,5cpn_531_A_401,0,surfdock,0.53370141,0.24736029,2.1575863,0,0.9526016,2.8629017
2851,61,6195,885,3qfx_CP6_B_702,0,surfdock,0.73056899,0.30482371,2.3966925,0,0.98832834,3.1758338
2852,61,6188,884,3qfx_CP6_A_602,0,surfdock,0.73013567,0.30213621,2.4165769,0,0.99170231,3.1645906
2853,61,17136,2448,6szt_M4Q_A_601,0,surfdock,0.59584508,0.27356151,2.1781018,0,0,3.3181746
2854,61,17752,2536,7cne_SIN_A_402,0,surfdock,0.56598974,0.26199818,2.1602802,0,0,2.3433013
2855,61,16486,2355,6ock_9KL_A_601,1,unimol,0.68388818,0.25608859,2.6705132,0,0.98199323,24.7
2856,61,6174,882,3mk1_NPO_A_912,0,surfdock,0.57514988,0.25602292,2.2464771,0,0,2.2563475
2857,61,13384,1912,5ocm_9RH_F_302,0,surfdock,0.53320796,0.24682341,2.1602802,0,0.76143858,2.688134
2858,61,917,131,1h48_GPP_C_904,0,surfdock,0.53279326,0.24663144,2.1602802,0,0.96648463,3.7375205
2859,61,924,132,1h48_GPP_E_904,0,surfdock,0.53279326,0.24663144,2.1602802,0,0,3.1058468
2860,61,4445,635,2g8t_MI2_A_401,0,surfdock,0.53279326,0.24663144,2.1602802,0,0,3.1621988
2861,61,8526,1218,4hez_1MZ_A_304,0,surfdock,0.53279326,0.24663144,2.1602802,0,0.22115159,1.9759462
2862,61,8533,1219,4hez_1MZ_A_306,0,surfdock,0.53279326,0.24663144,2.1602802,0,0.19139974,1.8470742
2863,61,8967,1281,4jhh_H35_A_201,0,surfdock,0.53279326,0.24663144,2.1602802,0,0.96983172,3.172112
2864,61,10045,1435,4u8p_UDP_A_603,0,surfdock,0.53279326,0.24663144,2.1602802,0,0.89250141,1.9156895
2865,61,10206,1458,4v2z_Y70_A_151,0,surfdock,0.53279326,0.24663144,2.1602802,0,0.99272155,3.288723
2866,61,10213,1459,4v2z_Y70_B_151,0,surfdock,0.53279326,0.24663144,2.1602802,0,0.99349922,3.0837612
2867,61,10220,1460,4v2z_Y70_C_151,0,surfdock,0.53279326,0.24663144,2.1602802,0,0.98637397,3.0342082
2868,61,10591,1513,4z2w_AKG_A_401,0,surfdock,0.53279326,0.24663144,2.1602802,0,0.99517206,2.5862603
2869,61,11823,1689,5fe1_12Q_A_901,0,surfdock,0.53279326,0.24663144,2.1602802,0,0.99711882,2.4373441
2870,61,12068,1724,5g4r_LF1_A_1739,0,surfdock,0.53279326,0.24663144,2.1602802,0,0.93962611,4.6108603
2871,61,12075,1725,5g4r_LF1_B_1739,0,surfdock,0.53279326,0.24663144,2.1602802,0,0,4.073532
2872,61,12082,1726,5g4r_LF1_C_1739,0,surfdock,0.53279326,0.24663144,2.1602802,0,0.98728553,4.1278043
2873,61,12089,1727,5g4r_LF1_D_1739,0,surfdock,0.53279326,0.24663144,2.1602802,0,0.36085273,4.3883815
2874,61,12096,1728,5g6g_H8B_A_1367,0,surfdock,0.53279326,0.24663144,2.1602802,0,0.99125968,3.4888824
2875,61,12103,1729,5g6i_M85_A_904,0,surfdock,0.53279326,0.24663144,2.1602802,0,0.96293771,3.3779001
2876,61,12110,1730,5g6k_M94_A_904,0,surfdock,0.53279326,0.24663144,2.1602802,0,0,3.4031997
2877,61,12271,1753,5ha7_WY1_A_402,0,surfdock,0.53279326,0.24663144,2.1602802,0,0.59192995,3.2768745
2878,61,12439,1777,5i95_AKG_A_508,0,surfdock,0.53279326,0.24663144,2.1602802,0,0.8047017,2.3807424
2879,61,12579,1797,5irw_D9P_B_202,0,surfdock,0.53279326,0.24663144,2.1602802,0,0.92073588,3.5065143
2880,61,12810,1830,5jj2_MLI_A_302,0,surfdock,0.53279326,0.24663144,2.1602802,0,0.88094184,2.1428794
2881,61,12817,1831,5jj2_MLI_A_303,0,surfdock,0.53279326,0.24663144,2.1602802,0,0.99342226,2.2277855
2882,61,12824,1832,5jj2_MLI_A_305,0,surfdock,0.53279326,0.24663144,2.1602802,0,0.024031921,1.9220215
2883,61,12901,1843,5kcj_GLU_A_302,0,surfdock,0.53279326,0.24663144,2.1602802,0,0,2.5323555
2884,61,12992,1856,5l7u_NGA_A_601,0,surfdock,0.53279326,0.24663144,2.1602802,0,0.17864294,3.0438014
2885,61,13349,1907,5ocm_9RH_A_302,0,surfdock,0.53279326,0.24663144,2.1602802,0,0.0016953332,2.777137
2886,61,13356,1908,5ocm_9RH_B_302,0,surfdock,0.53279326,0.24663144,2.1602802,0,0.0016603815,2.7029667
2887,61,13363,1909,5ocm_9RH_C_302,0,surfdock,0.53279326,0.24663144,2.1602802,0,0.0016974413,2.6404984
2888,61,13370,1910,5ocm_9RH_D_302,0,surfdock,0.53279326,0.24663144,2.1602802,0,0.001855516,5.7476908
2889,61,13377,1911,5ocm_9RH_E_302,0,surfdock,0.53279326,0.24663144,2.1602802,0,0.9950276,2.7158977
2890,61,13923,1989,5urz_BOG_B_201,0,surfdock,0.53279326,0.24663144,2.1602802,0,0.69756857,3.2140905
2891,61,13972,1996,5vka_AKG_A_402,0,surfdock,0.53279326,0.24663144,2.1602802,0,0.99425499,2.6465563
2892,61,14126,2018,5wcz_NOJ_A_601,0,surfdock,0.53279326,0.24663144,2.1602802,0,0,2.6505941
2893,61,14189,2027,5x0j_SEP_A_302,0,surfdock,0.53279326,0.24663144,2.1602802,0,0,2.7351516
2894,61,14336,2048,5xvv_AKG_A_508,0,surfdock,0.53279326,0.24663144,2.1602802,0,0,2.6650077
2895,61,14385,2055,5y7r_AKG_B_402,0,surfdock,0.53279326,0.24663144,2.1602802,0,0.99479759,2.7682492
2896,61,14609,2087,5z9p_AX7_A_301,0,surfdock,0.53279326,0.24663144,2.1602802,0,0.99849684,2.2667711
2897,61,14616,2088,5z9p_AX7_B_301,0,surfdock,0.53279326,0.24663144,2.1602802,0,0.99588736,2.3088622
2898,61,14819,2117,6ayv_F6P_A_401,0,surfdock,0.53279326,0.24663144,2.1602802,0,0,4.5121928
2899,61,14826,2118,6ayv_F6P_B_401,0,surfdock,0.53279326,0.24663144,2.1602802,0,0.97666965,3.128503
2900,61,14861,2123,6b83_6NA_B_201,0,surfdock,0.53279326,0.24663144,2.1602802,0,0.99297664,2.4600462
2901,62,7917,1131,4d06_NAR_F_302,0,surfdock,0.60956107,0.2716248,2.244128,0,0.9941494,2.0347751
2902,62,13762,1966,5u8z_83D_D_602,0,surfdock,0.5397456,0.25038704,2.1556442,0,0,3.5406719
2903,62,1988,284,1ne4_RP1_A_401,0,surfdock,0.5334044,0.24744537,2.1556442,0,0.9695519,3.6174853
2904,62,4879,697,2o1o_RIS_A_400,0,surfdock,0.5334044,0.24744537,2.1556442,0,0,3.2806648
2905,62,4886,698,2o1o_RIS_B_400,0,surfdock,0.5334044,0.24744537,2.1556442,0,0.92457638,3.2041633
2906,62,7574,1082,4c2z_646_B_1498,0,surfdock,0.5334044,0.24744537,2.1556442,0,0,4.892861
2907,62,7700,1100,4cle_JR2_A_1270,0,surfdock,0.5334044,0.24744537,2.1556442,0,0.99282038,2.6102216
2908,62,7714,1102,4cle_JR2_B_1270,0,surfdock,0.5334044,0.24744537,2.1556442,0,0.99593436,2.6173222
2909,62,7721,1103,4cle_JR2_C_1270,0,surfdock,0.5334044,0.24744537,2.1556442,0,0.99120331,2.5406749
2910,62,7728,1104,4cle_JR2_D_1270,0,surfdock,0.5334044,0.24744537,2.1556442,0,0.99116582,2.5398358
2911,62,8351,1193,4fa2_SB0_A_402,0,surfdock,0.5334044,0.24744537,2.1556442,0,0,4.4662173
2912,62,8379,1197,4g1q_T27_A_601,0,surfdock,0.5334044,0.24744537,2.1556442,0,0,3.5897501
2913,62,8666,1238,4i4v_NGA_B_201,0,surfdock,0.5334044,0.24744537,2.1556442,0,0,2.7348689
2914,62,8673,1239,4i4v_NGA_D_201,0,surfdock,0.5334044,0.24744537,2.1556442,0,0.98665319,2.5786067
2915,62,8680,1240,4i4v_NGA_D_202,0,surfdock,0.5334044,0.24744537,2.1556442,0,0,2.6642417
2916,62,9002,1286,4jzx_476_A_402,0,surfdock,0.5334044,0.24744537,2.1556442,0,0.98889299,3.7889907
2917,62,9009,1287,4jzx_476_B_402,0,surfdock,0.5334044,0.24744537,2.1556442,0,0,3.7939645
2918,62,10339,1477,4wxb_CIT_A_501,0,surfdock,0.5334044,0.24744537,2.1556442,0,0.79853253,3.0019116
2919,62,10346,1478,4wxb_CIT_C_501,0,surfdock,0.5334044,0.24744537,2.1556442,0,0.31199923,2.6004095
2920,62,10353,1479,4wxb_CIT_D_501,0,surfdock,0.5334044,0.24744537,2.1556442,0,0,3.0249008
2921,62,10500,1500,4xzh_48I_A_402,0,surfdock,0.5334044,0.24744537,2.1556442,0,0.99561665,3.9394605
2922,62,10507,1501,4xzh_48I_B_402,0,surfdock,0.5334044,0.24744537,2.1556442,0,0.99490213,3.931736
2923,62,10703,1529,4zhd_4OZ_A_202,0,surfdock,0.5334044,0.24744537,2.1556442,0,0,4.200166
2924,62,10710,1530,4zhd_4OZ_B_202,0,surfdock,0.5334044,0.24744537,2.1556442,0,0.017621969,3.2836428
2925,62,10717,1531,4zhd_4OZ_C_202,0,surfdock,0.5334044,0.24744537,2.1556442,0,0.015308782,3.5120573
2926,62,10997,1571,5ack_SVQ_A_600,0,surfdock,0.5334044,0.24744537,2.1556442,0,0.98842987,3.790792
2927,62,11382,1626,5dav_58J_A_402,0,surfdock,0.5334044,0.24744537,2.1556442,0,0,3.6022738
2928,62,11767,1681,5f35_FLC_A_302,0,surfdock,0.5334044,0.24744537,2.1556442,0,0.97670893,2.9875088
2929,62,12124,1732,5goo_FRU_A_501,0,surfdock,0.5334044,0.24744537,2.1556442,0,0.97635857,2.6561236
2930,62,12131,1733,5goo_FRU_B_501,0,surfdock,0.5334044,0.24744537,2.1556442,0,0,2.7413969
2931,62,12187,1741,5gzz_GSH_C_301,0,surfdock,0.5334044,0.24744537,2.1556442,0,0.9453332,3.6136343
2932,62,12194,1742,5gzz_GSH_E_301,0,surfdock,0.5334044,0.24744537,2.1556442,0,0.89858757,3.4725561
2933,62,12334,1762,5hss_64Z_A_402,0,surfdock,0.5334044,0.24744537,2.1556442,0,0.97133303,2.7930232
2934,62,12341,1763,5hss_64Z_D_403,0,surfdock,0.5334044,0.24744537,2.1556442,0,0,2.8268749
2935,62,12348,1764,5hss_64Z_E_402,0,surfdock,0.5334044,0.24744537,2.1556442,0,0.90557479,2.9847891
2936,62,12502,1786,5ijz_AKG_B_502,0,surfdock,0.5334044,0.24744537,2.1556442,0,0,2.7554986
2937,62,12509,1787,5ijz_AKG_C_502,0,surfdock,0.5334044,0.24744537,2.1556442,0,0,2.6837369
2938,62,12516,1788,5ijz_AKG_D_502,0,surfdock,0.5334044,0.24744537,2.1556442,0,0.99187262,2.6546177
2939,62,12523,1789,5ijz_AKG_E_502,0,surfdock,0.5334044,0.24744537,2.1556442,0,0.97827861,2.5237447
2940,62,12530,1790,5ijz_AKG_H_502,0,surfdock,0.5334044,0.24744537,2.1556442,0,0,2.5232767
2941,62,12572,1796,5ip6_6C9_A_301,0,surfdock,0.5334044,0.24744537,2.1556442,0,0.88842373,3.205158
2942,62,13104,1872,5m62_BGC_A_409,0,surfdock,0.5334044,0.24744537,2.1556442,0,0,2.4140044
2943,62,13139,1877,5mdh_MAK_B_335,0,surfdock,0.5334044,0.24744537,2.1556442,0,0.48841866,2.3427831
2944,62,13146,1878,5mot_HBD_A_401,0,surfdock,0.5334044,0.24744537,2.1556442,0,0.001269066,2.5441215
2945,62,13153,1879,5mot_HBD_A_402,0,surfdock,0.5334044,0.24744537,2.1556442,0,0.94229475,2.187132
2946,62,13244,1892,5njb_BB2_A_502,0,surfdock,0.5334044,0.24744537,2.1556442,0,0.95977064,4.4224969
2947,62,13251,1893,5njb_BB2_C_502,0,surfdock,0.5334044,0.24744537,2.1556442,0,0.96875337,4.3337833
2948,62,13433,1919,5oir_9W8_A_302,0,surfdock,0.5334044,0.24744537,2.1556442,0,0.45972074,3.4277414
2949,62,13741,1963,5u8z_83D_A_602,0,surfdock,0.5334044,0.24744537,2.1556442,0,0,3.429471
2950,62,13748,1964,5u8z_83D_B_602,0,surfdock,0.5334044,0.24744537,2.1556442,0,3.3227494e-07,3.4737884
2951,63,763,109,1gz5_UDP_C_900,0,surfdock,0.69899415,0.2764768,2.528219,0,0.95703959,4.3172244
2952,63,770,110,1gz5_UDP_D_900,0,surfdock,0.7053773,0.27601079,2.555614,0,0,4.3763847
2953,63,1492,213,1kar_HSM_A_502,1,unimol,0.72502463,0.27119156,2.6734769,0,0,32.35
2954,63,15233,2176,6f76_CVK_A_203,1,unimol,0.68466105,0.26870773,2.5479758,0,0.96674668,25.02
2955,63,15240,2177,6f76_CVK_B_203,1,unimol,0.68419919,0.26622342,2.5700178,0,0.99226554,26.56
2956,63,15247,2178,6f76_CVK_C_203,1,unimol,0.68419919,0.26281612,2.603337,0,0.80154271,21.56
2957,63,15254,2179,6f76_CVK_F_203,1,unimol,0.68419919,0.26001918,2.6313403,0,0.97452173,23.15
2958,63,4816,688,2nry_STU_C_503,0,surfdock,0.55699944,0.25803276,2.1586375,0,0.99268149,4.9439056
2959,63,15232,2176,6f76_CVK_A_203,0,surfdock,0.538341,0.24938914,2.1586375,0,0,4.0684282
2960,63,3521,503,1zb6_GST_A_502,0,surfdock,0.53270179,0.24677675,2.1586375,0,0,3.6994587
2961,63,4802,686,2nry_STU_A_504,0,surfdock,0.53270179,0.24677675,2.1586375,0,0.99421219,5.0333872
2962,63,4809,687,2nry_STU_B_502,0,surfdock,0.53270179,0.24677675,2.1586375,0,0.93096274,4.9967589
2963,63,4823,689,2nry_STU_D_501,0,surfdock,0.53270179,0.24677675,2.1586375,0,0.99343246,4.9969553
2964,63,4830,690,2ntk_IMP_A_205,0,surfdock,0.53270179,0.24677675,2.1586375,0,0,3.6712351
2965,63,4837,691,2ntk_IMP_B_206,0,surfdock,0.53270179,0.24677675,2.1586375,0,0.98439979,3.7809618
2966,63,4844,692,2ntk_IMP_C_207,0,surfdock,0.53270179,0.24677675,2.1586375,0,0,3.6942313
2967,63,9107,1301,4kqk_PCR_A_403,0,surfdock,0.53270179,0.24677675,2.1586375,0,0.99598812,2.1222956
2968,63,9114,1302,4kqk_PCR_B_703,0,surfdock,0.53270179,0.24677675,2.1586375,0,0.99704905,2.2732172
2969,63,10101,1443,4udc_DEX_A_1778,0,surfdock,0.53270179,0.24677675,2.1586375,0,0.99319767,4.4621984
2970,63,11333,1619,5cpn_531_B_401,0,surfdock,0.53270179,0.24677675,2.1586375,0,0.99198861,2.9442521
2971,63,11956,1708,5fqf_NGA_A_1588,0,surfdock,0.53270179,0.24677675,2.1586375,0,0.96236063,4.5167768
2972,63,11970,1710,5fqf_NGA_B_1585,0,surfdock,0.53270179,0.24677675,2.1586375,0,0.9868576,2.8796433
2973,63,12026,1718,5g09_6DF_A_1475,0,surfdock,0.53270179,0.24677675,2.1586375,0,0,4.2912402
2974,63,12033,1719,5g09_6DF_C_1475,0,surfdock,0.53270179,0.24677675,2.1586375,0,0,4.3781633
2975,63,12768,1824,5je7_EVF_B_302,0,surfdock,0.53270179,0.24677675,2.1586375,0,0.99305987,2.7529429
2976,63,12775,1825,5jeh_EVF_B_302,0,surfdock,0.53270179,0.24677675,2.1586375,0,0.99037332,2.7972509
2977,63,12782,1826,5jep_EVF_B_302,0,surfdock,0.53270179,0.24677675,2.1586375,0,0.99295943,2.8940951
2978,63,12789,1827,5jep_EVF_B_303,0,surfdock,0.53270179,0.24677675,2.1586375,0,0.45918749,2.5357858
2979,63,12803,1829,5jg5_EVF_B_301,0,surfdock,0.53270179,0.24677675,2.1586375,0,0.992079,2.750246
2980,63,12999,1857,5l7u_NGA_B_601,0,surfdock,0.53270179,0.24677675,2.1586375,0,0.96959322,2.8937726
2981,63,13216,1888,5nh9_XLS_A_503,0,surfdock,0.53270179,0.24677675,2.1586375,0,0.78732848,2.7512124
2982,63,13223,1889,5nh9_XLS_B_503,0,surfdock,0.53270179,0.24677675,2.1586375,0,0,2.6830299
2983,63,13230,1890,5nh9_XLS_C_504,0,surfdock,0.53270179,0.24677675,2.1586375,0,0.97912871,2.6298294
2984,63,13272,1896,5nuk_Z80_A_201,0,surfdock,0.53270179,0.24677675,2.1586375,0,0.97926673,3.657142
2985,63,13825,1975,5uio_LG3_B_201,0,surfdock,0.53270179,0.24677675,2.1586375,0,0.99814409,4.6748922
2986,63,13832,1976,5uio_LG3_C_201,0,surfdock,0.53270179,0.24677675,2.1586375,0,0.9928667,2.1326034
2987,63,13839,1977,5uio_LG3_E_201,0,surfdock,0.53270179,0.24677675,2.1586375,0,0.99610047,2.1445626
2988,63,14273,2039,5xh2_NPO_A_305,0,surfdock,0.53270179,0.24677675,2.1586375,0,0.99645798,2.3087063
2989,63,14280,2040,5xin_XLS_A_397,0,surfdock,0.53270179,0.24677675,2.1586375,0,0.99144466,2.5722516
2990,63,14287,2041,5xin_XLS_C_397,0,surfdock,0.53270179,0.24677675,2.1586375,0,0.95556714,2.6503125
2991,63,14301,2043,5xmq_PLG_A_501,0,surfdock,0.53270179,0.24677675,2.1586375,0,0,3.6743093
2992,63,14308,2044,5xmq_PLG_B_501,0,surfdock,0.53270179,0.24677675,2.1586375,0,2.7062575e-05,3.4261503
2993,63,14315,2045,5xmq_PLG_C_501,0,surfdock,0.53270179,0.24677675,2.1586375,0,0.99155092,3.5081732
2994,63,14560,2080,5z54_0HZ_A_303,0,surfdock,0.53270179,0.24677675,2.1586375,0,0.19287987,3.440524
2995,63,14574,2082,5z54_0HZ_C_303,0,surfdock,0.53270179,0.24677675,2.1586375,0,0.9675157,3.3959918
2996,63,14581,2083,5z54_0HZ_D_303,0,surfdock,0.53270179,0.24677675,2.1586375,0,0.98743691,3.3965882
2997,63,14672,2096,5zpt_HY1_A_702,0,surfdock,0.53270179,0.24677675,2.1586375,0,0.0056048982,2.4072332
2998,63,14679,2097,5zpt_HY1_B_703,0,surfdock,0.53270179,0.24677675,2.1586375,0,0.98684521,2.5010281
2999,63,14686,2098,6a1f_9OF_A_807,0,surfdock,0.53270179,0.24677675,2.1586375,0,0.97926501,3.2909702
3000,63,14693,2099,6a1l_BEZ_A_403,0,surfdock,0.53270179,0.24677675,2.1586375,0,0.99315221,2.4498688
3001,64,3185,455,1w55_C_A_1372,0,surfdock,0.69565503,0.32245544,2.157367,0,1.4510704e-05,2.9015676
3002,64,4907,701,2o7b_HC4_G_701,0,surfdock,0.72078197,0.28453977,2.5331492,0,0.99643873,3.0117049
3003,64,4893,699,2o7b_HC4_C_701,0,surfdock,0.7190668,0.28386268,2.5331492,0,0.99752334,2.9806997
3004,64,6923,989,3wsg_CIT_C_302,0,surfdock,0.56868255,0.26360017,2.157367,0,0.91616998,2.8828145
3005,64,9639,1377,4p7q_NAG_A_703,0,surfdock,0.63487963,0.25666741,2.4735489,0,0.084504057,2.6983645
3006,64,4900,700,2o7b_HC4_D_701,0,surfdock,0.63487963,0.2506285,2.5331492,0,0.99309925,2.9847246
3007,64,8204,1172,4e7v_CRS_Q_101,0,surfdock,0.5379859,0.24937142,2.157367,0,0.99832261,2.0923158
3008,64,7168,1024,3zzm_JLN_A_1526,0,surfdock,0.53689776,0.24886703,2.157367,0,0.96898039,4.0108715
3009,64,7707,1101,4cle_JR2_A_1271,0,surfdock,0.53689776,0.24886703,2.157367,0,0,2.8784623
3010,64,7735,1105,4cle_JR2_D_1271,0,surfdock,0.53689776,0.24886703,2.157367,0,0,2.7985245
3011,64,9275,1325,4lz7_1YW_B_804,0,surfdock,0.53689776,0.24886703,2.157367,0,0.19717189,3.1176897
3012,64,9282,1326,4lz7_1YW_C_804,0,surfdock,0.53689776,0.24886703,2.157367,0,0,3.7917553
3013,64,10143,1449,4uoc_NCN_A_400,0,surfdock,0.53689776,0.24886703,2.157367,0,0.88952884,3.8517679
3014,64,11774,1682,5f79_4V7_A_4000,0,surfdock,0.53689776,0.24886703,2.157367,0,0.96011011,4.4131304
3015,64,11851,1693,5fh3_OXL_A_703,0,surfdock,0.53689776,0.24886703,2.157367,0,0.99741032,1.518635
3016,64,12152,1736,5gwt_SIN_A_302,0,surfdock,0.53689776,0.24886703,2.157367,0,0.99381726,2.4463933
3017,64,12159,1737,5gwt_SIN_B_302,0,surfdock,0.53689776,0.24886703,2.157367,0,0.99454225,2.3507414
3018,64,12166,1738,5gwt_SIN_C_301,0,surfdock,0.53689776,0.24886703,2.157367,0,0,2.4051284
3019,64,12173,1739,5gwt_SIN_D_301,0,surfdock,0.53689776,0.24886703,2.157367,0,0.99502357,2.4128653
3020,64,13188,1884,5n5k_HAE_A_306,0,surfdock,0.53689776,0.24886703,2.157367,0,0.26727682,2.0405031
3021,64,13237,1891,5nj0_8YW_A_301,0,surfdock,0.53689776,0.24886703,2.157367,0,0.98833615,4.0507629
3022,64,13979,1997,5vl0_BNF_B_404,0,surfdock,0.53689776,0.24886703,2.157367,0,0.9898405,2.6030538
3023,64,13986,1998,5vl0_BNF_C_404,0,surfdock,0.53689776,0.24886703,2.157367,0,0.99308429,2.6353773
3024,64,13993,1999,5vl0_BNF_D_404,0,surfdock,0.53689776,0.24886703,2.157367,0,0,2.7367667
3025,64,14042,2006,5vyr_B62_B_301,0,surfdock,0.53689776,0.24886703,2.157367,0,0.97738831,2.4919844
3026,64,14063,2009,5vys_1YJ_A_301,0,surfdock,0.53689776,0.24886703,2.157367,0,0.99314773,2.64742
3027,64,14070,2010,5vys_1YJ_B_301,0,surfdock,0.53689776,0.24886703,2.157367,0,0.98921784,2.5439477
3028,64,14357,2051,5xz7_F6P_A_407,0,surfdock,0.53689776,0.24886703,2.157367,0,0,2.9544196
3029,65,13958,1994,5ved_STU_A_601,0,surfdock,0.66337041,0.30782193,2.155045,0,0,4.8539559
3030,65,16149,2307,6md2_GW9_A_501,0,surfdock,0.53936159,0.25027846,2.155045,0,0.98498776,3.4047518
3031,65,1043,149,1h82_GZZ_B_590,0,surfdock,0.53860184,0.24992592,2.155045,0,0.95906774,3.3983171
3032,65,1050,150,1h82_GZZ_C_590,0,surfdock,0.53860184,0.24992592,2.155045,0,0,4.650908
3033,65,9891,1413,4r3n_3GQ_B_404,0,surfdock,0.53860184,0.24992592,2.155045,0,0.86026705,2.7528801
3034,65,10031,1433,4u2a_A2G_A_303,0,surfdock,0.53860184,0.24992592,2.155045,0,0.99307719,2.7081124
3035,65,10521,1503,4y6n_3PG_A_402,0,surfdock,0.53860184,0.24992592,2.155045,0,0.98158737,2.800526
3036,65,10766,1538,4zsy_RW2_A_502,0,surfdock,0.53860184,0.24992592,2.155045,0,0,4.4133668
3037,65,10773,1539,4zsy_RW2_B_502,0,surfdock,0.53860184,0.24992592,2.155045,0,0,4.3207179
3038,65,10787,1541,4zsy_RW2_D_502,0,surfdock,0.53860184,0.24992592,2.155045,0,0,4.4039708
3039,65,10794,1542,4zu3_4SD_B_302,0,surfdock,0.53860184,0.24992592,2.155045,0,0.95106907,2.4259548
3040,65,10801,1543,4zu3_4SD_C_301,0,surfdock,0.53860184,0.24992592,2.155045,0,0.030118337,2.4367526
3041,65,10815,1545,4zu3_4SD_E_301,0,surfdock,0.53860184,0.24992592,2.155045,0,0.98420085,2.4612195
3042,65,10822,1546,4zu3_4SD_F_301,0,surfdock,0.53860184,0.24992592,2.155045,0,0.98242217,2.588405
3043,65,10955,1565,5a86_D7E_A_1433,0,surfdock,0.53860184,0.24992592,2.155045,0,0.98957987,4.4317822
3044,65,10962,1566,5a86_D7E_B_1432,0,surfdock,0.53860184,0.24992592,2.155045,0,0,4.5542455
3045,65,11172,1596,5bwr_4VT_A_402,0,surfdock,0.53860184,0.24992592,2.155045,0,0,3.2322174
3046,65,11179,1597,5bwr_4VT_B_402,0,surfdock,0.53860184,0.24992592,2.155045,0,2.370869e-05,3.2950947
3047,65,11508,1644,5dr9_SKE_A_401,0,surfdock,0.53860184,0.24992592,2.155045,0,0,3.9061869
3048,65,11830,1690,5fe4_5WY_A_903,0,surfdock,0.53860184,0.24992592,2.155045,0,0.9972424,2.5724385
3049,65,11837,1691,5fe4_5WY_B_904,0,surfdock,0.53860184,0.24992592,2.155045,0,0.99617209,2.599196
3050,65,11858,1694,5fiu_Y3J_A_1299,0,surfdock,0.53860184,0.24992592,2.155045,0,0,3.670506
3051,65,11865,1695,5fiu_Y3J_B_1299,0,surfdock,0.53860184,0.24992592,2.155045,0,0,3.5077773
3052,65,11872,1696,5fiu_Y3J_C_1299,0,surfdock,0.53860184,0.24992592,2.155045,0,0.98945543,3.5932209
3053,65,12145,1735,5gto_MYR_A_502,0,surfdock,0.53860184,0.24992592,2.155045,0,0,3.2528566
3054,65,12887,1841,5kas_PC_A_517,0,surfdock,0.53860184,0.24992592,2.155045,0,0,2.8016502
3055,65,13132,1876,5m8d_UGI_B_501,0,surfdock,0.53860184,0.24992592,2.155045,0,0.98035145,4.6029128
3056,65,13195,1885,5n63_8OW_A_401,0,surfdock,0.53860184,0.24992592,2.155045,0,0.98231541,4.0246137
3057,65,13769,1967,5uap_82S_A_505,0,surfdock,0.53860184,0.24992592,2.155045,0,0.042905437,2.3985072
3058,65,13804,1972,5uio_8DM_A_202,0,surfdock,0.53860184,0.24992592,2.155045,0,0.98649564,3.3342614
3059,65,13811,1973,5uio_8DM_C_202,0,surfdock,0.53860184,0.24992592,2.155045,0,0,2.3758216
3060,65,14140,2020,5wgk_AGJ_A_816,0,surfdock,0.53860184,0.24992592,2.155045,0,0.9639104,3.5570316
3061,65,14588,2084,5z9b_AX7_A_304,0,surfdock,0.53860184,0.24992592,2.155045,0,0.99593375,2.314979
3062,65,14840,2120,6b5k_TYD_A_304,0,surfdock,0.53860184,0.24992592,2.155045,0,0.94791251,3.8337928
3063,65,14847,2121,6b5k_TYD_B_304,0,surfdock,0.53860184,0.24992592,2.155045,0,0.97336789,2.5916104
3064,65,14868,2124,6b9p_D0J_B_1001,0,surfdock,0.53860184,0.24992592,2.155045,0,0.17947829,4.1147184
3065,65,14917,2131,6bqx_9AG_A_201,0,surfdock,0.53860184,0.24992592,2.155045,0,0.99148885,2.9544538
3066,65,14966,2138,6c1i_EEY_A_501,0,surfdock,0.53860184,0.24992592,2.155045,0,0.9899883,3.342108
3067,65,14973,2139,6c1i_EEY_B_501,0,surfdock,0.53860184,0.24992592,2.155045,0,0.99469493,3.2989511
3068,65,14980,2140,6c1i_KNA_A_502,0,surfdock,0.53860184,0.24992592,2.155045,0,0.00045524375,2.8018676
3069,65,15323,2189,6fld_DQ5_A_604,0,surfdock,0.53860184,0.24992592,2.155045,0,0,3.8511134
3070,65,15330,2190,6fld_NAG_A_601,0,surfdock,0.53860184,0.24992592,2.155045,0,0,4.977785
3071,65,15344,2192,6fld_NAG_A_603,0,surfdock,0.53860184,0.24992592,2.155045,0,0,2.4289316
3072,65,15470,2210,6gl4_GLU_A_301,0,surfdock,0.53860184,0.24992592,2.155045,0,0,2.676258
3073,65,15477,2211,6gl4_GLU_B_301,0,surfdock,0.53860184,0.24992592,2.155045,0,0,2.6146568
3074,65,15540,2220,6hl7_CP_A_401,0,surfdock,0.53860184,0.24992592,2.155045,0,0.99479686,2.3298442
3075,65,15547,2221,6hl7_CP_C_401,0,surfdock,0.53860184,0.24992592,2.155045,0,0.92243022,2.3841801
3076,65,15778,2254,6jme_BVU_A_409,0,surfdock,0.53860184,0.24992592,2.155045,0,0.99346171,4.5754759
3077,65,15855,2265,6jz4_EVA_A_701,0,surfdock,0.53860184,0.24992592,2.155045,0,0.97526108,2.7072699
3078,65,15869,2267,6jz6_CKX_B_701,0,surfdock,0.53860184,0.24992592,2.155045,0,0.85205996,2.9694935
3079,66,17634,2519,6ypv_AKG_A_302,1,unimol,0.68432949,0.303862,2.2521052,0,0.95992978,25.72
3080,66,3591,513,1zfj_IMP_A_500,0,surfdock,0.63742546,0.29514679,2.1596887,0,0.98325547,3.9429367
3081,66,14000,2000,5vrj_R07_A_204,0,surfdock,0.61210543,0.28342286,2.1596887,0,0,4.5797791
3082,66,7462,1066,4bq5_GAL_C_1,0,surfdock,0.53834653,0.24927032,2.1596887,0,0,3.550776
3083,66,8260,1180,4ejh_0QA_A_502,0,surfdock,0.53834653,0.24927032,2.1596887,0,0.99249055,3.0687066
3084,66,8274,1182,4ejh_0QA_E_502,0,surfdock,0.53834653,0.24927032,2.1596887,0,0.72563523,3.0545412
3085,66,8281,1183,4ejh_0QA_F_502,0,surfdock,0.53834653,0.24927032,2.1596887,0,0,3.0859733
3086,66,8477,1211,4h4c_10D_A_402,0,surfdock,0.53834653,0.24927032,2.1596887,0,0,3.1501993
3087,66,8484,1212,4h4c_10D_B_402,0,surfdock,0.53834653,0.24927032,2.1596887,0,0,3.2391694
3088,66,9807,1401,4qbz_D80_A_917,0,surfdock,0.53834653,0.24927032,2.1596887,0,6.5425734e-05,3.4114184
3089,66,11305,1615,5cjn_52F_A_809,0,surfdock,0.53834653,0.24927032,2.1596887,0,0.99020367,3.4173138
3090,66,12201,1743,5gzz_JAA_A_601,0,surfdock,0.53834653,0.24927032,2.1596887,0,0,3.2524495
3091,66,12481,1783,5igs_GMP_A_403,0,surfdock,0.53834653,0.24927032,2.1596887,0,0.97818636,3.2658476
3092,66,13111,1873,5m66_ADN_B_502,0,surfdock,0.53834653,0.24927032,2.1596887,0,0.99174247,3.4764264
3093,66,13118,1874,5m66_ADN_C_502,0,surfdock,0.53834653,0.24927032,2.1596887,0,0.9892735,3.6478271
3094,66,13125,1875,5m66_ADN_D_502,0,surfdock,0.53834653,0.24927032,2.1596887,0,0.98273753,3.5209557
3095,66,13475,1925,5t3h_BEN_A_302,0,surfdock,0.53834653,0.24927032,2.1596887,0,0.99801722,2.3055867
3096,66,13650,1950,5thu_B3N_A_404,0,surfdock,0.53834653,0.24927032,2.1596887,0,0.83072565,3.6242909
3097,66,13657,1951,5thu_B3N_B_404,0,surfdock,0.53834653,0.24927032,2.1596887,0,0,3.6837984
3098,66,14854,2122,6b6r_BEN_A_302,0,surfdock,0.53834653,0.24927032,2.1596887,0,0.99817632,2.4207113
3099,66,14924,2132,6br1_E3Y_B_505,0,surfdock,0.53834653,0.24927032,2.1596887,0,0,3.8733641
3100,66,14945,2135,6bxk_MTA_A_401,0,surfdock,0.53834653,0.24927032,2.1596887,0,0.95733431,3.2100823
3101,66,14952,2136,6bxk_MTA_B_401,0,surfdock,0.53834653,0.24927032,2.1596887,0,0.99068009,3.2735543
3102,66,14959,2137,6c17_DNX_A_202,0,surfdock,0.53834653,0.24927032,2.1596887,0,0.0062003955,2.9046743
3103,66,14987,2141,6c1x_DNX_A_203,0,surfdock,0.53834653,0.24927032,2.1596887,0,0,2.8562423
3104,66,15260,2180,6f77_PLP_A_600,0,surfdock,0.53834653,0.24927032,2.1596887,0,0,3.3309306
3105,66,15267,2181,6f77_PLP_D_600,0,surfdock,0.53834653,0.24927032,2.1596887,0,0,3.2995387
3106,66,15274,2182,6f7r_CIT_A_1002,0,surfdock,0.53834653,0.24927032,2.1596887,0,0.89067245,2.7060803
3107,66,15281,2183,6f7r_CIT_A_1003,0,surfdock,0.53834653,0.24927032,2.1596887,0,0.84794682,2.4750404
3108,66,15498,2214,6gqk_F88_A_1001,0,surfdock,0.53834653,0.24927032,2.1596887,0,0.9841873,5.0144745
3109,66,15813,2259,6jwy_PH2_A_802,0,surfdock,0.53834653,0.24927032,2.1596887,0,0.9927468,2.8593223
3110,66,16065,2295,6lql_F0C_A_702,0,surfdock,0.53834653,0.24927032,2.1596887,0,0.9818878,3.441678
3111,66,16093,2299,6ly4_TES_A_501,0,surfdock,0.53834653,0.24927032,2.1596887,0,0.99030392,3.4256508
3112,66,16107,2301,6m5m_NAG_B_202,0,surfdock,0.53834653,0.24927032,2.1596887,0,0,2.8526762
3113,66,16114,2302,6m92_J8V_A_601,0,surfdock,0.53834653,0.24927032,2.1596887,0,0,4.1553239
3114,66,16163,2309,6mry_FLC_A_101,0,surfdock,0.53834653,0.24927032,2.1596887,0,0.98769566,2.8375034
3115,66,16177,2311,6mry_FLC_C_102,0,surfdock,0.53834653,0.24927032,2.1596887,0,0.76872413,1.878073
3116,66,16226,2318,6n9r_OHN_A_303,0,surfdock,0.53834653,0.24927032,2.1596887,0,0,3.6656246
3117,66,16233,2319,6n9r_OHN_P_308,0,surfdock,0.53834653,0.24927032,2.1596887,0,0,4.9715103
3118,66,16240,2320,6n9r_OHN_X_305,0,surfdock,0.53834653,0.24927032,2.1596887,0,0,3.6359243
3119,66,16429,2347,6nyo_U94_A_301,0,surfdock,0.53834653,0.24927032,2.1596887,0,0,4.334854
3120,66,16541,2363,6ooi_PGA_A_301,0,surfdock,0.53834653,0.24927032,2.1596887,0,0.92030802,2.4227927
3121,66,16548,2364,6ooi_PGA_B_301,0,surfdock,0.53834653,0.24927032,2.1596887,0,0.98859826,2.6196375
3122,66,16555,2365,6ooi_PGA_C_302,0,surfdock,0.53834653,0.24927032,2.1596887,0,0,2.3664186
3123,66,16562,2366,6ooi_PGA_F_301,0,surfdock,0.53834653,0.24927032,2.1596887,0,0.99383737,2.5150154
3124,66,16569,2367,6ooi_PGA_G_301,0,surfdock,0.53834653,0.24927032,2.1596887,0,0,2.5711845
3125,66,16576,2368,6ooi_PGA_H_302,0,surfdock,0.53834653,0.24927032,2.1596887,0,0.98955924,2.4886914
3126,66,16744,2392,6qaw_HVE_A_402,0,surfdock,0.53834653,0.24927032,2.1596887,0,0,2.9467002
3127,66,16835,2405,6qot_6SD_A_301,0,surfdock,0.53834653,0.24927032,2.1596887,0,0.99085635,2.9141685
3128,66,16870,2410,6r5o_BGC_A_801,0,surfdock,0.53834653,0.24927032,2.1596887,0,0,2.5207564
3129,67,777,111,1h0v_UN4_A_1299,0,surfdock,0.53754918,0.24875914,2.1609213,0,0,5.1399468
3130,67,9016,1288,4jzx_IPE_A_401,0,surfdock,0.53754918,0.24875914,2.1609213,0,0,2.9595068
3131,67,9023,1289,4jzx_IPE_B_401,0,surfdock,0.53754918,0.24875914,2.1609213,0,0.98659831,3.0483309
3132,67,10948,1564,5a7p_6Z1_A_1361,0,surfdock,0.53754918,0.24875914,2.1609213,0,0.92192178,3.9367071
3133,67,11102,1586,5b4o_6DQ_A_201,0,surfdock,0.53754918,0.24875914,2.1609213,0,3.9933693e-06,2.9824868
3134,67,11109,1587,5b4o_6DQ_B_201,0,surfdock,0.53754918,0.24875914,2.1609213,0,0.91413971,3.1405133
3135,67,11116,1588,5b4o_6DQ_B_202,0,surfdock,0.53754918,0.24875914,2.1609213,0,0.25459049,2.7683218
3136,67,12950,1850,5kts_CIZ_A_402,0,surfdock,0.53754918,0.24875914,2.1609213,0,0,2.5460426
3137,67,14056,2008,5vyr_GMP_B_303,0,surfdock,0.53754918,0.24875914,2.1609213,0,0.99858409,2.2419566
3138,67,14406,2058,5yb7_ORN_A_602,0,surfdock,0.53754918,0.24875914,2.1609213,0,0.98493186,2.5456619
3139,67,14413,2059,5yb7_ORN_A_603,0,surfdock,0.53754918,0.24875914,2.1609213,0,0.98024333,2.567118
3140,67,14420,2060,5yb7_ORN_B_602,0,surfdock,0.53754918,0.24875914,2.1609213,0,0,2.4964718
3141,67,14427,2061,5yb7_ORN_C_602,0,surfdock,0.53754918,0.24875914,2.1609213,0,0.985926,2.4821416
3142,67,14434,2062,5yb7_ORN_C_603,0,surfdock,0.53754918,0.24875914,2.1609213,0,0,2.4462348
3143,67,14931,2133,6btn_E8M_A_304,0,surfdock,0.53754918,0.24875914,2.1609213,0,0,3.943499
3144,67,15176,2168,6f2b_AKG_A_402,0,surfdock,0.53754918,0.24875914,2.1609213,0,0,2.7284423
3145,67,15190,2170,6f2v_AMP_A_1001,0,surfdock,0.53754918,0.24875914,2.1609213,0,0,3.873853
3146,67,15197,2171,6f2v_AMP_B_1001,0,surfdock,0.53754918,0.24875914,2.1609213,0,0,3.7240255
3147,67,15211,2173,6f66_CUT_A_300,0,surfdock,0.53754918,0.24875914,2.1609213,0,0.99597963,3.1862527
3148,67,15575,2225,6hmw_FUL_C_203,0,surfdock,0.53754918,0.24875914,2.1609213,0,0.73038698,2.09118
3149,67,15582,2226,6hmw_FUL_D_204,0,surfdock,0.53754918,0.24875914,2.1609213,0,0.98560724,2.2932097
3150,67,15589,2227,6hmw_FUL_E_204,0,surfdock,0.53754918,0.24875914,2.1609213,0,0.96679926,2.2916218
3151,67,15596,2228,6hmw_FUL_F_202,0,surfdock,0.53754918,0.24875914,2.1609213,0,0.98868244,2.3045245
3152,67,15603,2229,6hmw_FUL_G_202,0,surfdock,0.53754918,0.24875914,2.1609213,0,0.90053132,2.2474215
3153,67,15610,2230,6hmw_FUL_J_201,0,surfdock,0.53754918,0.24875914,2.1609213,0,0.98788541,2.1591158
3154,67,15988,2284,6l68_ALL_A_202,0,surfdock,0.53754918,0.24875914,2.1609213,0,0.00076258625,2.4381239
3155,67,16205,2315,6n0z_DP6_A_401,0,surfdock,0.53754918,0.24875914,2.1609213,0,0,3.4991585
3156,67,16212,2316,6n0z_DP6_E_401,0,surfdock,0.53754918,0.24875914,2.1609213,0,0.97835863,3.5882475
3157,67,16219,2317,6n0z_DP6_F_401,0,surfdock,0.53754918,0.24875914,2.1609213,0,0,5.7352749
3158,67,16268,2324,6ncx_ADA_A_601,0,surfdock,0.53754918,0.24875914,2.1609213,0,0,2.6376895
3159,67,16275,2325,6ncx_ADA_B_601,0,surfdock,0.53754918,0.24875914,2.1609213,0,0,2.7753469
3160,67,16282,2326,6ncx_ADA_C_601,0,surfdock,0.53754918,0.24875914,2.1609213,0,0,2.7199956
3161,67,16289,2327,6ncx_ADA_D_601,0,surfdock,0.53754918,0.24875914,2.1609213,0,0,2.6086906
3162,67,16359,2337,6nig_NAG_A_604,0,surfdock,0.53754918,0.24875914,2.1609213,0,0,2.2956318
3163,67,16366,2338,6nig_NAG_A_605,0,surfdock,0.53754918,0.24875914,2.1609213,0,0.092778866,2.4513284
3164,67,16373,2339,6nig_NAG_B_803,0,surfdock,0.53754918,0.24875914,2.1609213,0,0,3.9859583
3165,67,16380,2340,6nig_NAG_C_802,0,surfdock,0.53754918,0.24875914,2.1609213,0,0.030090878,2.3609887
3166,67,16387,2341,6nig_NAG_D_602,0,surfdock,0.53754918,0.24875914,2.1609213,0,3.2248292e-05,2.3810261
3167,67,16415,2345,6nsu_DYA_A_402,0,surfdock,0.53754918,0.24875914,2.1609213,0,0,2.5503455
3168,67,16464,2352,6o2z_LJV_A_500,0,surfdock,0.53754918,0.24875914,2.1609213,0,0.98556962,4.1146221
3169,67,16471,2353,6o2z_LJV_B_500,0,surfdock,0.53754918,0.24875914,2.1609213,0,0.98356638,4.1275777
3170,67,16590,2370,6paf_O6A_A_509,0,surfdock,0.53754918,0.24875914,2.1609213,0,0.98378176,4.0674754
3171,67,16856,2408,6qrn_RIP_A_500,0,surfdock,0.53754918,0.24875914,2.1609213,0,0.026538018,2.0622046
3172,67,16877,2411,6r5o_BGC_B_802,0,surfdock,0.53754918,0.24875914,2.1609213,0,0.066333765,2.498755
3173,67,16996,2428,6s23_KSW_A_402,0,surfdock,0.53754918,0.24875914,2.1609213,0,0.22710281,2.0800246
3174,67,17052,2436,6s9g_L1Q_A_306,0,surfdock,0.53754918,0.24875914,2.1609213,0,0.94764216,2.7907181
3175,67,17059,2437,6sds_L8N_A_302,0,surfdock,0.53754918,0.24875914,2.1609213,0,0.98422833,3.5819436
3176,67,17094,2442,6sux_BEN_A_302,0,surfdock,0.53754918,0.24875914,2.1609213,0,0.99755928,2.4550788
3177,67,17129,2447,6szl_M3E_B_604,0,surfdock,0.53754918,0.24875914,2.1609213,0,0.34560644,2.842487
3178,67,17178,2454,6t0a_M58_B_601,0,surfdock,0.53754918,0.24875914,2.1609213,0,0.88004269,2.4306977
3179,68,16506,2358,6ofr_BOG_A_802,0,surfdock,0.69554906,0.30229566,2.300889,0,0,3.0557283
3180,68,16520,2360,6ofr_BOG_A_806,0,surfdock,0.63280344,0.28289031,2.2369206,0,1.7497465e-10,3.002983
3181,68,9401,1343,4mop_2H5_B_802,0,surfdock,0.64719902,0.25607075,2.5274217,0,0.99591975,2.7138877
3182,68,4914,702,2o7d_DHC_A_701,0,surfdock,0.53986784,0.2499459,2.1599379,0,0.98973217,2.9650377
3183,68,4921,703,2o7d_DHC_B_701,0,surfdock,0.53522506,0.2477964,2.1599379,0,0.99689158,3.0411967
3184,68,4928,704,2o7d_DHC_E_701,0,surfdock,0.53522506,0.2477964,2.1599379,0,0.99706755,2.8678815
3185,68,4935,705,2o7d_DHC_G_701,0,surfdock,0.53522506,0.2477964,2.1599379,0,0.98389492,3.0795984
3186,68,4942,706,2o7d_DHC_H_701,0,surfdock,0.53522506,0.2477964,2.1599379,0,0.99861374,6.0677179
3187,68,8855,1265,4iph_1FJ_A_201,0,surfdock,0.53522506,0.2477964,2.1599379,0,0.98293708,3.4917041
3188,68,9030,1290,4k5g_Q13_A_803,0,surfdock,0.53522506,0.2477964,2.1599379,0,0.021061927,3.7725091
3189,68,9037,1291,4k5g_Q13_B_803,0,surfdock,0.53522506,0.2477964,2.1599379,0,0.22522573,3.8466717
3190,68,11417,1631,5del_D59_A_603,0,surfdock,0.53522506,0.2477964,2.1599379,0,0.54678837,3.8634853
3191,68,11606,1658,5eo7_SFU_A_402,0,surfdock,0.53522506,0.2477964,2.1599379,0,0,3.0833849
3192,68,11620,1660,5eo7_SFU_B_401,0,surfdock,0.53522506,0.2477964,2.1599379,0,0.94623429,2.44376
3193,68,11627,1661,5eo7_SFU_B_402,0,surfdock,0.53522506,0.2477964,2.1599379,0,0.97909445,2.5528808
3194,68,11634,1662,5eo7_SFU_B_404,0,surfdock,0.53522506,0.2477964,2.1599379,0,0,2.6196737
3195,68,11641,1663,5eo7_SFU_C_401,0,surfdock,0.53522506,0.2477964,2.1599379,0,0.84803217,2.5149213
3196,68,11648,1664,5eo7_SFU_C_402,0,surfdock,0.53522506,0.2477964,2.1599379,0,0,2.4691404
3197,68,11655,1665,5eo7_SFU_C_403,0,surfdock,0.53522506,0.2477964,2.1599379,0,0.70668546,2.3554724
3198,68,11662,1666,5eo7_SFU_C_404,0,surfdock,0.53522506,0.2477964,2.1599379,0,0.96825835,2.5507333
3199,68,11669,1667,5eo7_SFU_C_405,0,surfdock,0.53522506,0.2477964,2.1599379,0,0,2.5481625
3200,68,11676,1668,5eo8_TFU_A_402,0,surfdock,0.53522506,0.2477964,2.1599379,0,0.86508143,2.4219273
3201,68,11683,1669,5eo8_TFU_A_403,0,surfdock,0.53522506,0.2477964,2.1599379,0,0.9876577,2.5016119
3202,68,11690,1670,5eo8_TFU_A_405,0,surfdock,0.53522506,0.2477964,2.1599379,0,0,2.5782269
3203,68,11697,1671,5eo8_TFU_A_406,0,surfdock,0.53522506,0.2477964,2.1599379,0,0.89876625,2.5101829
3204,68,13405,1915,5oew_GLU_A_301,0,surfdock,0.53522506,0.2477964,2.1599379,0,0,2.3361478
3205,68,13412,1916,5oew_GLU_B_902,0,surfdock,0.53522506,0.2477964,2.1599379,0,0,2.7533071
3206,68,13419,1917,5oew_GLU_C_302,0,surfdock,0.53522506,0.2477964,2.1599379,0,0,2.5678235
3207,69,6762,966,3w4i_8LG_B_402,0,surfdock,0.63277665,0.27560002,2.2959955,0,0.34595657,2.161602
3208,69,6769,967,3w4i_8LG_D_402,0,surfdock,0.63277665,0.26470673,2.390481,0,0.98985977,2.1518189
3209,69,9653,1379,4p7q_NAG_A_706,0,surfdock,0.63277665,0.26094019,2.4249864,0,0.11122306,2.8605044
3210,69,5845,835,2xyj_WLM_A_1441,0,surfdock,0.53518811,0.24767961,2.1608071,0,0.98196518,5.0469894
3211,69,5859,837,2xyj_WLM_B_1441,0,surfdock,0.53518811,0.24767961,2.1608071,0,0.85546994,5.0574008
3212,69,5866,838,2xyj_WLM_B_1442,0,surfdock,0.53518811,0.24767961,2.1608071,0,0.92627018,4.93018
3213,69,7973,1139,4d5e_TPP_B_1590,0,surfdock,0.53518811,0.24767961,2.1608071,0,0,4.6451007
3214,69,11389,1627,5ddu_PMP_A_601,0,surfdock,0.53518811,0.24767961,2.1608071,0,0.98996833,3.4104584
3215,69,11396,1628,5ddu_PMP_B_601,0,surfdock,0.53518811,0.24767961,2.1608071,0,0.21266363,3.185501
3216,69,11403,1629,5ddu_PMP_C_601,0,surfdock,0.53518811,0.24767961,2.1608071,0,0.9915381,3.33637
3217,69,11410,1630,5ddu_PMP_D_601,0,surfdock,0.53518811,0.24767961,2.1608071,0,0.99385418,3.3943615
3218,69,11704,1672,5eso_ISC_B_602,0,surfdock,0.53518811,0.24767961,2.1608071,0,0,3.1666127
3219,69,13531,1933,5tch_MLI_A_301,0,surfdock,0.53518811,0.24767961,2.1608071,0,0.99560524,2.2362386
3220,69,13538,1934,5tch_MLI_B_501,0,surfdock,0.53518811,0.24767961,2.1608071,0,0.99862595,2.1242608
3221,69,13545,1935,5tch_MLI_C_301,0,surfdock,0.53518811,0.24767961,2.1608071,0,0.99645158,2.2680171
3222,69,13552,1936,5tch_MLI_D_501,0,surfdock,0.53518811,0.24767961,2.1608071,0,0.99581503,2.2337338
3223,69,13559,1937,5tch_MLI_E_301,0,surfdock,0.53518811,0.24767961,2.1608071,0,0.99810456,2.1694318
3224,69,13580,1940,5tch_MLI_H_501,0,surfdock,0.53518811,0.24767961,2.1608071,0,0.93544723,2.2382551
3225,69,13685,1955,5tlg_7EG_A_601,0,surfdock,0.53518811,0.24767961,2.1608071,0,0.98490613,4.1517105
3226,69,13706,1958,5tvr_AKG_A_402,0,surfdock,0.53518811,0.24767961,2.1608071,0,0.99076666,2.7752645
3227,69,13713,1959,5tvr_AKG_B_402,0,surfdock,0.53518811,0.24767961,2.1608071,0,0.99751272,2.7110469
3228,69,14763,2109,6a6s_FSA_A_502,0,surfdock,0.53518811,0.24767961,2.1608071,0,0,3.2258419
3229,69,14812,2116,6axu_BTM_A_401,0,surfdock,0.53518811,0.24767961,2.1608071,0,0.98361336,3.1384913
3230,69,15001,2143,6cgc_F0A_A_402,0,surfdock,0.53518811,0.24767961,2.1608071,0,0.72459197,4.8100504
3231,69,15008,2144,6cgc_F0A_B_402,0,surfdock,0.53518811,0.24767961,2.1608071,0,0.96937185,4.819187
3232,69,15526,2218,6h8p_OGA_A_504,0,surfdock,0.53518811,0.24767961,2.1608071,0,0,2.7037712
3233,69,15687,2241,6i4b_ORO_A_602,0,surfdock,0.53518811,0.24767961,2.1608071,0,0.2092047,2.6925923
3234,69,15694,2242,6i4b_ORO_B_602,0,surfdock,0.53518811,0.24767961,2.1608071,0,0.0075869235,2.6159834
3235,69,15708,2244,6ijp_IMP_A_402,0,surfdock,0.53518811,0.24767961,2.1608071,0,0,3.9231299
3236,69,15736,2248,6jc7_F0G_A_601,0,surfdock,0.53518811,0.24767961,2.1608071,0,0.99311049,3.8970423
3237,69,15799,2257,6jws_PT1_A_801,0,surfdock,0.53518811,0.24767961,2.1608071,0,0.99481599,4.1123534
3238,69,15806,2258,6jws_PT1_B_801,0,surfdock,0.53518811,0.24767961,2.1608071,0,0.99679335,3.967422
3239,69,15995,2285,6l7v_3PO_A_302,0,surfdock,0.53518811,0.24767961,2.1608071,0,0,2.7631884
3240,69,16009,2287,6l86_LMR_C_302,0,surfdock,0.53518811,0.24767961,2.1608071,0,0.0034258343,2.4930934
3241,69,16023,2289,6l86_MLT_A_303,0,surfdock,0.53518811,0.24767961,2.1608071,0,0,2.4925379
3242,69,16702,2386,6pvi_OZ7_A_501,0,surfdock,0.53518811,0.24767961,2.1608071,0,0,5.2398418
3243,69,16730,2390,6q4r_HJ5_A_1009,0,surfdock,0.53518811,0.24767961,2.1608071,0,0,4.7933326
3244,69,16779,2397,6qli_4LR_A_301,0,surfdock,0.53518811,0.24767961,2.1608071,0,0,2.2221372
3245,69,16786,2398,6qni_GLC_A_402,0,surfdock,0.53518811,0.24767961,2.1608071,0,0,2.8081526
3246,69,16793,2399,6qnj_GLC_A_402,0,surfdock,0.53518811,0.24767961,2.1608071,0,0.98690736,2.6589538
3247,69,17150,2450,6t02_M5E_A_602,0,surfdock,0.53518811,0.24767961,2.1608071,0,0.00016206908,2.4487206
3248,69,17157,2451,6t02_M5E_B_601,0,surfdock,0.53518811,0.24767961,2.1608071,0,0,2.749192
3249,69,17164,2452,6t07_M45_B_601,0,surfdock,0.53518811,0.24767961,2.1608071,0,0.00023881849,2.6244922
3250,69,17318,2474,6tor_PMP_A_504,0,surfdock,0.53518811,0.24767961,2.1608071,0,0.98598829,3.3116397
3251,69,17325,2475,6tor_PMP_B_504,0,surfdock,0.53518811,0.24767961,2.1608071,0,0,3.1503947
3252,69,17367,2481,6ufd_Q6D_A_305,0,surfdock,0.53518811,0.24767961,2.1608071,0,0.99286006,3.8250929
3253,69,17437,2491,6vmz_NAG_C_402,0,surfdock,0.53518811,0.24767961,2.1608071,0,0,2.3727086
3254,69,17444,2492,6vmz_NAG_E_402,0,surfdock,0.53518811,0.24767961,2.1608071,0,0,2.0931056
3255,69,17465,2495,6vo2_R67_A_403,0,surfdock,0.53518811,0.24767961,2.1608071,0,0,2.646546
3256,69,17521,2503,6x9d_HYP_A_2002,0,surfdock,0.53518811,0.24767961,2.1608071,0,0.97339818,2.4746377
3257,70,9506,1358,4nkw_PLO_A_601,0,surfdock,0.69859025,0.32144011,2.1733129,0,0.98700299,3.884379
3258,70,9513,1359,4nkw_PLO_D_601,0,surfdock,0.69851223,0.32140421,2.1733129,0,0.98034375,3.9260768
3259,70,15904,2272,6krs_CIT_D_301,0,surfdock,0.66577705,0.26642798,2.4988997,0,0,2.8327839
3260,70,15932,2276,6krs_CIT_I_301,0,surfdock,0.66908897,0.26571133,2.5181038,0,0.014972373,2.8803471
3261,70,15897,2271,6krs_CIT_B_301,0,surfdock,0.64640853,0.26281535,2.459553,0,0.016753714,2.914619
3262,70,15925,2275,6krs_CIT_H_301,0,surfdock,0.6448827,0.26219498,2.459553,0,0.015301673,2.8154706
3263,70,15918,2274,6krs_CIT_G_301,0,surfdock,0.64182362,0.26095123,2.459553,0,0,2.8188775
3264,70,15911,2273,6krs_CIT_F_301,0,surfdock,0.64464629,0.25888182,2.4901171,0,0,2.7896287
3265,70,17633,2519,6ypv_AKG_A_302,0,surfdock,0.67998585,0.25794152,2.6362007,0,0.99691914,2.588406
3266,70,15939,2277,6krs_CIT_J_301,0,surfdock,0.64671496,0.25682607,2.5181038,0,0.015352468,2.82186
3267,70,1876,268,1m9j_CLW_A_906,0,surfdock,0.63071451,0.25188774,2.5039499,0,0.0010600658,2.3760469
3268,70,8834,1262,4i9n_1E6_H_401,0,surfdock,0.53828331,0.24915759,2.1604121,0,0.7574588,3.946664
3269,70,1883,269,1m9j_CLW_B_907,0,surfdock,0.63071451,0.24908724,2.5321019,0,0.54462011,2.3748651
3270,70,3605,515,1zgj_P1S_A_0,0,surfdock,0.53491525,0.2475986,2.1604121,0,0,3.3084767
3271,70,4508,644,2gyw_OBI_A_952,0,surfdock,0.53491525,0.2475986,2.1604121,0,0.98696586,3.7537951
3272,70,4515,645,2gyw_OBI_B_953,0,surfdock,0.53491525,0.2475986,2.1604121,0,0.95715683,3.7105317
3273,70,5264,752,2qse_1HP_A_1,0,surfdock,0.53491525,0.2475986,2.1604121,0,0.99307504,3.305021
3274,70,7882,1126,4d06_NAR_A_301,0,surfdock,0.53491525,0.2475986,2.1604121,0,0,3.660561
3275,70,7889,1127,4d06_NAR_C_301,0,surfdock,0.53491525,0.2475986,2.1604121,0,0,3.5536592
3276,70,7896,1128,4d06_NAR_D_302,0,surfdock,0.53491525,0.2475986,2.1604121,0,1.0028765e-06,2.7220765
3277,70,7903,1129,4d06_NAR_E_301,0,surfdock,0.53491525,0.2475986,2.1604121,0,0.99419914,3.5008715
3278,70,7910,1130,4d06_NAR_F_301,0,surfdock,0.53491525,0.2475986,2.1604121,0,0.97458134,2.9190977
3279,70,8806,1258,4i9n_1E6_A_401,0,surfdock,0.53491525,0.2475986,2.1604121,0,0.99021964,4.1110327
3280,70,8813,1259,4i9n_1E6_D_401,0,surfdock,0.53491525,0.2475986,2.1604121,0,0.94817512,4.0885962
3281,70,8820,1260,4i9n_1E6_F_401,0,surfdock,0.53491525,0.2475986,2.1604121,0,0,4.1717616
3282,70,8827,1261,4i9n_1E6_G_401,0,surfdock,0.53491525,0.2475986,2.1604121,0,0,4.0368414
3283,70,13461,1923,5r9u_JMM_A_401,0,surfdock,0.53491525,0.2475986,2.1604121,0,0.98952802,3.2809346
3284,70,13720,1960,5u5g_7VD_D_302,0,surfdock,0.53491525,0.2475986,2.1604121,0,0.99126469,2.3721521
3285,70,14007,2001,5vut_9OG_A_803,0,surfdock,0.53491525,0.2475986,2.1604121,0,0.93034317,3.2684947
3286,70,14028,2004,5vv0_9OM_A_803,0,surfdock,0.53491525,0.2475986,2.1604121,0,4.6152954e-10,3.1277612
3287,70,14378,2054,5y7r_58K_B_403,0,surfdock,0.53491525,0.2475986,2.1604121,0,0,3.511197
3288,70,14700,2100,6a1l_BEZ_A_404,0,surfdock,0.53491525,0.2475986,2.1604121,0,0.98537155,2.114208
3289,70,15218,2174,6f6a_CU5_A_301,0,surfdock,0.53491525,0.2475986,2.1604121,0,0.01624386,3.7568908
3290,70,15225,2175,6f6a_CU5_B_301,0,surfdock,0.53491525,0.2475986,2.1604121,0,0.90033323,3.7317386
3291,70,15372,2196,6flu_DTK_A_406,0,surfdock,0.53491525,0.2475986,2.1604121,0,0.98205729,2.2180148
3292,70,15673,2239,6i4b_E2N_A_603,0,surfdock,0.53491525,0.2475986,2.1604121,0,0.99096788,3.7158556
3293,70,15680,2240,6i4b_E2N_B_603,0,surfdock,0.53491525,0.2475986,2.1604121,0,7.2887036e-08,3.672595
3294,70,15743,2249,6jc7_F0G_D_601,0,surfdock,0.53491525,0.2475986,2.1604121,0,0.9843174,4.1559317
3295,70,15764,2252,6jmd_BVO_A_408,0,surfdock,0.53491525,0.2475986,2.1604121,0,0.99417619,4.7117748
3296,70,15792,2256,6jq8_CIT_A_302,0,surfdock,0.53491525,0.2475986,2.1604121,0,0.99450081,2.6079996
3297,70,15974,2282,6l59_CIT_B_403,0,surfdock,0.53491525,0.2475986,2.1604121,0,0,2.8874198
3298,70,16919,2417,6rbx_JYT_A_301,0,surfdock,0.53491525,0.2475986,2.1604121,0,0.98338246,2.9368482
3299,70,17248,2464,6tbx_N0Z_C_303,0,surfdock,0.53491525,0.2475986,2.1604121,0,0.99274841,2.6759466
3300,70,17255,2465,6tfb_N6W_B_202,0,surfdock,0.53491525,0.2475986,2.1604121,0,0.074752336,3.0878839
3301,70,17262,2466,6tgi_N8Z_A_508,0,surfdock,0.53491525,0.2475986,2.1604121,0,0.99346529,2.872143
3302,70,17430,2490,6vlu_CIT_A_701,0,surfdock,0.53491525,0.2475986,2.1604121,0,0.32936247,2.5197273
3303,70,17528,2504,6x9d_HYP_B_2002,0,surfdock,0.53491525,0.2475986,2.1604121,0,0.96682013,2.4940242
3304,70,17542,2506,6xim_XLS_B_397,0,surfdock,0.53491525,0.2475986,2.1604121,0,0,2.7509804
3305,70,17549,2507,6xim_XLS_C_397,0,surfdock,0.53491525,0.2475986,2.1604121,0,0,2.6097931
3306,70,17556,2508,6xim_XLS_D_397,0,surfdock,0.53491525,0.2475986,2.1604121,0,0.99130531,2.7630395
3307,71,13083,1869,5lwy_OLB_A_409,0,surfdock,0.64913973,0.30030264,2.1616175,0,0,3.6953378
3308,71,1225,175,1iwe_IMP_A_460,0,surfdock,0.62739566,0.29024347,2.1616175,0,0,4.1346542
3309,71,1232,176,1iwe_IMP_B_1443,0,surfdock,0.62739566,0.29024347,2.1616175,0,0.97852813,3.9338565
3310,71,1239,177,1iwe_IMP_B_1452,0,surfdock,0.62739566,0.29024347,2.1616175,0,0,3.855453
3311,71,13055,1865,5lwy_OLB_A_402,0,surfdock,0.62739566,0.29024347,2.1616175,0,0.7943107,3.5660739
3312,71,6986,998,3wur_O4B_B_202,0,surfdock,0.62432635,0.28882357,2.1616175,0,0.63647398,2.9475527
3313,71,13069,1867,5lwy_OLB_A_404,0,surfdock,0.62739566,0.28844785,2.1750739,0,0,2.6132184
3314,71,6993,999,3wur_O4B_B_204,0,surfdock,0.61961012,0.28664176,2.1616175,0,0.61499371,5.0012376
3315,71,6979,997,3wur_O4B_B_201,0,surfdock,0.61353605,0.2838318,2.1616175,0,0.83349925,2.8370223
3316,71,6965,995,3wur_O4B_A_201,0,surfdock,0.60223349,0.27860304,2.1616175,0,0,1.751724
3317,71,6972,996,3wur_O4B_A_202,0,surfdock,0.57541886,0.26619816,2.1616175,0,0.97220594,2.8915291
3318,71,2100,300,1nuw_F6P_A_2336,0,surfdock,0.53459676,0.24731319,2.1616175,0,0,3.1148016
3319,71,2107,301,1nux_F6P_A_2339,0,surfdock,0.53459676,0.24731319,2.1616175,0,0.9712401,3.2576205
3320,71,5446,778,2uza_HTL_B_1236,0,surfdock,0.53459676,0.24731319,2.1616175,0,0,5.1718785
3321,71,9394,1342,4mop_2H5_A_802,0,surfdock,0.53459676,0.24731319,2.1616175,0,0.011034262,2.6123004
3322,71,10122,1446,4ug7_1EV_A_904,0,surfdock,0.53459676,0.24731319,2.1616175,0,0.96100584,3.9405823
3323,71,12796,1828,5jfx_6K4_A_4000,0,surfdock,0.53459676,0.24731319,2.1616175,0,0.94136716,5.14817
3324,71,15113,2159,6dyt_PP3_B_1501,0,surfdock,0.53459676,0.24731319,2.1616175,0,0.97243767,3.745098
3325,71,15435,2205,6g5q_EMZ_A_401,0,surfdock,0.53459676,0.24731319,2.1616175,0,0.97669323,2.7710394
3326,71,15554,2222,6hl9_SIN_A_402,0,surfdock,0.53459676,0.24731319,2.1616175,0,0,2.3919278
3327,71,15561,2223,6hl9_SIN_B_402,0,surfdock,0.53459676,0.24731319,2.1616175,0,0.98131883,2.3904057
3328,71,15638,2234,6hqr_3DM_A_502,0,surfdock,0.53459676,0.24731319,2.1616175,0,0.99658488,2.7735888
3329,71,15645,2235,6hsg_GM5_A_504,0,surfdock,0.53459676,0.24731319,2.1616175,0,0,3.6036237
3330,71,15652,2236,6hsg_GM5_B_504,0,surfdock,0.53459676,0.24731319,2.1616175,0,0.99615439,3.5827768
3331,71,15659,2237,6hsg_GM5_C_504,0,surfdock,0.53459676,0.24731319,2.1616175,0,0,3.5754749
3332,71,15666,2238,6hsg_GM5_D_504,0,surfdock,0.53459676,0.24731319,2.1616175,0,0,3.5893399
3333,71,16394,2342,6nni_CP6_B_203,0,surfdock,0.53459676,0.24731319,2.1616175,0,0.99069624,3.1632869
3334,71,16597,2371,6pdd_O9S_A_803,0,surfdock,0.53459676,0.24731319,2.1616175,0,0.98388279,4.1660172
3335,71,16751,2393,6qdb_HWQ_A_1003,0,surfdock,0.53459676,0.24731319,2.1616175,0,0.98756333,3.6584325
3336,71,16758,2394,6qde_HWW_A_502,0,surfdock,0.53459676,0.24731319,2.1616175,0,0,4.3564466
3337,71,16765,2395,6qde_HWW_A_503,0,surfdock,0.53459676,0.24731319,2.1616175,0,0,3.8018302
3338,71,16954,2422,6rhc_K48_A_305,0,surfdock,0.53459676,0.24731319,2.1616175,0,0.9953123,2.7247411
3339,71,16982,2426,6rq3_OUC_A_401,0,surfdock,0.53459676,0.24731319,2.1616175,0,0.028560803,3.8336933
3340,71,17066,2438,6si4_LEK_B_402,0,surfdock,0.53459676,0.24731319,2.1616175,0,0.95633218,3.5722978
3341,71,17073,2439,6sj8_44V_A_901,0,surfdock,0.53459676,0.24731319,2.1616175,0,0,2.3987671
3342,71,17080,2440,6sj8_44V_B_901,0,surfdock,0.53459676,0.24731319,2.1616175,0,0.99360757,2.4858739
3343,71,17115,2445,6sxr_KHP_A_513,0,surfdock,0.53459676,0.24731319,2.1616175,0,0,3.2260952
3344,71,17199,2457,6t5p_VD8_A_302,0,surfdock,0.53459676,0.24731319,2.1616175,0,0.99121313,3.3118705
3345,71,17206,2458,6t5p_VD8_B_302,0,surfdock,0.53459676,0.24731319,2.1616175,0,0,3.4626318
3346,71,17213,2459,6t5p_VD8_C_302,0,surfdock,0.53459676,0.24731319,2.1616175,0,0,3.3303335
3347,71,17220,2460,6t5p_VD8_D_302,0,surfdock,0.53459676,0.24731319,2.1616175,0,0.99554728,3.3310801
3348,71,17409,2487,6uxr_K6G_B_202,0,surfdock,0.53459676,0.24731319,2.1616175,0,0,3.0856607
3349,71,17451,2493,6vmz_R3P_C_404,0,surfdock,0.53459676,0.24731319,2.1616175,0,1.4709773e-07,5.4356133
3350,71,17458,2494,6vmz_R3P_E_403,0,surfdock,0.53459676,0.24731319,2.1616175,0,2.4401517e-07,3.3076102
3351,71,17591,2513,6xzx_O5H_A_302,0,surfdock,0.53459676,0.24731319,2.1616175,0,0.86854814,3.9064581
3352,71,17598,2514,6xzx_O5H_B_302,0,surfdock,0.53459676,0.24731319,2.1616175,0,0.97270403,4.0864214
3353,71,17675,2525,6zjw_GAL_A_1101,0,surfdock,0.53459676,0.24731319,2.1616175,0,0.99808136,2.6631945
3354,71,17682,2526,6zjw_GAL_A_1102,0,surfdock,0.53459676,0.24731319,2.1616175,0,0.080685273,2.4234933
3355,71,17717,2531,7bqu_EF2_A_501,0,surfdock,0.53459676,0.24731319,2.1616175,0,0.78958698,4.8244849
3356,71,17780,2540,7kje_NRD_A_405,0,surfdock,0.53459676,0.24731319,2.1616175,0,0,3.1184695
3357,72,280,40,1d7a_AIR_A_300,0,surfdock,0.53353313,0.24669837,2.1626933,0,0.67609753,3.3867431
3358,72,287,41,1d7a_AIR_B_350,0,surfdock,0.53353313,0.24669837,2.1626933,0,0.95471767,3.5235584
3359,72,294,42,1d7a_AIR_C_400,0,surfdock,0.53353313,0.24669837,2.1626933,0,0,3.386709
3360,72,301,43,1d7a_AIR_D_450,0,surfdock,0.53353313,0.24669837,2.1626933,0,0.97994517,3.3899028
3361,72,10514,1502,4y14_C0A_A_407,0,surfdock,0.53353313,0.24669837,2.1626933,0,0.96805373,3.7273408
3362,72,11004,1572,5adi_TUE_A_800,0,surfdock,0.53353313,0.24669837,2.1626933,0,0.99028658,3.311625
3363,72,11011,1573,5adi_TUE_B_800,0,surfdock,0.53353313,0.24669837,2.1626933,0,0,2.9844704
3364,72,11046,1578,5agl_CCW_A_800,0,surfdock,0.53353313,0.24669837,2.1626933,0,0.92788286,3.3183287
3365,72,11053,1579,5agl_CCW_B_800,0,surfdock,0.53353313,0.24669837,2.1626933,0,0.82902421,3.176015
3366,72,12859,1837,5jtt_6MY_A_902,0,surfdock,0.53353313,0.24669837,2.1626933,0,0,3.9764336
3367,72,12866,1838,5jtu_6NE_A_902,0,surfdock,0.53353313,0.24669837,2.1626933,0,0,4.4630817
3368,72,14441,2063,5ybl_AKG_A_302,0,surfdock,0.53353313,0.24669837,2.1626933,0,0.00032760129,2.3866711
3369,72,14448,2064,5ybl_AKG_C_302,0,surfdock,0.53353313,0.24669837,2.1626933,0,0.9948874,2.6361814
3370,72,14455,2065,5ybp_AKG_A_302,0,surfdock,0.53353313,0.24669837,2.1626933,0,0.99764391,2.5540868
3371,72,14462,2066,5ybp_AKG_B_302,0,surfdock,0.53353313,0.24669837,2.1626933,0,0,2.4768621
3372,72,14483,2069,5ybq_AKG_A_302,0,surfdock,0.53353313,0.24669837,2.1626933,0,0.99649565,2.6230688
3373,72,14490,2070,5ybq_AKG_B_302,0,surfdock,0.53353313,0.24669837,2.1626933,0,0,2.6138444
3374,72,15288,2184,6fa1_D2Z_A_203,0,surfdock,0.53353313,0.24669837,2.1626933,0,0.0022376178,3.3110667
3375,72,15295,2185,6fa1_D2Z_B_203,0,surfdock,0.53353313,0.24669837,2.1626933,0,0.13906551,3.6498885
3376,72,15302,2186,6fa1_D2Z_F_203,0,surfdock,0.53353313,0.24669837,2.1626933,0,0.07383777,3.5673856
3377,72,15351,2193,6flu_DTK_A_401,0,surfdock,0.53353313,0.24669837,2.1626933,0,0.15435641,3.3352154
3378,72,15365,2195,6flu_DTK_A_403,0,surfdock,0.53353313,0.24669837,2.1626933,0,0.92117095,3.3213897
3379,72,15379,2197,6flu_DTK_B_406,0,surfdock,0.53353313,0.24669837,2.1626933,0,0.11624599,3.2869045
3380,72,15631,2233,6hpx_GKQ_A_205,0,surfdock,0.53353313,0.24669837,2.1626933,0,0.95569734,3.718744
3381,72,15946,2278,6kxh_DY9_A_401,0,surfdock,0.53353313,0.24669837,2.1626933,0,0,2.6099155
3382,72,15960,2280,6kxh_DY9_C_402,0,surfdock,0.53353313,0.24669837,2.1626933,0,0.025170642,3.5320594
3383,72,15967,2281,6kxh_DY9_D_402,0,surfdock,0.53353313,0.24669837,2.1626933,0,0.99606636,3.613444
3384,72,16737,2391,6qa7_HTW_A_901,0,surfdock,0.53353313,0.24669837,2.1626933,0,0,4.3105448
3385,73,16031,2290,6l8a_BAL_C_504,1,unimol,0.68473601,0.31650736,2.1634116,0,0.9793028,26.49
3386,73,16038,2291,6l8a_BAL_D_507,1,unimol,0.68473601,0.31650736,2.1634116,0,0.9740703,29.06
3387,73,15141,2163,6e40_BBJ_D_502,0,surfdock,0.62180168,0.28741706,2.1634116,0,0,3.9760494
3388,73,3430,490,1y5x_E89_D_1500,0,surfdock,0.62180168,0.24742,2.5131414,0,0,4.2996906
3389,73,2723,389,1sqk_LAR_A_378,0,surfdock,0.53253343,0.24615436,2.1634116,0,0,4.1738179
3390,73,7392,1056,4b1f_KRH_B_1257,0,surfdock,0.53253343,0.24615436,2.1634116,0,0,4.4550356
3391,73,10010,1430,4tqi_6BD_A_201,0,surfdock,0.53253343,0.24615436,2.1634116,0,0.92487826,3.0719504
3392,73,10017,1431,4tqi_6BD_B_201,0,surfdock,0.53253343,0.24615436,2.1634116,0,0.95377808,3.0380911
3393,73,10332,1476,4wua_3UL_A_701,0,surfdock,0.53253343,0.24615436,2.1634116,0,0.98708508,4.1555126
3394,73,11368,1624,5d41_57N_A_1103,0,surfdock,0.53253343,0.24615436,2.1634116,0,0,4.0562689
3395,73,14035,2005,5vv5_9OJ_A_803,0,surfdock,0.53253343,0.24615436,2.1634116,0,0.06298845,3.3779899
3396,73,14469,2067,5ybq_8T0_A_303,0,surfdock,0.53253343,0.24615436,2.1634116,0,0.94937369,4.857475
3397,73,14476,2068,5ybq_8T0_B_303,0,surfdock,0.53253343,0.24615436,2.1634116,0,0,4.8460158
3398,73,14623,2089,5zg2_9C0_A_902,0,surfdock,0.53253343,0.24615436,2.1634116,0,0.99541605,3.5175097
3399,73,14777,2111,6ald_2FP_A_700,0,surfdock,0.53253343,0.24615436,2.1634116,0,0,3.3039596
3400,73,14784,2112,6ald_2FP_B_700,0,surfdock,0.53253343,0.24615436,2.1634116,0,0,3.4088113
3401,73,16030,2290,6l8a_BAL_C_504,0,surfdock,0.53253343,0.24615436,2.1634116,0,0.97370188,1.965551
3402,73,16037,2291,6l8a_BAL_D_507,0,surfdock,0.53253343,0.24615436,2.1634116,0,0.99811306,2.0140837
3403,73,16401,2343,6nnn_G1P_A_503,0,surfdock,0.53253343,0.24615436,2.1634116,0,0,3.0251333
3404,73,16408,2344,6nnp_G6P_A_502,0,surfdock,0.53253343,0.24615436,2.1634116,0,0.94313773,3.0576638
3405,73,16653,2379,6png_OSG_A_802,0,surfdock,0.53253343,0.24615436,2.1634116,0,0.98981277,3.5959518
3406,73,16660,2380,6png_OSG_A_803,0,surfdock,0.53253343,0.24615436,2.1634116,0,0.21349137,3.5545441
3407,73,16961,2423,6rhk_K4B_A_302,0,surfdock,0.53253343,0.24615436,2.1634116,0,0,3.834408
3408,73,17290,2470,6tof_NQE_A_201,0,surfdock,0.53253343,0.24615436,2.1634116,0,0.99410309,3.0767051
3409,73,17416,2488,6v9f_QTS_B_2001,0,surfdock,0.53253343,0.24615436,2.1634116,0,0.99519611,3.3556348
3410,73,17689,2527,7a2h_QX2_A_401,0,surfdock,0.53253343,0.24615436,2.1634116,0,0,2.436884
3411,73,17696,2528,7bp1_CAQ_A_401,0,surfdock,0.53253343,0.24615436,2.1634116,0,0.99365204,2.1987162
3412,73,17703,2529,7bp1_CAQ_C_401,0,surfdock,0.53253343,0.24615436,2.1634116,0,0.99441545,2.3096333
3413,73,17710,2530,7bp1_CAQ_D_401,0,surfdock,0.53253343,0.24615436,2.1634116,0,0.98569628,2.2339641
3414,73,17759,2537,7cwd_GLC_A_901,0,surfdock,0.53253343,0.24615436,2.1634116,0,0,2.4647971
3415,73,2485,355,1q92_DRM_A_1001,0,surfdock,0.53190183,0.24586241,2.1634116,0,0.98807652,3.3656483
3416,73,3220,460,1wmz_A2G_B_502,0,surfdock,0.53190183,0.24586241,2.1634116,0,0.95253956,5.7626129
3417,73,11081,1583,5aov_GLV_A_1356,0,surfdock,0.53190183,0.24586241,2.1634116,0,0.25342018,2.0008279
3418,73,16667,2381,6png_OSG_B_801,0,surfdock,0.53190183,0.24586241,2.1634116,0,0.44401434,3.6063752
3419,73,16674,2382,6png_OSG_B_804,0,surfdock,0.53190183,0.24586241,2.1634116,0,0.46300822,3.5148393
3420,73,2601,371,1rum_BEZ_H_1601,4,gnina,0.52336503,0.24191642,2.1634116,0,0.0063939891,2.0156254
3421,73,14014,2002,5vuu_9OJ_A_805,0,surfdock,0.53253343,0.24174893,2.2028358,0,0.0001329821,3.5126246
3422,73,9933,1419,4rje_PYR_C_402,0,surfdock,0.53253343,0.24074765,2.2119975,0,0,2.143351
3423,73,14021,2003,5vuu_9OJ_B_803,0,surfdock,0.53253343,0.23729412,2.2441905,0,0.69973667,3.5522171
3424,73,9926,1418,4rje_PYR_B_402,0,surfdock,0.53253343,0.2350022,2.2660775,0,0.99591366,2.0832032
3425,73,17787,2541,7kjg_BTM_A_406,0,surfdock,0.53253343,0.23418566,2.2739787,0,0.98037926,3.1350962
3426,73,17724,2532,7bzm_GIM_A_501,0,surfdock,0.53253343,0.23354849,2.2801826,0,0.99316825,2.8914248
3427,73,17731,2533,7bzm_GIM_B_501,0,surfdock,0.53253343,0.23354849,2.2801826,0,0,2.8959662
3428,73,8232,1176,4e9z_651_A_301,0,surfdock,0.53253343,0.23231381,2.2923012,0,0.99823689,3.4438554
3429,73,17238,2462,6tbx_N0Z_A_302,4,gnina,0.52225051,0.23145206,2.256408,0,0.0057607347,2.8788846
3430,73,16926,2418,6rgg_K3Q_B_401,0,surfdock,0.53253343,0.23103502,2.3049891,0,0.034880406,2.7226447
3431,73,16933,2419,6rgg_K3Q_B_405,0,surfdock,0.53253343,0.23098086,2.3055296,0,0.081699856,2.6789604
3432,73,4428,632,2fzb_TOL_A_900,4,gnina,0.498555,0.23044842,2.1634116,0,9.7095543e-08,4.129758
3433,73,2489,355,1q92_DRM_A_1001,4,gnina,0.49843512,0.230393,2.1634116,0,0.90616134,2.8860929
3434,73,11085,1583,5aov_GLV_A_1356,4,gnina,0.49843512,0.230393,2.1634116,0,6.9610012e-06,1.8988451
3435,74,49,7,1aer_TIA_B_700,0,surfdock,0.62149675,0.28768081,2.1603682,0,0,2.8914188
3436,74,16485,2355,6ock_9KL_A_601,0,surfdock,0.67790834,0.25461913,2.6624398,0,0.86336569,3.6795148
3437,74,3598,514,1zg3_2HI_A_365,0,surfdock,0.53209059,0.24629614,2.1603682,0,0.80538256,3.2325869
3438,74,10115,1445,4ug6_XFJ_A_904,0,surfdock,0.53209059,0.24629614,2.1603682,0,0.038658154,3.4637802
3439,74,10430,1490,4xp3_DX4_A_401,0,surfdock,0.53209059,0.24629614,2.1603682,0,0,2.3439056
3440,74,12467,1781,5ice_2H4_A_402,0,surfdock,0.53209059,0.24629614,2.1603682,0,0,3.7571836
3441,74,15883,2269,6k92_GT0_A_802,0,surfdock,0.53209059,0.24629614,2.1603682,0,0.99321628,2.8607249
3442,74,15890,2270,6k92_GT0_B_602,0,surfdock,0.53209059,0.24629614,2.1603682,0,0.99388675,2.7717407
3443,74,16842,2406,6qqs_JCZ_A_301,0,surfdock,0.53209059,0.24629614,2.1603682,0,0.53484623,3.0488607
3444,74,16849,2407,6qqs_JCZ_B_301,0,surfdock,0.53209059,0.24629614,2.1603682,0,0.92756935,2.9582012
3445,74,17353,2479,6u6c_P1T_B_502,0,surfdock,0.53209059,0.24629614,2.1603682,0,0.97466412,4.1595916
3446,74,17360,2480,6u6c_P1T_F_805,0,surfdock,0.53209059,0.24629614,2.1603682,0,0,4.087873
3447,74,17794,2542,8cpp_TCM_A_422,0,surfdock,0.53209059,0.24629614,2.1603682,0,0.078946401,1.7516298
3448,74,9911,1415,4rg3_ECE_A_603,6,smina,0.52459923,0.24282851,2.1603682,0,0.97253955,0.48393132
3449,74,9919,1417,4rje_PYR_A_402,0,surfdock,0.53209059,0.23110628,2.3023622,0,0.74839893,2.16723
3450,74,12488,1784,5ihe_D5M_A_701,0,surfdock,0.53209059,0.22632785,2.3509717,0,0,3.4489489
3451,74,8222,1174,4e7v_CRS_U_101,4,gnina,0.4843159,0.22418201,2.1603682,0,0.97613473,1.8972115
3452,74,12586,1798,5ita_6DC_B_801,0,surfdock,0.53311316,0.22401949,2.3797615,0,0.51378784,4.4532884
3453,74,5891,841,2y4j_LAC_A_400,4,gnina,0.48063127,0.22247645,2.1603682,0,0.9311136,1.9278967
3454,74,17805,2543,8icd_ICT_A_418,4,gnina,0.47794178,0.22123153,2.1603682,0,0.03138311,3.9024302
3455,74,8957,1279,4jb0_FER_A_401,4,gnina,0.47685942,0.22073053,2.1603682,0,0,2.590765
3456,74,270,38,1d6u_HY1_A_2001,4,gnina,0.475414,0.22006146,2.1603682,0,0.99548726,3.365729
3457,74,1383,197,1jhv_PCR_A_990,4,gnina,0.47540318,0.22005646,2.1603682,0,0.0054470704,1.4717022
3458,74,8173,1167,4e7v_CRS_G_101,4,gnina,0.4753911,0.22005087,2.1603682,0,0.99424206,1.9860705
3459,74,3840,548,2bdg_PBZ_B_302,4,gnina,0.47538346,0.22004733,2.1603682,0,0.99663567,2.0442574
3460,74,1670,238,1l5o_2MP_A_990,4,gnina,0.47537719,0.22004442,2.1603682,0,0.014184438,2.133076
3461,74,3364,480,1xl0_OX2_A_998,4,gnina,0.47535526,0.22003427,2.1603682,0,0.97801986,4.2111748
3462,74,12401,1771,5i5s_NVU_B_402,4,gnina,0.4753408,0.22002758,2.1603682,0,0.00035780691,2.1824575
3463,74,11036,1576,5afy_WCE_H_1248,4,gnina,0.4753368,0.22002573,2.1603682,0,0.00072854404,2.0662803
3464,74,16818,2402,6qol_JB5_A_301,4,gnina,0.47533501,0.2200249,2.1603682,0,0.00077986611,1.9604026
3465,74,8229,1175,4e7v_CRS_Y_101,4,gnina,0.47531133,0.22001394,2.1603682,0,0.28434399,2.387796
3466,74,9685,1383,4pbr_2L7_A_401,4,gnina,0.4753082,0.22001249,2.1603682,0,0.96567063,3.9323819
3467,74,9636,1376,4p5y_NGA_A_201,4,gnina,0.47527732,0.2199982,2.1603682,0,0.37464,1.9933696
3468,74,8180,1168,4e7v_CRS_I_101,4,gnina,0.47527387,0.2199966,2.1603682,0,0.4515021,2.198755
3469,74,8194,1170,4e7v_CRS_M_101,4,gnina,0.47527076,0.21999516,2.1603682,0,0.99087744,2.2684131
3470,74,8201,1171,4e7v_CRS_O_101,4,gnina,0.47526442,0.21999223,2.1603682,0,0.99386439,2.0819867
3471,74,8152,1164,4e7v_CRS_A_101,4,gnina,0.47525865,0.21998956,2.1603682,0,0.16944603,2.1415978
3472,74,1943,277,1mrj_ADN_A_300,4,gnina,0.47525528,0.219988,2.1603682,0,0,2.0540218
3473,74,2307,329,1pbd_PAB_A_396,4,gnina,0.47522965,0.21997613,2.1603682,0,0.99154026,1.6654052
3474,74,10413,1487,4xh4_PPI_A_504,4,gnina,0.47522676,0.21997479,2.1603682,0,0.86211515,1.6115082
3475,74,6913,987,3wr4_GDE_B_502,4,gnina,0.47521896,0.21997118,2.1603682,0,0.87567593,2.6180599
3476,74,8187,1169,4e7v_CRS_K_101,4,gnina,0.47518884,0.21995724,2.1603682,0,0.98189861,2.4312182
3477,74,16832,2404,6qor_JBK_B_301,4,gnina,0.47517989,0.2199531,2.1603682,0,0.010140233,1.7147998
3478,74,12002,1714,5fv3_OGA_A_1770,4,gnina,0.47516629,0.2199468,2.1603682,0,9.6099507e-05,2.1420857
3479,74,8145,1163,4e7v_CRS_3_101,4,gnina,0.4751254,0.21992788,2.1603682,0,0.69783633,2.5607993
3480,74,7011,1001,3wwc_BUA_A_403,4,gnina,0.4751234,0.21992695,2.1603682,0,3.367669e-05,1.4521994
3481,74,445,63,1e8g_FCR_B_601,4,gnina,0.4750892,0.21991112,2.1603682,0,0.066671352,3.6890268
3482,74,10364,1480,4x36_CHT_A_408,4,gnina,0.47506917,0.21990185,2.1603682,0,0.060996447,1.6217252
3483,74,16041,2291,6l8a_BAL_D_507,4,gnina,0.47506649,0.21990061,2.1603682,0,0.20411744,8.1227891
3484,74,13591,1941,5tde_2HP_A_502,4,gnina,0.47505948,0.21989736,2.1603682,0,0.24861088,1.9975333
3485,75,5223,746,2qhv_OC9_A_1001,1,unimol,0.77986573,0.33820018,2.3059285,0,0.98433836,20.85
3486,75,4103,586,2e1a_MSE_D_301,1,unimol,0.77819742,0.28053017,2.7740231,0,0.96764968,19.22
3487,75,77,11,1aiq_UMP_B_266,0,surfdock,0.62127074,0.268939,2.3100796,0,0.96432939,3.4255911
3488,75,5663,809,2whq_HI6_B_1545,0,surfdock,0.62127074,0.26370236,2.3559535,0,0.00242729,2.8310324
3489,75,5656,808,2whq_HI6_A_1543,0,surfdock,0.62127074,0.26030451,2.3867066,0,0.0044690692,2.6967645
3490,75,11431,1633,5di7_5CQ_A_601,0,surfdock,0.53164321,0.24825499,2.1415198,0,0.99054191,3.5499709
3491,75,11438,1634,5di7_5CQ_B_601,0,surfdock,0.53164321,0.24825499,2.1415198,0,0.98966724,3.6158434
3492,75,15750,2250,6jk9_BU0_A_501,0,surfdock,0.53164321,0.24825499,2.1415198,0,0,4.6756169
3493,75,15757,2251,6jk9_BU0_B_501,0,surfdock,0.53164321,0.24825499,2.1415198,0,0,4.5876108
3494,75,16247,2321,6nba_P1T_A_501,0,surfdock,0.53164321,0.24825499,2.1415198,0,0,4.0355285
3495,75,16254,2322,6nba_P1T_C_501,0,surfdock,0.53164321,0.24825499,2.1415198,0,0.98408643,4.6294758
3496,75,16604,2372,6pk1_PLP_A_501,0,surfdock,0.53164321,0.24825499,2.1415198,0,0.96975824,3.1477177
3497,75,16611,2373,6pk1_PLP_B_501,0,surfdock,0.53164321,0.24825499,2.1415198,0,0.9891685,3.1308089
3498,75,17192,2456,6t10_M6Z_B_601,0,surfdock,0.53164321,0.24825499,2.1415198,0,0,2.5565506
3499,75,17332,2476,6tot_NRK_B_401,0,surfdock,0.53164321,0.24825499,2.1415198,0,8.9394841e-07,4.7003205
3500,75,17479,2497,6w0x_S6J_A_301,0,surfdock,0.53164321,0.24825499,2.1415198,0,0.96992206,4.0361156
3501,75,17535,2505,6xeb_V1P_A_411,0,surfdock,0.53164321,0.24825499,2.1415198,0,0,4.4025306
3502,75,17486,2498,6w0x_S6J_B_301,0,surfdock,0.52950076,0.24725456,2.1415198,0,0.98126651,3.9572124
3503,75,17374,2482,6uo7_QCP_A_504,0,surfdock,0.53164321,0.24666161,2.1553535,0,0.9840092,3.5969037
3504,75,2905,415,1tsd_UMP_A_267,0,surfdock,0.53164321,0.24092691,2.2066567,0,0.96169717,3.6706363
3505,75,16583,2369,6oph_6QB_A_401,0,surfdock,0.53164321,0.22811424,2.3305998,0,0,4.565086
3506,75,15572,2224,6hmw_FUL_A_203,4,gnina,0.4813342,0.2247628,2.1415198,0,0.050537344,2.8057803
3507,75,8978,1282,4jm8_26D_A_302,4,gnina,0.47412573,0.22139675,2.1415198,0,0.28426601,1.4039109
3508,75,6556,936,3v1s_0LH_B_401,4,gnina,0.47409316,0.22138154,2.1415198,0,0.013387532,2.2243775
3509,75,6192,884,3qfx_CP6_A_602,4,gnina,0.47405079,0.22136176,2.1415198,0,0.98894938,2.688901
3510,75,6199,885,3qfx_CP6_B_702,4,gnina,0.47404932,0.22136107,2.1415198,0,0.98899696,2.7181297
3511,75,7263,1037,4a9j_TYL_A_1188,4,gnina,0.47400159,0.22133878,2.1415198,0,0.00028638637,1.7444546
3512,75,8467,1209,4gy9_ZIP_A_201,4,gnina,0.47393785,0.22130902,2.1415198,0,0.67768399,2.1198505
3513,75,17301,2471,6tog_NQH_A_201,4,gnina,0.47392722,0.22130405,2.1415198,0,0.98322104,2.2152263
3514,75,6409,915,3se2_3AB_D_3,4,gnina,0.47390234,0.22129243,2.1415198,0,0.91978108,2.3717138
3515,75,3735,533,2a9z_26A_A_1002,4,gnina,0.47386317,0.22127414,2.1415198,0,0.97359999,4.0752722
3516,75,6423,917,3sj1_DXC_X_75,4,gnina,0.47377634,0.2212336,2.1415198,0,0,3.408633
3517,75,6402,914,3se2_3AB_C_4,4,gnina,0.47370369,0.22119967,2.1415198,0,0.98961868,2.1561149
3518,75,10371,1481,4x36_CHT_A_409,4,gnina,0.47361016,0.221156,2.1415198,0,0.98865111,1.5583885
3519,75,17406,2486,6uvj_QJ1_A_205,4,gnina,0.47360903,0.22115547,2.1415198,0,0.98269995,2.0213178
3520,75,3098,442,1vje_MSE_A_301,4,gnina,0.47343528,0.22107434,2.1415198,0,1.1472612e-06,2.1114455
3521,75,15421,2203,6fw0_E92_B_602,0,surfdock,0.53164321,0.22106613,2.4049048,0,0.98620506,3.7951735
3522,75,193,27,1bqp_MAN_B_401,4,gnina,0.47334493,0.22103215,2.1415198,0,0.99689744,1.8551375
3523,75,3406,486,1y2x_NAG_D_3144,4,gnina,0.47325141,0.22098848,2.1415198,0,0.99065152,2.3028803
3524,75,11953,1707,5fp9_4SV_A_1342,4,gnina,0.47316814,0.2209496,2.1415198,0,0.0061118203,1.927178
3525,75,46,6,1aej_NVI_A_296,4,gnina,0.47313586,0.22093452,2.1415198,0,0.04936543,1.3965927
3526,75,10378,1482,4x36_CHT_A_410,4,gnina,0.47295691,0.22085096,2.1415198,0,0.012970805,1.4069379
3527,75,7844,1120,4cpp_ADM_A_422,4,gnina,0.47284478,0.2207986,2.1415198,0,0.94218556,2.5124694
3528,75,2419,345,1pym_OXL_B_1002,4,gnina,0.47265905,0.22071187,2.1415198,0,1.9917075e-09,1.6428776
3529,75,8663,1237,4i4v_NGA_A_202,4,gnina,0.47263912,0.22070256,2.1415198,0,0.8267704,2.6902178
3530,75,13822,1974,5uio_LG3_A_201,4,gnina,0.4722485,0.22052016,2.1415198,0,0.99218586,2.5962294
3531,75,1397,199,1jla_TNK_A_999,4,gnina,0.47224409,0.2205181,2.1415198,0,0.9865385,8.8708598
3532,75,17091,2441,6sjs_THH_B_901,4,gnina,0.47220468,0.2204997,2.1415198,0,0.72588721,2.0320262
3533,75,11995,1713,5fuv_THM_B_1385,4,gnina,0.47219444,0.22049492,2.1415198,0,0.99435105,3.3049487
3534,75,4666,666,2ipf_FFA_A_3,4,gnina,0.47219423,0.22049482,2.1415198,0,0.012948833,3.8159797
3535,76,14764,2109,6a6s_FSA_A_502,1,unimol,0.71571726,0.25291603,2.8298602,0,0.96672292,17.5
3536,76,8862,1266,4itu_1HS_A_302,0,surfdock,0.53174343,0.24908961,2.1347466,0,7.9335427e-06,4.5421114
3537,76,8869,1267,4itu_1HS_B_302,0,surfdock,0.53174343,0.24908961,2.1347466,0,7.3478855e-06,2.9050543
3538,76,8876,1268,4itu_1HS_C_302,0,surfdock,0.53174343,0.24908961,2.1347466,0,7.119074e-06,2.8060793
3539,76,11375,1625,5d8u_0N8_A_203,0,surfdock,0.53174343,0.24908961,2.1347466,0,0.96603555,3.4497401
3540,76,15533,2219,6hgl_TES_A_401,0,surfdock,0.53174343,0.24908961,2.1347466,0,0.97795019,3.0527818
3541,76,16618,2374,6pmv_M16_A_803,0,surfdock,0.53174343,0.24908961,2.1347466,0,7.8065312e-09,3.0274402
3542,76,16639,2377,6pna_M16_A_803,0,surfdock,0.53174343,0.24908961,2.1347466,0,0.98512807,3.2876972
3543,76,16646,2378,6pna_M16_B_803,0,surfdock,0.53174343,0.24908961,2.1347466,0,0.81867137,3.1713866
3544,76,17031,2433,6s7u_KZK_A_501,0,surfdock,0.53174343,0.24908961,2.1347466,0,0,4.3605072
3545,76,17605,2515,6yaw_P9H_A_301,0,surfdock,0.53174343,0.24908961,2.1347466,0,0,4.5990635
3546,76,17612,2516,6yaw_P9H_B_502,0,surfdock,0.53174343,0.24908961,2.1347466,0,0,4.6649773
3547,76,8953,1279,4jb0_FER_A_401,0,surfdock,0.53040826,0.24846417,2.1347466,0,0,3.2183945
3548,76,17276,2468,6to7_SUV_A_401,0,surfdock,0.53174343,0.24045615,2.2113936,0,0,4.7170606
3549,76,17283,2469,6to7_SUV_B_401,0,surfdock,0.53174343,0.24045615,2.2113936,0,0,4.8451533
3550,76,17749,2535,7c7g_FJR_B_402,4,gnina,0.52508581,0.239727,2.1903481,0,0.0037554411,3.4803722
3551,76,10129,1447,4ugf_Q16_A_904,0,surfdock,0.53174343,0.23563493,2.25664,0,0,3.6510887
3552,76,4820,688,2nry_STU_C_503,4,gnina,0.50226498,0.23528074,2.1347466,0,0.98965443,5.9292285
3553,76,7921,1131,4d06_NAR_F_302,4,gnina,0.499702,0.23408014,2.1347466,0,0.0044526342,4.0543879
3554,76,7662,1094,4cjv_IV2_A_1212,4,gnina,0.49907403,0.23378597,2.1347466,0,0.99615102,1.7418748
3555,76,4274,610,2f78_BEZ_B_1002,4,gnina,0.49906258,0.23378061,2.1347466,0,0.98932595,1.7586937
3556,76,1614,230,1kwc_BPY_B_401,4,gnina,0.4990588,0.23377884,2.1347466,0,0.0030372542,2.336225
3557,76,4218,602,2eus_ABN_A_400,4,gnina,0.49905564,0.23377736,2.1347466,0,0.97263576,1.3476632
3558,76,15159,2165,6e43_BEZ_B_502,4,gnina,0.49904742,0.23377351,2.1347466,0,0.98653016,3.5363995
3559,76,14550,2078,5ysh_5AD_G_605,4,gnina,0.49902394,0.23376251,2.1347466,0,0.0025956571,26.043241
3560,76,4260,608,2f78_BEZ_A_1001,4,gnina,0.49902174,0.23376148,2.1347466,0,0.99379844,2.0792715
3561,76,3763,537,2ahc_VNL_C_366,4,gnina,0.49899486,0.23374889,2.1347466,0,0.00033027608,3.35416
3562,76,11764,1680,5ezp_IPJ_G_202,4,gnina,0.49895928,0.23373222,2.1347466,0,6.8820985e-07,2.8312242
3563,77,10983,1569,5abz_Z47_A_201,0,surfdock,0.61872641,0.29006024,2.1330953,0,0.98239623,3.5227389
3564,77,10990,1570,5abz_Z47_B_201,0,surfdock,0.61872641,0.29006024,2.1330953,0,0.18177379,3.5620317
3565,77,4501,643,2gyv_HBP_B_545,0,surfdock,0.66268293,0.25027377,2.6478312,0,0,4.0471019
3566,77,7399,1057,4b1y_LAB_B_1376,0,surfdock,0.52992096,0.24842806,2.1330953,0,0.0017843648,3.8895003
3567,77,9947,1421,4rkz_3S4_A_402,0,surfdock,0.52992096,0.24842806,2.1330953,0,0.98471835,3.009112
3568,77,9954,1422,4rkz_3S4_B_401,0,surfdock,0.52992096,0.24842806,2.1330953,0,0,3.0362343
3569,77,10836,1548,4zvv_GN0_B_404,0,surfdock,0.52992096,0.24842806,2.1330953,0,0.81865592,4.3992568
3570,77,10843,1549,4zvv_GN0_C_403,0,surfdock,0.52992096,0.24842806,2.1330953,0,0,4.3553307
3571,77,10850,1550,4zvv_GN0_D_403,0,surfdock,0.52992096,0.24842806,2.1330953,0,0,4.490684
3572,77,13930,1990,5ut1_7DZ_A_905,0,surfdock,0.52992096,0.24842806,2.1330953,0,0,3.6889991
3573,77,14630,2090,5zg2_ZK1_B_901,0,surfdock,0.52992096,0.24842806,2.1330953,0,0,4.1227278
3574,77,14882,2126,6bds_DJ4_A_302,0,surfdock,0.52992096,0.24842806,2.1330953,0,0.86628976,4.9866012
3575,77,16058,2294,6lj7_EFR_A_301,0,surfdock,0.52992096,0.24842806,2.1330953,0,0.95921318,2.9586467
3576,77,17619,2517,6yk5_PVK_A_312,0,surfdock,0.52992096,0.24842806,2.1330953,0,0.99633508,3.3265446
3577,77,17626,2518,6yk6_OUB_A_311,0,surfdock,0.52992096,0.24842806,2.1330953,0,0.99551536,3.3345739
3578,77,17766,2538,7est_0Z2_E_1,0,surfdock,0.52992096,0.24842806,2.1330953,0,0.97246926,4.3457963
3579,77,9604,1372,4ovl_1TD_B_308,0,surfdock,0.52930987,0.24814158,2.1330953,0,0.9966803,3.2428858
3580,77,10829,1547,4zvv_GN0_A_405,0,surfdock,0.52992096,0.24542747,2.1591744,0,0.40960682,4.2341449
3581,77,14889,2127,6bds_DJ4_A_303,0,surfdock,0.52992096,0.24475277,2.1651266,0,2.6134336e-05,2.7478546
3582,77,8645,1235,4i2p_G73_A_601,0,surfdock,0.52992096,0.24126763,2.1964021,0,0.9862799,4.7205472
3583,77,15519,2217,6gxk_FFW_B_402,0,surfdock,0.52992096,0.23542458,2.2509151,0,0.99106229,4.0637079
3584,77,4547,649,2hi4_BHF_A_800,4,gnina,0.5017272,0.23521077,2.1330953,0,0.99702579,2.9009067
3585,77,1131,161,1hsr_BHO_A_800,4,gnina,0.50163726,0.23516861,2.1330953,0,2.819143e-06,1.7605827
3586,77,10420,1488,4xp0_42A_A_404,4,gnina,0.5016173,0.23515925,2.1330953,0,0.013915543,1.8341733
3587,77,2664,380,1s6h_4BZ_A_1,4,gnina,0.50147856,0.23509421,2.1330953,0,0.97033242,1.8755791
3588,77,249,35,1ck6_SHA_A_900,4,gnina,0.50146489,0.2350878,2.1330953,0,3.130899e-07,1.7403715
3589,77,5632,804,2wdq_CBE_C_1130,4,gnina,0.50146473,0.23508772,2.1330953,0,3.5757344e-06,11.452718
3590,77,7193,1027,4a3u_NCA_A_1359,4,gnina,0.50146347,0.23508713,2.1330953,0,2.3506685e-05,1.8595257
3591,77,16713,2387,6q4b_HHN_A_301,4,gnina,0.50145071,0.23508115,2.1330953,0,0.036972606,1.4744077
3592,77,3777,539,2aiq_BEN_A_401,4,gnina,0.50142468,0.23506895,2.1330953,0,0.96948563,1.5044654
3593,77,6535,933,3uud_EST_B_600,4,gnina,0.50142457,0.23506889,2.1330953,0,0.99579504,2.4656049
3594,77,8341,1191,4f06_PHB_A_401,4,gnina,0.50140989,0.23506201,2.1330953,0,0.99503577,1.8325139
3595,77,2181,311,1o68_KIV_B_275,4,gnina,0.50140928,0.23506173,2.1330953,0,0.75614116,3.380959
3596,77,1866,266,1m7p_G3H_A_5401,4,gnina,0.50135131,0.23503455,2.1330953,0,0,1.9936071
3597,77,6528,932,3uud_EST_A_600,4,gnina,0.50134866,0.23503331,2.1330953,0,0.96961901,2.6971917
3598,77,8362,1194,4fra_GAL_A_402,4,gnina,0.50131621,0.2350181,2.1330953,0,0.95511636,1.5293155
3599,77,2594,370,1ruk_BEZ_H_601,4,gnina,0.50130214,0.2350115,2.1330953,0,0.0014399581,1.474425
3600,77,2174,310,1o68_KIV_A_275,4,gnina,0.50122524,0.23497545,2.1330953,0,0.27572336,3.0185568
3601,77,6493,927,3u1t_MLI_B_350,4,gnina,0.50105524,0.23489575,2.1330953,0,0.00018807884,2.0379403
3602,77,1873,267,1m7p_G3H_B_6401,4,gnina,0.50105185,0.23489416,2.1330953,0,0,2.1116941
3603,77,9601,1371,4ovl_1TD_A_308,4,gnina,0.50101875,0.23487865,2.1330953,0,0.99017838,2.4770395
3604,77,8544,1220,4hgg_SYN_B_502,4,gnina,0.50098356,0.23486215,2.1330953,0,0.00017374498,2.2890154
3605,77,6486,926,3u1t_MLI_A_351,4,gnina,0.50098251,0.23486166,2.1330953,0,1.8274082e-06,1.6558629
3606,77,15880,2268,6jzh_ZMA_A_2002,4,gnina,0.50085152,0.23480025,2.1330953,0,2.2099096e-09,4.79836
3607,77,2195,313,1o68_KIV_E_275,4,gnina,0.50080716,0.23477945,2.1330953,0,0.9452387,3.0948676
3608,77,2188,312,1o68_KIV_D_275,4,gnina,0.50062165,0.23469249,2.1330953,0,0.9821337,3.2517429
3609,77,3007,429,1ubs_SER_B_398,4,gnina,0.50052877,0.23464894,2.1330953,0,0.84783539,5.2591741
3610,77,16776,2396,6qhu_FAH_A_401,4,gnina,0.50052581,0.23464756,2.1330953,0,0.93570513,2.2180585
3611,77,7417,1059,4b5v_E8U_B_1254,4,gnina,0.49977607,0.23429607,2.1330953,0,0.0021895931,2.3248592
3612,77,15362,2194,6flu_DTK_A_402,4,gnina,0.49968209,0.23425202,2.1330953,0,4.0045066e-07,4.0243242
3613,78,5915,845,2yjd_YJD_A_1498,0,surfdock,0.52992308,0.25037943,2.1164792,0,0.99391657,3.6635991
3614,78,5922,846,2yjd_YJD_B_1498,0,surfdock,0.52992308,0.25037943,2.1164792,0,0,6.6417426
3615,78,11242,1606,5cfw_53W_A_201,0,surfdock,0.52992308,0.25037943,2.1164792,0,6.2280362e-05,4.1074991
3616,78,13398,1914,5oew_9TE_C_301,0,surfdock,0.52992308,0.25037943,2.1164792,0,0.75081606,3.3578079
3617,78,14525,2075,5ykt_PMP_B_501,0,surfdock,0.52992308,0.25037943,2.1164792,0,0.99295307,3.457541
3618,78,14791,2113,6auq_BYJ_A_803,0,surfdock,0.52992308,0.25037943,2.1164792,0,0.81040098,3.3302844
3619,78,14798,2114,6auq_BYJ_B_803,0,surfdock,0.52992308,0.25037943,2.1164792,0,0.98728891,3.3498904
3620,78,16184,2312,6mry_FLC_I_102,0,surfdock,0.52992308,0.25037943,2.1164792,0,0,2.7492009
3621,78,17738,2534,7c7g_FJR_A_402,0,surfdock,0.52992308,0.25037943,2.1164792,0,0.99076541,3.57108
3622,78,5058,722,2pwf_BGC_D_9999,4,gnina,0.50970973,0.23733895,2.1476016,0,3.6474947e-05,5.7270698
3623,78,3315,473,1xdj_HCS_A_1049,4,gnina,0.49155238,0.23224994,2.1164792,0,0.7740503,14.093383
3624,78,5835,833,2xum_OGA_A_601,4,gnina,0.49152098,0.23223511,2.1164792,0,0.00039266639,1.9469329
3625,78,14522,2074,5ykt_PMP_A_501,4,gnina,0.49148861,0.23221981,2.1164792,0,0.1512955,5.3467384
3626,78,144,20,1axg_ETF_B_404,4,gnina,0.49146109,0.23220681,2.1164792,0,0.9805795,3.3450711
3627,78,3665,523,1zoy_UQ1_B_1201,4,gnina,0.49139426,0.23217523,2.1164792,0,1.7945595e-05,3.6455119
3628,78,725,103,1gkc_NFH_A_1448,4,gnina,0.49138635,0.2321715,2.1164792,0,0.98274896,4.4025068
3629,78,2433,347,1q22_AND_A_401,4,gnina,0.49128502,0.23212362,2.1164792,0,1.1518876e-07,2.4556232
3630,78,151,21,1axg_ETF_C_404,4,gnina,0.4912844,0.23212332,2.1164792,0,0.92264914,3.4096305
3631,78,4169,595,2eb5_OXL_D_2004,4,gnina,0.49123499,0.23209998,2.1164792,0,1.2538635e-07,3.2905421
3632,78,3952,564,2c3d_COM_A_1526,4,gnina,0.49118882,0.23207817,2.1164792,0,2.6327133e-05,2.4282602
3633,78,3035,433,1uux_PPI_A_1165,4,gnina,0.49112098,0.23204611,2.1164792,0,0.00041528366,2.3004046
3634,78,17112,2444,6sxr_KHP_A_507,4,gnina,0.49097587,0.23197755,2.1164792,0,0.94253946,3.7867757
3635,78,5821,831,2xul_AKG_E_201,4,gnina,0.49095104,0.23196582,2.1164792,0,1.5467365e-07,2.7101756
3636,78,3959,565,2c3d_COM_B_1525,4,gnina,0.49091331,0.23194799,2.1164792,0,0.016208887,2.2784401
3637,78,17105,2443,6sxr_KHP_A_506,4,gnina,0.49086478,0.23192506,2.1164792,0,0.0052276365,3.1761334
3638,78,5828,832,2xul_AKG_F_201,4,gnina,0.49084441,0.23191544,2.1164792,0,0.0017602733,2.0037237
3639,78,6906,986,3wqs_KBK_B_503,4,gnina,0.49079179,0.23189057,2.1164792,0,0.91971244,3.5166697
3640,78,2412,344,1pym_OXL_A_1001,4,gnina,0.49072334,0.23185823,2.1164792,0,1.8353189e-09,1.7081032
3641,78,3322,474,1xdj_HCS_A_1050,4,gnina,0.49070693,0.23185048,2.1164792,0,0.96099007,3.9605374
3642,78,9076,1296,4k90_MLA_A_704,4,gnina,0.49047449,0.23174066,2.1164792,0,4.518149e-05,1.6788693
3643,78,452,64,1e8m_P0H_A_724,4,gnina,0.49046198,0.23173475,2.1164792,0,0.22087112,4.2926255
3644,78,12023,1717,5fzn_FB2_A_1615,4,gnina,0.49042999,0.23171963,2.1164792,0,0.0029536857,1.6877848
3645,78,4736,676,2j5z_GAL_A_1278,4,gnina,0.49022536,0.23162295,2.1164792,0,0.00093620012,1.9635033
3646,78,5807,829,2xul_AKG_B_201,4,gnina,0.48982046,0.23143164,2.1164792,0,0.81448838,2.5004325
3647,78,2391,341,1pt8_OXL_B_801,4,gnina,0.48965043,0.2313513,2.1164792,0,1.5654447e-06,2.1708735
3648,78,14613,2087,5z9p_AX7_A_301,4,gnina,0.48964862,0.23135045,2.1164792,0,0.24590882,1.4379315
3649,78,14858,2122,6b6r_BEN_A_302,4,gnina,0.48964306,0.23134782,2.1164792,0,0.9948327,1.4386174
3650,78,17679,2525,6zjw_GAL_A_1101,4,gnina,0.48964141,0.23134704,2.1164792,0,0.016058939,2.4410029
3651,78,13479,1925,5t3h_BEN_A_302,4,gnina,0.4896403,0.23134652,2.1164792,0,0.99474533,1.7120192
3652,78,6080,868,2ztl_3HL_A_301,4,gnina,0.48963929,0.23134604,2.1164792,0,0.99201901,2.213477
3653,78,14459,2065,5ybp_AKG_A_302,4,gnina,0.48963383,0.23134346,2.1164792,0,0.99128515,2.4136548
3654,78,3014,430,1uk7_BUA_A_1300,4,gnina,0.48963305,0.23134309,2.1164792,0,0.90257817,1.4190071
3655,78,17098,2442,6sux_BEN_A_302,4,gnina,0.48963236,0.23134277,2.1164792,0,0.99563407,1.7478407
3656,78,11855,1693,5fh3_OXL_A_703,4,gnina,0.48962978,0.23134155,2.1164792,0,0.10940755,1.6191743
3657,78,2398,342,1pwz_RSO_A_256,4,gnina,0.48962348,0.23133857,2.1164792,0,0.00086467767,1.517371
3658,78,6885,983,3wlf_FEH_B_401,4,gnina,0.48961937,0.23133663,2.1164792,0,0.95626562,2.9002614
3659,78,6899,985,3wlf_FEH_D_401,4,gnina,0.4896186,0.23133626,2.1164792,0,0.99247392,5.15285
3660,78,9804,1400,4q40_VAL_D_403,4,gnina,0.48961845,0.23133619,2.1164792,0,0.36322147,4.8515715
3661,78,14487,2069,5ybq_AKG_A_302,4,gnina,0.48961392,0.23133405,2.1164792,0,0.00024023266,2.1705746
3662,78,6878,982,3wlf_FEH_A_401,4,gnina,0.48960992,0.23133216,2.1164792,0,0.95949053,3.0476078
3663,79,14210,2030,5x5d_UMP_B_401,0,surfdock,0.53023995,0.25192707,2.1047349,0,0.96184083,3.4957718
3664,79,14217,2031,5x5d_UMP_C_401,0,surfdock,0.53023995,0.25192707,2.1047349,0,0.73875451,3.4795492
3665,79,14224,2032,5x5d_UMP_D_401,0,surfdock,0.53023995,0.25192707,2.1047349,0,0,3.4334346
3666,79,14231,2033,5x5d_UMP_E_401,0,surfdock,0.53023995,0.25192707,2.1047349,0,0.96373128,3.5265522
3667,79,14910,2130,6bmm_OLB_B_404,0,surfdock,0.53023995,0.25192707,2.1047349,0,0.41789111,4.0121179
3668,79,15414,2202,6fw0_E92_A_602,0,surfdock,0.53023995,0.25192707,2.1047349,0,0.54614392,3.7660483
3669,79,15827,2261,6jyg_FLC_B_401,0,surfdock,0.53023995,0.25192707,2.1047349,0,0.95031269,3.8680925
3670,79,15834,2262,6jyg_FLC_C_401,0,surfdock,0.53023995,0.25192707,2.1047349,0,0.99005395,2.9761095
3671,79,15841,2263,6jyg_FLC_E_401,0,surfdock,0.53023995,0.25192707,2.1047349,0,0,2.7742978
3672,79,15848,2264,6jyg_FLC_E_402,0,surfdock,0.53023995,0.25192707,2.1047349,0,0.0017093796,2.5325328
3673,79,16142,2306,6mae_JBA_A_301,0,surfdock,0.53023995,0.25192707,2.1047349,0,0.96698926,4.5010059
3674,79,14903,2129,6bmm_OLB_A_404,0,surfdock,0.52976963,0.25170362,2.1047349,0,0,4.1245335
3675,79,14805,2115,6av2_BY7_B_803,0,surfdock,0.53023995,0.25054258,2.1163657,0,0.64943977,3.9817669
3676,79,14938,2134,6btq_E8S_A_305,0,surfdock,0.53023995,0.24692215,2.1473963,0,0,3.3289807
3677,79,4918,702,2o7d_DHC_A_701,4,gnina,0.49453377,0.23197332,2.1318552,0,6.8856486e-05,16.22686
3678,79,16160,2308,6mnh_JVD_A_301,4,gnina,0.48205399,0.22903301,2.1047349,0,0.98091392,4.6115322
3679,79,2944,420,1u18_HSM_B_402,4,gnina,0.48204746,0.22902991,2.1047349,0,0.86730843,1.9017095
3680,79,7158,1022,3zyx_MBT_A_601,4,gnina,0.48204343,0.22902799,2.1047349,0,0,3.0469671
3681,79,7536,1076,4bvh_OCZ_B_1392,4,gnina,0.48194004,0.22897887,2.1047349,0,0.99709252,3.102076
3682,79,3252,464,1wq4_TYR_A_501,4,gnina,0.48190065,0.22896016,2.1047349,0,0.89852906,2.2489205
3683,79,7543,1077,4bvh_OCZ_C_1394,4,gnina,0.48189828,0.22895903,2.1047349,0,0.9984219,3.1844499
3684,79,12380,1768,5i0m_UMP_A_201,4,gnina,0.48186587,0.22894363,2.1047349,0,0.71679683,3.8668146
3685,79,2454,350,1q3a_NGH_C_481,4,gnina,0.48138764,0.22871642,2.1047349,0,0.41556956,4.4609189
3686,79,16811,2401,6qo4_97T_B_301,4,gnina,0.48137922,0.22871242,2.1047349,0,0.99763953,2.7356868
3687,79,14368,2052,5y1g_AKB_A_401,4,gnina,0.48124177,0.22864711,2.1047349,0,0.85245806,1.5201915
3688,79,2937,419,1u18_HSM_A_401,4,gnina,0.48062905,0.228356,2.1047349,0,0.078205628,1.726047
3689,79,4351,621,2fpu_HSO_B_509,4,gnina,0.48034532,0.22822119,2.1047349,0,7.5173096e-05,3.2524114
3690,79,417,59,1e48_13P_P_302,4,gnina,0.4802851,0.22819258,2.1047349,0,0.83234214,1.6788285
3691,79,6213,887,3qhd_795_A_167,4,gnina,0.47992585,0.22802189,2.1047349,0,0.99075318,1.9222068
3692,79,1964,280,1n1i_HIS_C_501,4,gnina,0.4798885,0.22800415,2.1047349,0,0.0014285187,1.9027157
3693,79,1082,154,1hkn_N2M_D_5139,4,gnina,0.47973216,0.22792987,2.1047349,0,0,2.6777197
3694,79,17339,2477,6tt4_FT8_A_709,0,surfdock,0.53023995,0.22751879,2.3305316,0,0.99238354,4.0421916
3695,79,16979,2425,6rlt_MLI_B_511,4,gnina,0.47825657,0.22722878,2.1047349,0,0.66561134,2.2560714
3696,79,4400,628,2fyd_NGA_B_404,4,gnina,0.47772883,0.22697805,2.1047349,0,0.00012987687,2.5067649
3697,79,16972,2424,6rlt_MLI_A_508,4,gnina,0.47746136,0.22685097,2.1047349,0,0.59734535,2.1457903
3698,79,15866,2266,6jz4_EVA_B_701,4,gnina,0.4771641,0.22670973,2.1047349,0,0.023728291,3.102211
3699,79,14060,2008,5vyr_GMP_B_303,4,gnina,0.47675703,0.22651632,2.1047349,0,0.00035778169,1.8106106
3700,79,6241,891,3qk1_BEN_A_1010,4,gnina,0.47675432,0.22651504,2.1047349,0,0.99577539,1.650839
3701,79,1887,269,1m9j_CLW_B_907,4,gnina,0.47675229,0.22651407,2.1047349,0,4.4000038e-07,2.536721
3702,79,13829,1975,5uio_LG3_B_201,4,gnina,0.47675037,0.22651316,2.1047349,0,0.99255094,2.4132273
3703,79,6283,897,3qwi_CUE_B_272,4,gnina,0.47674973,0.22651286,2.1047349,0,0.0057113971,2.7324614
3704,79,13731,1961,5u5x_TP5_A_302,4,gnina,0.47674701,0.22651156,2.1047349,0,0.8041954,1.9370682
3705,79,10476,1496,4xv4_25T_A_302,4,gnina,0.47674534,0.22651077,2.1047349,0,0.010143747,1.4513555
3706,79,6276,896,3qwi_CUE_A_272,4,gnina,0.47673575,0.22650622,2.1047349,0,0.021272968,2.7433436
3707,79,17623,2517,6yk5_PVK_A_312,4,gnina,0.47672297,0.22650014,2.1047349,0,0.99743363,2.4909616
3708,79,2265,323,1p1w_AMQ_B_427,4,gnina,0.47672293,0.22650012,2.1047349,0,0.90247571,3.3202116
3709,79,13843,1977,5uio_LG3_E_201,4,gnina,0.47671941,0.22649845,2.1047349,0,0.99160355,2.3696727
3710,79,9930,1418,4rje_PYR_B_402,4,gnina,0.47671658,0.22649711,2.1047349,0,0.96169063,3.8745307
3711,79,14620,2088,5z9p_AX7_B_301,4,gnina,0.47671619,0.22649692,2.1047349,0,0.96607933,1.7280886
3712,79,2384,340,1pt8_OXL_A_802,4,gnina,0.47671558,0.22649663,2.1047349,0,2.0559824e-08,2.0778071
3713,80,7063,1009,3zcm_PX3_A_1214,0,surfdock,0.53033599,0.25327753,2.0938919,0,0,4.6804358
3714,80,7070,1010,3zcm_PX3_B_1216,0,surfdock,0.53033599,0.25327753,2.0938919,0,0,4.7254709
3715,80,7609,1087,4ccu_AWF_A_1500,0,surfdock,0.53033599,0.25327753,2.0938919,0,0.9827705,4.5617677
3716,80,13860,1980,5unr_8EV_B_803,0,surfdock,0.53033599,0.25327753,2.0938919,0,0.65032883,6.0404828
3717,80,17507,2501,6wiw_I14_A_601,0,surfdock,0.53033599,0.25327753,2.0938919,0,0.97131085,4.1481539
3718,80,10458,1494,4xti_IMP_A_601,0,surfdock,0.52972431,0.2529854,2.0938919,0,0.96372754,3.7365336
3719,80,13853,1979,5unr_8EV_A_803,0,surfdock,0.53033599,0.25288951,2.0971045,0,0,3.6286556
3720,80,13909,1987,5uo5_M4R_A_803,0,surfdock,0.53033599,0.25222905,2.1025958,0,0.98346452,4.0920005
3721,80,13916,1988,5uo5_M4R_B_803,0,surfdock,0.53033599,0.25132565,2.1101537,0,0.9880854,3.9172972
3722,80,13178,1882,5mzj_TEP_A_2401,4,gnina,0.52555221,0.25099289,2.0938919,0,0.97845991,2.0029759
3723,80,1719,245,1lqp_FCN_A_4002,4,gnina,0.52551904,0.25097705,2.0938919,0,8.1180276e-09,1.9191337
3724,80,13017,1859,5la1_XYP_A_601,4,gnina,0.52551858,0.25097683,2.0938919,0,0.98693706,1.6491939
3725,80,6773,967,3w4i_8LG_D_402,4,gnina,0.52539451,0.25091758,2.0938919,0,0.01092459,2.9164493
3726,80,718,102,1giu_ADE_A_300,4,gnina,0.52532538,0.25088456,2.0938919,0,0.1552893,1.6064843
3727,80,9860,1408,4r08_URI_B_901,4,gnina,0.52529605,0.25087055,2.0938919,0,0.436084,12.690467
3728,80,3056,436,1v03_BGC_A_1498,4,gnina,0.52386173,0.25018555,2.0938919,0,0.87859552,4.66377
3729,80,6367,909,3rop_NCA_A_302,4,gnina,0.52384307,0.25017664,2.0938919,0,0.00024541566,1.7519699
3730,80,10808,1544,4zu3_4SD_D_301,0,surfdock,0.52972431,0.24754478,2.1399121,0,0.098106271,2.1302209
3731,80,17514,2502,6wiw_I14_B_601,0,surfdock,0.53033599,0.24641022,2.1522474,0,0.95102656,4.1794404
3732,80,15953,2279,6kxh_DY9_B_402,0,surfdock,0.52972431,0.24626528,2.1510303,0,0.024699116,3.6683992
3733,80,3875,553,2bgc_DTT_F_1238,4,gnina,0.51298602,0.24499154,2.0938919,0,0.84692595,5.2638659
3734,80,6766,966,3w4i_8LG_B_402,4,gnina,0.51259495,0.24480477,2.0938919,0,0.010712321,3.0536373
3735,80,14375,2053,5y7a_KYN_A_502,4,gnina,0.52393719,0.24390308,2.1481359,0,0.74610367,2.5530614
3736,80,263,37,1d3g_ORO_A_399,4,gnina,0.50999001,0.24356071,2.0938919,0,0.16362501,1.9915786
3737,80,1530,218,1kep_TDX_A_3500,4,gnina,0.50878473,0.24298509,2.0938919,0,7.5800224e-05,1.7392364
3738,80,9559,1365,4o7g_ASC_A_303,4,gnina,0.50804072,0.24262976,2.0938919,0,0.014702431,1.7361256
3739,80,13031,1861,5la2_ARB_A_606,4,gnina,0.50696155,0.24211437,2.0938919,0,0.1732959,2.2961827
3740,80,16426,2346,6ny7_L8J_A_303,4,gnina,0.50633097,0.24181322,2.0938919,0,7.5711598e-05,3.5971101
3741,81,13266,1895,5nov_93B_A_201,1,unimol,0.77685882,0.37213237,2.0875864,0,0.99266668,12.69
3742,81,14147,2021,5wgr_PM7_A_711,0,surfdock,0.53045737,0.25410068,2.0875864,0,0,3.8542843
3743,81,14154,2022,5wgv_PM7_A_712,0,surfdock,0.53045737,0.25410068,2.0875864,0,0,3.8781465
3744,81,14168,2024,5wgw_MB5_A_714,0,surfdock,0.53045737,0.25410068,2.0875864,0,0,3.9313676
3745,81,14175,2025,5wgw_MB5_A_715,0,surfdock,0.53045737,0.25410068,2.0875864,0,0.54284463,3.1914601
3746,81,15015,2145,6cqu_HI6_A_601,0,surfdock,0.53045737,0.25410068,2.0875864,0,0,3.6771858
3747,81,15022,2146,6cqu_HI6_B_601,0,surfdock,0.53045737,0.25410068,2.0875864,0,0,3.7611742
3748,81,16303,2329,6ng5_KMD_B_803,0,surfdock,0.53045737,0.25410068,2.0875864,0,0,3.8154047
3749,81,16324,2332,6ngp_KKY_B_803,0,surfdock,0.53045737,0.25410068,2.0875864,0,0.96855217,3.8150517
3750,81,16940,2420,6rgr_RM4_A_402,0,surfdock,0.53045737,0.25410068,2.0875864,0,0.054839278,2.2098548
3751,81,16947,2421,6rgr_RM4_A_403,0,surfdock,0.53045737,0.25410068,2.0875864,0,0.22235516,2.1348385
3752,81,13755,1965,5u8z_83D_C_602,0,surfdock,0.53045737,0.24844272,2.1351285,0,2.5714219e-07,3.4398438
3753,81,10241,1463,4v3w_E2Z_B_800,0,surfdock,0.53045737,0.23496402,2.2576101,0,0.19068595,3.4885331
3754,81,16513,2359,6ofr_BOG_A_805,0,surfdock,0.53045737,0.23320741,2.2746153,0,1.6278771e-08,2.9521139
3755,81,6948,992,3wug_XYP_B_1,4,gnina,0.48592352,0.23276799,2.0875864,0,0.025063867,1.9545534
3756,81,16055,2293,6lit_2OH_B_501,4,gnina,0.48498261,0.23231727,2.0875864,0,0.99427985,3.044853
3757,81,13633,1947,5tdt_MBN_A_504,4,gnina,0.48467208,0.23216852,2.0875864,0,5.042636e-06,9.090779
3758,81,9608,1372,4ovl_1TD_B_308,4,gnina,0.48445907,0.23206649,2.0875864,0,0,2.9852553
3759,81,214,30,1cdk_MYR_A_403,4,gnina,0.4844334,0.23205419,2.0875864,0,0.94718211,1.8743344
3760,81,15320,2188,6fjj_LSA_A_302,4,gnina,0.48405092,0.23187098,2.0875864,0,0.93281075,1.8918892
3761,81,15642,2234,6hqr_3DM_A_502,4,gnina,0.48401379,0.23185319,2.0875864,0,0.96189051,1.7752806
3762,81,10735,1533,4zjz_BEZ_B_601,4,gnina,0.48400621,0.23184956,2.0875864,0,0.99411853,2.3837143
3763,81,9111,1301,4kqk_PCR_A_403,4,gnina,0.48399419,0.2318438,2.0875864,0,0.99456061,1.695891
3764,81,11344,1620,5cpp_ADO_A_422,4,gnina,0.48399036,0.23184197,2.0875864,0,0.22872553,1.7897079
3765,81,10441,1491,4xpq_FUL_A_1002,4,gnina,0.48398602,0.23183989,2.0875864,0,9.6600138e-06,1.710828
3766,81,13269,1895,5nov_93B_A_201,4,gnina,0.48398504,0.23183942,2.0875864,0,0.26403636,1.9171164
3767,81,4967,709,2oxp_THP_A_300,4,gnina,0.48397084,0.23183262,2.0875864,0,0.0049480547,5.0355666
3768,81,17420,2488,6v9f_QTS_B_2001,4,gnina,0.48396818,0.23183134,2.0875864,0,0.2794519,3.5445219
3769,81,3084,440,1v5y_4HC_A_1455,4,gnina,0.48396324,0.23182898,2.0875864,0,1.7080079e-07,1.5632279
3770,81,5331,761,2r0g_7CK_B_1357,4,gnina,0.483922,0.23180922,2.0875864,0,0.98686586,4.4669837
3771,81,17266,2466,6tgi_N8Z_A_508,4,gnina,0.48391132,0.23180411,2.0875864,0,0.018848965,2.2820367
3772,81,9104,1300,4kp7_1UQ_B_502,4,gnina,0.48391029,0.23180361,2.0875864,0,0.95483281,3.4873563
3773,81,2321,331,1pke_2FD_C_448,4,gnina,0.48389324,0.23179545,2.0875864,0,0.070094079,3.5484852
3774,81,676,96,1g8z_GAL_G_104,4,gnina,0.48387518,0.23178679,2.0875864,0,0.56838283,1.6791416
3775,81,5324,760,2r0g_7CK_A_1355,4,gnina,0.48387496,0.23178669,2.0875864,0,0.97860672,4.215833
3776,81,5121,731,2qb4_LEU_A_601,4,gnina,0.48386042,0.23177973,2.0875864,0,0.96159178,2.6014134
3777,81,1789,255,1lzz_IHG_A_830,4,gnina,0.48385312,0.23177623,2.0875864,0,1.2220119e-06,2.2576647
3778,81,8761,1251,4i7n_1DJ_B_203,4,gnina,0.48383775,0.23176886,2.0875864,0,0.99533162,3.0375852
3779,81,4071,581,2d0e_NQ_A_410,4,gnina,0.4838341,0.23176711,2.0875864,0,3.6539229e-05,1.6816446
3780,81,7144,1020,3zwe_FUC_C_110,4,gnina,0.48381035,0.23175574,2.0875864,0,0.99778929,1.3519837
3781,81,4043,577,2coj_GBN_A_420,4,gnina,0.4838098,0.23175548,2.0875864,0,0.2209652,2.4129175
3782,81,16097,2299,6ly4_TES_A_501,4,gnina,0.48380748,0.23175436,2.0875864,0,0.98631157,1.9293295
3783,81,8446,1206,4gnp_PEP_A_703,4,gnina,0.48380595,0.23175363,2.0875864,0,0.83794124,2.0755289
3784,81,11309,1615,5cjn_52F_A_809,4,gnina,0.48380419,0.23175279,2.0875864,0,0.27620025,3.6793639
3785,81,8754,1250,4i7n_1DJ_A_202,4,gnina,0.48379262,0.23174724,2.0875864,0,0.99493549,2.4445369
3786,81,8299,1185,4ekr_0R0_A_202,4,gnina,0.48378609,0.23174412,2.0875864,0,0.13947097,1.7155149
3787,81,15166,2166,6e43_BEZ_D_502,4,gnina,0.4837795,0.23174096,2.0875864,0,0.9865475,3.6476039
3788,81,15152,2164,6e43_BEZ_A_502,4,gnina,0.48377475,0.23173869,2.0875864,0,0.9843882,3.4370861
3789,81,4148,592,2eb5_OXL_A_2001,4,gnina,0.48377039,0.23173659,2.0875864,0,0.06494912,2.9199478
3790,81,12247,1749,5h8q_5YE_B_302,4,gnina,0.48376192,0.23173254,2.0875864,0,0.99379881,4.7532962
3791,82,14875,2125,6ba2_7KM_A_809,0,surfdock,0.5284411,0.25421328,2.0787303,0,0.99141067,4.2318875
3792,82,15204,2172,6f3s_CKW_A_902,0,surfdock,0.5284411,0.25421328,2.0787303,0,0.99020573,4.4854593
3793,82,15505,2215,6gqk_F88_B_1001,0,surfdock,0.5284411,0.25421328,2.0787303,0,0.99052505,4.873849
3794,82,16317,2331,6nga_KL7_B_804,0,surfdock,0.5284411,0.25421328,2.0787303,0,0,3.5794137
3795,82,17024,2432,6s4h_KUQ_A_901,0,surfdock,0.5284411,0.25421328,2.0787303,0,0.99250904,3.9862891
3796,82,17640,2520,6yta_IYZ_A_702,0,surfdock,0.5284411,0.25421328,2.0787303,0,0.98236373,3.7045621
3797,82,7963,1137,4d4u_FUC_B_950,4,gnina,0.49914017,0.2401177,2.0787303,0,0.99782195,1.7043176
3798,82,1649,235,1l4f_150_A_990,4,gnina,0.49905159,0.24007508,2.0787303,0,0.022965378,1.8584074
3799,82,2468,352,1q4g_BFL_B_1701,4,gnina,0.49904275,0.24007083,2.0787303,0,0.98989504,3.8214713
3800,82,4771,681,2no7_LDC_A_401,4,gnina,0.49900675,0.24005351,2.0787303,0,0.989539,3.2309958
3801,82,16993,2427,6rum_TOP_A_301,4,gnina,0.49893811,0.24002049,2.0787303,0,0.95067302,3.449896
3802,82,2461,351,1q4g_BFL_A_701,4,gnina,0.49882138,0.23996434,2.0787303,0,0.98892805,4.5664956
3803,82,4680,668,2isf_PAC_A_317,4,gnina,0.49882095,0.23996413,2.0787303,0,0.0012259024,1.7842649
3804,82,9706,1386,4pik_MAN_A_502,4,gnina,0.49882089,0.2399641,2.0787303,0,0.012903344,2.4885053
3805,82,4778,682,2no7_LDC_B_401,4,gnina,0.49879447,0.23995139,2.0787303,0,0.033190703,3.1955873
3806,82,277,39,1d6u_PEA_A_2003,4,gnina,0.49873813,0.23992429,2.0787303,0,9.891639e-06,3.530209
3807,82,13458,1922,5r28_RDJ_A_401,4,gnina,0.49858661,0.2398514,2.0787303,0,5.437714e-05,2.3809201
3808,82,14088,2012,5w3k_9TY_A_401,4,gnina,0.49845132,0.23978632,2.0787303,0,0.97890133,1.8829679
3809,82,10490,1498,4xz9_G3P_B_302,4,gnina,0.49817325,0.23965255,2.0787303,0,0.39112219,2.6647035
3810,82,4323,617,2fhn_BNI_X_501,4,gnina,0.49801222,0.23957508,2.0787303,0,0.98984509,4.8506738
3811,82,10273,1467,4wdd_CIT_A_401,4,gnina,0.49778758,0.23946701,2.0787303,0,0.15536286,2.1186957
3812,82,3308,472,1xc7_GL6_A_998,4,gnina,0.49768389,0.23941714,2.0787303,0,0.80567889,3.5244938
3813,82,1068,152,1h8p_PC_B_1110,4,gnina,0.49753651,0.23934624,2.0787303,0,0.36779961,1.7376522
3814,82,2251,321,1oxp_IK2_A_411,4,gnina,0.49749948,0.23932842,2.0787303,0,8.2486259e-06,4.4989422
3815,82,3329,475,1xid_ASC_A_389,4,gnina,0.4973061,0.23923539,2.0787303,0,0.0010913964,1.6947692
3816,82,9972,1424,4rql_SNE_A_505,4,gnina,0.49722839,0.23919801,2.0787303,0,0.0066785632,2.7942237
3817,82,10259,1465,4wbd_CIT_A_602,4,gnina,0.49556701,0.23839878,2.0787303,0,0.7018558,2.9639902
3818,82,15313,2187,6fgv_D9T_A_1901,4,gnina,0.49514984,0.2381981,2.0787303,0,0.022185131,3.3351847
3819,82,3028,432,1uqx_MMA_A_1116,4,gnina,0.49478413,0.23802217,2.0787303,0,0.95911907,1.6077898
3820,82,14207,2029,5x2m_GLN_B_951,4,gnina,0.49475772,0.23800946,2.0787303,0,0.00088236842,8.5820764
3821,82,2790,398,1tc2_7HP_B_810,4,gnina,0.49412496,0.23770507,2.0787303,0,0.98543863,1.52159
3822,82,8236,1176,4e9z_651_A_301,4,gnina,0.49412052,0.23770293,2.0787303,0,0.2014575,2.4657273
3823,82,11582,1654,5e9m_BAE_A_2001,4,gnina,0.49411494,0.23770024,2.0787303,0,0.014004822,1.7187819
3824,82,3546,506,1zei_CRS_A_54,4,gnina,0.49411308,0.23769935,2.0787303,0,0.28861449,1.2958171
3825,82,7333,1047,4al9_GLA_B_1123,4,gnina,0.49408946,0.23768799,2.0787303,0,0.9964365,2.0605786
3826,82,10497,1499,4xz9_G3P_C_302,4,gnina,0.49408456,0.23768563,2.0787303,0,0.10556462,2.6662969
3827,82,3553,507,1zei_CRS_B_56,4,gnina,0.49407704,0.23768201,2.0787303,0,0.99736155,1.4282557
3828,82,14753,2107,6a3j_SOE_C_402,4,gnina,0.49407685,0.23768192,2.0787303,0,0.98330113,4.9909915
3829,82,8985,1283,4jmz_1M2_A_302,4,gnina,0.49406029,0.23767396,2.0787303,0,0.01217083,1.7167228
3830,82,8075,1153,4do1_ANN_B_502,4,gnina,0.49405426,0.23767105,2.0787303,0,1.6661633e-08,4.6257299
3831,82,3574,510,1zei_CRS_E_54,4,gnina,0.49404183,0.23766508,2.0787303,0,0.98767554,1.4890052
3832,82,3560,508,1zei_CRS_C_56,4,gnina,0.49404029,0.23766433,2.0787303,0,0.88448169,1.6180366
3833,82,4708,672,2izf_BTN_B_300,4,gnina,0.4940318,0.23766025,2.0787303,0,0.99254101,2.7407104
3834,82,8068,1152,4do1_ANN_A_502,4,gnina,0.49403167,0.23766019,2.0787303,0,2.6620655e-08,3.6718838
3835,82,10896,1556,5a02_GOL_B_1342,4,gnina,0.49402716,0.23765802,2.0787303,0,0.00034967447,4.7605946
3836,82,10903,1557,5a02_GOL_C_1341,4,gnina,0.49402539,0.23765717,2.0787303,0,0.00066432178,5.1075043
3837,82,10924,1560,5a02_GOL_F_1342,4,gnina,0.49402136,0.23765523,2.0787303,0,1.3083337e-05,4.8732228
3838,82,3581,511,1zei_CRS_F_54,4,gnina,0.49402075,0.23765494,2.0787303,0,0.83379369,1.8838963
3839,82,10595,1513,4z2w_AKG_A_401,4,gnina,0.49401057,0.23765004,2.0787303,0,0.00041255541,2.0219702
3840,82,2405,343,1pwz_RSO_B_256,4,gnina,0.49401022,0.23764987,2.0787303,0,0.00060101844,1.6841753
3841,83,4032,576,2cjz_PTR_A_1537,0,surfdock,0.5483463,0.2662905,2.0592024,0,0.80875484,2.6931803
3842,83,966,138,1h5r_THM_A_1293,0,surfdock,0.61498383,0.25258053,2.4348021,0,0.98071657,3.039413
3843,83,1001,143,1h5r_THM_D_1293,0,surfdock,0.61498383,0.25194255,2.4409676,0,0.45179086,3.2316316
3844,83,973,139,1h5r_THM_B_1292,0,surfdock,0.61498383,0.25130673,2.4471433,0,0.95763577,2.9801892
3845,83,980,140,1h5r_THM_C_1292,0,surfdock,0.61498383,0.25130673,2.4471433,0,0,3.0909877
3846,83,994,142,1h5r_THM_D_1292,0,surfdock,0.61498383,0.25130673,2.4471433,0,0.98919434,3.1655211
3847,83,12947,1849,5kjw_53C_B_800,4,gnina,0.49198581,0.23892046,2.0592024,0,0.0021873312,2.0337934
3848,83,10623,1517,4z6p_DHY_C_403,4,gnina,0.491208,0.23854273,2.0592024,0,0.99711357,9.150277
3849,83,13598,1942,5tde_2HP_B_901,4,gnina,0.49066038,0.2382768,2.0592024,0,0.96861979,1.7079263
3850,83,6325,903,3r51_MMA_A_200,4,gnina,0.49043541,0.23816754,2.0592024,0,0.98866503,1.9353093
3851,83,3021,431,1um4_SH4_H_1001,4,gnina,0.49025802,0.2380814,2.0592024,0,0.77252682,4.8239939
3852,83,12940,1848,5kjw_53C_A_800,4,gnina,0.49010568,0.23800742,2.0592024,0,0.7654594,2.0164332
3853,83,5912,844,2ye5_2A7_A_1224,4,gnina,0.48897309,0.2374574,2.0592024,0,0.68504063,1.87815
3854,83,9538,1362,4nr9_ALY_A_2005,4,gnina,0.48786153,0.2369176,2.0592024,0,0.0037448917,2.2579442
3855,83,3784,540,2as1_TP5_A_500,4,gnina,0.48697673,0.23648792,2.0592024,0,0.0010120522,1.5262053
3856,83,13969,1995,5vjg_0BP_A_403,4,gnina,0.48679984,0.23640202,2.0592024,0,0.98581697,1.9122444
3857,83,11134,1590,5bk9_SIN_A_301,4,gnina,0.4853187,0.23568274,2.0592024,0,0.9277497,2.0555638
3858,83,14452,2064,5ybl_AKG_C_302,4,gnina,0.48531753,0.23568217,2.0592024,0,0.00060066452,2.988072
3859,83,4204,600,2eup_LG4_A_400,4,gnina,0.48531621,0.23568153,2.0592024,0,0.96693973,1.5954324
3860,83,3539,505,1zdq_MSM_C_1509,4,gnina,0.48529412,0.23567081,2.0592024,0,0.99387438,1.9617663
3861,83,10756,1536,4zo7_GLC_A_806,4,gnina,0.48528835,0.235668,2.0592024,0,0.99503436,4.5934627
3862,83,14697,2099,6a1l_BEZ_A_403,4,gnina,0.48526039,0.23565443,2.0592024,0,0.9536112,2.0823994
3863,83,13990,1998,5vl0_BNF_C_404,4,gnina,0.48525816,0.23565334,2.0592024,0,0.59481012,4.0154088
3864,83,15817,2259,6jwy_PH2_A_802,4,gnina,0.48524704,0.23564794,2.0592024,0,0.97439447,3.6011282
3865,83,11337,1619,5cpn_531_B_401,4,gnina,0.48522208,0.23563582,2.0592024,0,0.0015063447,2.8151784
3866,83,13983,1997,5vl0_BNF_B_404,4,gnina,0.48515134,0.23560147,2.0592024,0,0.70593462,3.3093084
3867,83,16615,2373,6pk1_PLP_B_501,4,gnina,0.48512921,0.23559072,2.0592024,0,0.93881311,3.0387633
3868,83,11141,1591,5bkd_AKG_A_502,4,gnina,0.48512315,0.23558778,2.0592024,0,0.62261497,2.1932004
3869,83,15600,2228,6hmw_FUL_F_202,4,gnina,0.48511321,0.23558295,2.0592024,0,0.9951536,2.4077074
3870,83,5751,821,2xh0_PEP_C_1440,4,gnina,0.48509167,0.23557249,2.0592024,0,0.9963273,4.0205769
3871,83,15614,2230,6hmw_FUL_J_201,4,gnina,0.48508696,0.2355702,2.0592024,0,0.041902257,2.3807805
3872,83,11687,1669,5eo8_TFU_A_403,4,gnina,0.48507946,0.23556656,2.0592024,0,0.97962171,1.5438611
3873,83,14431,2061,5yb7_ORN_C_602,4,gnina,0.48502244,0.23553887,2.0592024,0,0.068753855,9.3103361
3874,83,1425,203,1jyw_147_A_2001,4,gnina,0.4850169,0.23553618,2.0592024,0,0.13454226,19.043372
3875,83,13612,1944,5tde_FLC_A_501,4,gnina,0.48501677,0.23553612,2.0592024,0,0.72458447,2.8295264
3876,83,15586,2226,6hmw_FUL_D_204,4,gnina,0.48501194,0.23553377,2.0592024,0,0.0017671826,3.1736506
3877,83,14704,2100,6a1l_BEZ_A_404,4,gnina,0.48500418,0.23553,2.0592024,0,0.58055684,1.559191
3878,83,14410,2058,5yb7_ORN_A_602,4,gnina,0.4849897,0.23552297,2.0592024,0,0.029678287,7.9709709
3879,83,15488,2212,6gnf_GLC_B_602,4,gnina,0.48496992,0.23551336,2.0592024,0,0.99475402,5.4412782
3880,83,10819,1545,4zu3_4SD_E_301,4,gnina,0.48496563,0.23551128,2.0592024,0,0.90159167,4.307259
3881,83,10826,1546,4zu3_4SD_F_301,4,gnina,0.48490706,0.23548284,2.0592024,0,0.87708507,3.1744575
3882,83,15376,2196,6flu_DTK_A_406,4,gnina,0.48489505,0.235477,2.0592024,0,0.99458142,1.9598207
3883,83,3182,454,1w3t_3GR_D_1297,4,gnina,0.48483945,0.23545,2.0592024,0,0.41675347,2.4891329
3884,83,14417,2059,5yb7_ORN_A_603,4,gnina,0.48483531,0.235448,2.0592024,0,0.0002232725,8.0371215
3885,83,3168,452,1w3t_3GR_A_1297,4,gnina,0.48473263,0.23539813,2.0592024,0,0.1335584,3.2936772
3886,83,12128,1732,5goo_FRU_A_501,4,gnina,0.48470739,0.23538587,2.0592024,0,4.2896074e-06,3.5775643
3887,83,15432,2204,6g3f_FUM_A_601,4,gnina,0.4846594,0.23536257,2.0592024,0,0.017714108,3.3501582
3888,83,1432,204,1jyw_147_C_2001,4,gnina,0.4846534,0.23535965,2.0592024,0,0.10539402,60.504131
3889,83,11148,1592,5bkd_AKG_B_502,4,gnina,0.48457574,0.23532194,2.0592024,0,0.58856697,2.2807517
3890,83,3175,453,1w3t_3GR_B_1297,4,gnina,0.48457046,0.23531938,2.0592024,0,0.26933799,2.6846288
3891,84,2856,408,1tl2_NDG_A_237,0,surfdock,0.52966514,0.25979903,2.0387485,0,0.98017459,2.7604079
3892,84,2863,409,1tl2_NDG_A_238,0,surfdock,0.52966514,0.25979903,2.0387485,0,0.00028478674,2.746407
3893,84,2877,411,1tl2_NDG_A_241,0,surfdock,0.52966514,0.25979903,2.0387485,0,0.98446654,2.8102498
3894,84,8239,1177,4ea0_651_A_306,0,surfdock,0.52966514,0.25979903,2.0387485,0,0.82475567,3.6191851
3895,84,8246,1178,4ea0_651_B_305,0,surfdock,0.52966514,0.25979903,2.0387485,0,0.88660388,3.7618455
3896,84,10871,1553,4zvz_4TF_C_503,0,surfdock,0.52966514,0.25979903,2.0387485,0,0.97449052,3.232034
3897,84,10878,1554,4zvz_4TF_D_503,0,surfdock,0.52966514,0.25979903,2.0387485,0,0.7568858,3.3443443
3898,84,16457,2351,6o1s_7SD_E_803,0,surfdock,0.52966514,0.25979903,2.0387485,0,0.93003853,3.3648307
3899,84,10857,1551,4zvz_4TF_A_503,0,surfdock,0.52791178,0.25893902,2.0387485,0,0,3.25305
3900,84,17014,2430,6s37_SAL_A_601,4,gnina,0.50701495,0.24868919,2.0387485,0,0,3.4670913
3901,84,9048,1292,4k5u_GAL_A_301,4,gnina,0.50695881,0.24866165,2.0387485,0,0.89886766,2.2860802
3902,84,9566,1366,4o7g_ASC_B_303,4,gnina,0.50617637,0.24827787,2.0387485,0,0.012399145,2.0719088
3903,84,12639,1805,5j4k_6FZ_A_404,4,gnina,0.50588444,0.24813468,2.0387485,0,0.84280335,1.4491102
3904,84,11554,1650,5dz2_212_B_404,4,gnina,0.50534604,0.2478706,2.0387485,0,0.98175431,2.6576203
3905,84,15495,2213,6gpn_OGA_B_402,4,gnina,0.50478689,0.24759633,2.0387485,0,2.5254973e-10,3.1215179
3906,84,9062,1294,4k5u_GAL_C_301,4,gnina,0.50439781,0.24740549,2.0387485,0,0.99041217,2.6261964
3907,84,4701,671,2iyq_SKM_A_201,4,gnina,0.50433082,0.24737263,2.0387485,0,0.98451484,1.7128113
3908,84,207,29,1ca7_ENO_C_701,4,gnina,0.50321646,0.24682604,2.0387485,0,0.95822014,2.3525254
3909,84,221,31,1cdk_MYR_B_403,4,gnina,0.50229307,0.24637312,2.0387485,0,0.83482987,2.1371706
3910,84,17350,2478,6u30_PQM_A_501,4,gnina,0.50225394,0.24635393,2.0387485,0,0,2.0054599
3911,84,2874,410,1tl2_NDG_A_239,4,gnina,0.50511859,0.24622738,2.0514305,0,0.98178096,2.2052337
3912,84,7781,1111,4clr_FDB_D_1270,4,gnina,0.49709949,0.24382569,2.0387485,0,0.98718323,3.7388964
3913,84,8397,1199,4g1x_TQU_A_410,4,gnina,0.49703173,0.24379245,2.0387485,0,0.1632594,2.7474297
3914,84,8950,1278,4j7u_YTZ_D_802,4,gnina,0.4969063,0.24373093,2.0387485,0,0.00092071355,4.5631685
3915,84,10217,1459,4v2z_Y70_B_151,4,gnina,0.49689493,0.24372535,2.0387485,0,0.99808184,2.8428462
3916,84,10210,1458,4v2z_Y70_A_151,4,gnina,0.49686547,0.2437109,2.0387485,0,0.99689397,2.4244454
3917,84,1712,244,1lo3_AN1_Y_500,4,gnina,0.49683515,0.24369603,2.0387485,0,0,2.8939417
3918,84,10945,1563,5a66_3PO_B_1000,4,gnina,0.49679166,0.2436747,2.0387485,0,0.61127011,2.7167797
3919,85,7511,1073,4bux_F35_A_2166,0,surfdock,0.53032454,0.26028626,2.0374656,0,0.81415458,4.0480421
3920,85,14770,2110,6a7e_9QR_A_201,0,surfdock,0.53032454,0.26028626,2.0374656,0,0,4.2986823
3921,85,7518,1074,4bux_F35_C_2165,0,surfdock,0.53032454,0.25809966,2.0547268,0,0.80383236,3.9983329
3922,85,14900,2128,6bkk_308_B_101,4,gnina,0.52058402,0.25550556,2.0374656,0,0.24380635,1.4362802
3923,85,9622,1374,4oxy_1TN_B_302,4,gnina,0.51984068,0.25514072,2.0374656,0,0.98568679,5.9149761
3924,85,14599,2085,5z9b_HX3_A_303,4,gnina,0.51983769,0.25513926,2.0374656,0,0.00080650781,1.8213192
3925,85,5422,774,2rtn_IMI_B_300,4,gnina,0.51948099,0.25496418,2.0374656,0,0.98680205,2.8453594
3926,85,8747,1249,4i6y_MEV_B_1001,4,gnina,0.51931631,0.25488336,2.0374656,0,0.86946354,2.5406881
3927,85,14606,2086,5z9b_HX3_B_303,4,gnina,0.51926941,0.25486034,2.0374656,0,0.00045624252,1.8261606
3928,85,5429,775,2rtn_IMI_D_300,4,gnina,0.51912553,0.25478972,2.0374656,0,0.9860596,3.0728551
3929,85,7949,1135,4d2c_ALA_A_508,4,gnina,0.51907498,0.25476491,2.0374656,0,0.85472701,2.8464692
3930,85,16202,2314,6mwl_K5G_B_301,4,gnina,0.5189636,0.25471025,2.0374656,0,0.58065383,3.2350334
3931,85,16527,2361,6ofr_BOG_A_807,0,surfdock,0.53032454,0.25463348,2.0826967,0,0.79017682,3.0884653
3932,85,12282,1754,5hc0_NPO_A_402,4,gnina,0.51860405,0.25453378,2.0374656,0,0.015055082,1.4447605
3933,85,17399,2485,6ur0_ETM_B_401,4,gnina,0.51833947,0.25440392,2.0374656,0,0.004351588,1.8436276
3934,85,8376,1196,4fxr_BMP_B_301,4,gnina,0.51830432,0.25438667,2.0374656,0,0.84727252,3.9915536
3935,85,2888,412,1toq_AMG_A_501,4,gnina,0.51818814,0.25432965,2.0374656,0,0.99717729,1.9364906
3936,85,1411,201,1jtk_THU_B_1138,4,gnina,0.51816253,0.25431708,2.0374656,0,0.96714939,2.3819461
3937,85,4141,591,2e56_MYR_A_701,4,gnina,0.51801685,0.25424558,2.0374656,0,0,3.9156047
3938,85,8348,1192,4f8n_GAL_A_204,4,gnina,0.51796612,0.25422068,2.0374656,0,0.80353539,1.8544551
3939,85,1600,228,1kuj_MMA_E_503,4,gnina,0.51776659,0.25412275,2.0374656,0,0.99148163,1.9718558
3940,85,8369,1195,4fxr_BMP_A_301,4,gnina,0.51747968,0.25398193,2.0374656,0,0.89895044,3.762897
3941,85,1593,227,1kuj_MMA_C_502,4,gnina,0.51736831,0.25392727,2.0374656,0,0.98028587,2.1663832
3942,85,1586,226,1kuj_MMA_A_501,4,gnina,0.51693787,0.253716,2.0374656,0,0.99593486,1.8538269
3943,85,2447,349,1q3a_NGH_B_479,4,gnina,0.5168564,0.25367602,2.0374656,0,0.92756993,4.5037333
3944,85,8124,1160,4dwv_PFB_A_378,4,gnina,0.51964553,0.25361488,2.0489542,0,0.95270841,2.0129166
3945,85,8131,1161,4dwv_PFB_B_378,4,gnina,0.51962306,0.25360391,2.0489542,0,0.96671165,2.2450861
3946,85,375,53,1dxy_COI_A_404,4,gnina,0.51632608,0.25341573,2.0374656,0,0.0057999504,1.647067
3947,85,2902,414,1toq_AMG_G_504,4,gnina,0.51631579,0.25341069,2.0374656,0,0.97921127,2.418097
3948,85,12961,1851,5kxb_NGA_A_307,4,gnina,0.51459169,0.25256449,2.0374656,0,0.33543723,2.801696
3949,85,1957,279,1msv_PUT_B_355,4,gnina,0.51322832,0.25189534,2.0374656,0,0.92001553,2.3397728
3950,85,3630,518,1zk0_SS2_A_1260,4,gnina,0.51197333,0.25127938,2.0374656,0,0.5119674,1.4697425
3951,85,10385,1483,4x36_CHT_A_411,4,gnina,0.51188609,0.25123656,2.0374656,0,0.04488214,2.5125417
3952,85,3161,451,1w1a_NDG_2_1261,4,gnina,0.51142698,0.25101123,2.0374656,0,0.065471508,2.3109754
3953,85,2440,348,1q3a_NGH_A_480,4,gnina,0.51141207,0.25100391,2.0374656,0,0.7758924,4.8922565
3954,85,10203,1457,4uzi_IMD_B_1456,4,gnina,0.51716131,0.25063472,2.0634055,0,0.93724548,1.7136169
3955,85,16909,2415,6rbo_JXQ_A_302,4,gnina,0.509861,0.25024264,2.0374656,0,0.00037822043,2.7966216
3956,85,16499,2357,6ofr_BOG_A_801,0,surfdock,0.53032454,0.24993436,2.1218543,0,6.755853e-09,2.913715
3957,85,571,81,1fsa_F6P_A_338,4,gnina,0.51446238,0.24938162,2.0629513,0,0.029052086,3.0089587
3958,85,3385,483,1xuz_PEP_A_2001,4,gnina,0.50774525,0.24920422,2.0374656,0,0.93958689,2.1017271
3959,85,8502,1214,4h9x_HL4_A_404,4,gnina,0.50715104,0.24891257,2.0374656,0,0.55857501,2.3757969
3960,85,256,36,1cq1_BGC_B_455,4,gnina,0.50625672,0.24847364,2.0374656,0,0.00039786642,2.3280821
3961,85,3714,530,2a1m_CAM_A_1422,4,gnina,0.50505991,0.24788624,2.0374656,0,0.12311961,1.9372162
3962,85,4127,589,2e56_MYR_A_501,4,gnina,0.50483637,0.24777652,2.0374656,0,5.1003655e-05,3.6686693
3963,85,14277,2039,5xh2_NPO_A_305,4,gnina,0.50190762,0.24633907,2.0374656,0,0.10364469,1.6607243
3964,85,14592,2084,5z9b_AX7_A_304,4,gnina,0.50188758,0.24632924,2.0374656,0,0.058139927,1.6757162
3965,85,8852,1264,4ioq_BAQ_A_201,4,gnina,0.50185792,0.24631468,2.0374656,0,2.1962924e-05,1.3633349
3966,85,10910,1558,5a02_GOL_D_1341,4,gnina,0.50185063,0.2463111,2.0374656,0,7.2261559e-06,18.692393
3967,85,9188,1312,4l80_OXL_D_402,4,gnina,0.50184507,0.24630838,2.0374656,0,0,5.0075979
3968,85,5779,825,2xta_TPP_B_2001,4,gnina,0.50184274,0.24630723,2.0374656,0,0,31.389462
3969,86,7879,1125,4cxr_2BG_A_502,4,gnina,0.54578543,0.2711321,2.0129862,0,0.98196121,2.2645665
3970,86,8334,1190,4evq_PHB_A_406,4,gnina,0.54550426,0.27099242,2.0129862,0,0.99658743,2.6676801
3971,86,17273,2467,6tgl_LVP_B_201,4,gnina,0.54423501,0.27036189,2.0129862,0,1.9877009e-06,2.427817
3972,86,11302,1614,5ci9_549_A_402,4,gnina,0.54140552,0.26895627,2.0129862,0,2.0183795e-06,2.3117407
3973,86,641,91,1g6t_S3P_A_601,4,gnina,0.54046342,0.26848826,2.0129862,0,0.41918545,2.2714706
3974,86,2034,290,1nme_159_B_9002,4,gnina,0.54037524,0.26844446,2.0129862,0,8.3719521e-07,2.8079384
3975,86,5338,762,2r3d_ACM_A_303,4,gnina,0.53853587,0.26753071,2.0129862,0,0.9937472,1.3016927
3976,86,8117,1159,4dvw_0M4_A_512,4,gnina,0.53831944,0.26742319,2.0129862,0,0.43757487,3.7972729
3977,86,5282,754,2qvr_CIT_A_335,4,gnina,0.53732462,0.26692899,2.0129862,0,0.027459647,2.1250304
3978,86,7088,1012,3zjq_NCA_B_300,4,gnina,0.5354693,0.26600731,2.0129862,0,5.9838391e-06,1.6563206
3979,86,865,123,1h48_C5P_A_203,4,gnina,0.53467065,0.26561056,2.0129862,0,0.9627664,4.0630918
3980,86,9125,1303,4kqx_HIO_A_402,4,gnina,0.53466227,0.2656064,2.0129862,0,0.75291498,1.949267
3981,86,17588,2512,6xu3_PLG_C_401,4,gnina,0.5352926,0.26483539,2.0212266,0,0.98537327,5.8886333
3982,86,7200,1028,4a3u_NCA_B_1359,4,gnina,0.53227417,0.26442005,2.0129862,0,0.016413314,2.1268482
3983,86,14263,2037,5xdt_MB3_A_404,4,gnina,0.53157291,0.26407169,2.0129862,0,2.3614621e-05,1.5086745
3984,86,875,125,1h48_C5P_E_901,0,surfdock,0.53026617,0.26342253,2.0129862,0,0.98758089,3.4027642
3985,86,882,126,1h48_C5P_F_901,0,surfdock,0.53026617,0.26342253,2.0129862,0,0.9961927,3.5018595
3986,86,15106,2158,6dyt_F0G_A_503,0,surfdock,0.53026617,0.26342253,2.0129862,0,0.99150775,2.8701477
3987,86,15617,2231,6hnz_GH5_A_301,0,surfdock,0.53026617,0.26342253,2.0129862,0,0.97526871,4.2329427
3988,86,16891,2413,6r73_LMP_A_301,0,surfdock,0.53026617,0.26342253,2.0129862,0,0,3.9980953
3989,86,9132,1304,4kqx_HIO_B_401,4,gnina,0.5290009,0.26279398,2.0129862,0,0.44556243,2.278171
3990,86,6521,931,3ucl_CYH_A_543,4,gnina,0.5257053,0.26115681,2.0129862,0,2.0293749e-06,1.5456337
3991,86,16825,2403,6qol_JB5_B_301,4,gnina,0.52449154,0.26055384,2.0129862,0,0.00061054468,2.1297274
3992,86,5527,789,2vjb_CCD_B_1540,4,gnina,0.52416872,0.26039348,2.0129862,0,0.030340774,2.6799656
3993,86,7081,1011,3zjq_NCA_A_300,4,gnina,0.52387246,0.2602463,2.0129862,0,6.0154675e-06,1.5282748
3994,86,4,0,19gs_BSP_A_210,4,gnina,0.52340978,0.26001645,2.0129862,0,0.0039881531,1.7116046
3995,86,4393,627,2fyd_BGC_D_530,4,gnina,0.52293172,0.25977897,2.0129862,0,0.19660342,2.5734905
3996,86,10630,1518,4za7_4LV_A_606,4,gnina,0.52277609,0.25970166,2.0129862,0,0.95496015,1.9807209
3997,86,39,5,1ac4_TMT_A_296,4,gnina,0.5227136,0.25967061,2.0129862,0,0.95959659,1.4505376
3998,86,14186,2026,5wqp_NCA_A_302,4,gnina,0.52256947,0.25959901,2.0129862,0,5.5159792e-06,1.7056512
3999,86,10728,1532,4zib_4OG_A_512,4,gnina,0.52224627,0.25943845,2.0129862,0,0.81063047,2.1723735
4000,86,8495,1213,4h9g_14J_A_512,4,gnina,0.52206018,0.25934601,2.0129862,0,0.67832617,1.6071347
4001,86,8404,1200,4gcq_0JM_B_401,4,gnina,0.52099623,0.25881747,2.0129862,0,2.3658596e-06,6.4845324
4002,86,494,70,1eyw_PEL_A_404,4,gnina,0.52058914,0.25861523,2.0129862,0,0.15232892,1.6115583
4003,86,1936,276,1moo_4MZ_A_265,4,gnina,0.52045461,0.2585484,2.0129862,0,8.5848719e-06,1.2601579
4004,86,3441,491,1y8j_STS_A_900,4,gnina,0.51866631,0.25766002,2.0129862,0,0,3.5063322
4005,86,5513,787,2vez_G6P_A_202,4,gnina,0.51854023,0.25759739,2.0129862,0,0.00073660641,2.2550962
4006,86,872,124,1h48_C5P_B_901,4,gnina,0.51835712,0.25750642,2.0129862,0,0.98972785,3.8722122
4007,86,13171,1881,5mxh_GAL_A_402,4,gnina,0.51799327,0.25732567,2.0129862,0,0.98743605,1.9609062
4008,86,14536,2076,5ylf_BGC_A_401,4,gnina,0.51787565,0.25726724,2.0129862,0,0.0197927,2.0589642
4009,86,8516,1216,4hey_4MZ_A_303,4,gnina,0.51776349,0.25721152,2.0129862,0,0,1.3941344
4010,86,2846,406,1tke_SER_A_500,4,gnina,0.51616078,0.25641534,2.0129862,0,0.12019129,1.5150702
4011,86,13164,1880,5mxh_GAL_A_401,4,gnina,0.51584183,0.25625689,2.0129862,0,0.9886336,1.666507
4012,86,14095,2013,5w3k_9TY_B_401,4,gnina,0.52342647,0.25624634,2.0426681,0,0.97672361,2.110169
4013,86,11883,1697,5fkl_TDC_A_222,4,gnina,0.51522228,0.25594912,2.0129862,0,0,3.6784918
4014,86,10392,1484,4x36_CHT_A_412,4,gnina,0.51202122,0.25435891,2.0129862,0,0.061966186,1.4664123
4015,86,8908,1272,4j0k_EGR_B_501,4,gnina,0.50991988,0.25331502,2.0129862,0,0.00053170677,3.1887955
4016,86,8523,1217,4hey_4MZ_A_307,4,gnina,0.5086418,0.2526801,2.0129862,0,1.6473936e-05,1.2114629
4017,86,1929,275,1moo_4MZ_A_264,4,gnina,0.50846656,0.25259305,2.0129862,0,3.0297935e-07,1.1845336
4018,86,10539,1505,4ynu_LGC_A_603,4,gnina,0.50792348,0.25232326,2.0129862,0,2.5022509e-07,1.9269279
4019,87,63,9,1aiq_CB3_A_266,0,surfdock,0.61759298,0.31011557,1.991492,0,0.93128278,4.8039041
4020,87,17704,2529,7bp1_CAQ_C_401,1,unimol,0.77285371,0.29910217,2.5839112,0,0.99556071,23.19
4021,87,17711,2530,7bp1_CAQ_D_401,1,unimol,0.77120002,0.29846217,2.5839112,0,0.99593816,21.98
4022,87,17697,2528,7bp1_CAQ_A_401,1,unimol,0.77270892,0.29557132,2.6142883,0,0.99648061,22.97
4023,87,17567,2509,6xp1_T2C_A_401,4,gnina,0.57617309,0.2893378,1.9913499,0,0.97282158,3.4991597
4024,87,16720,2388,6q4k_HHW_A_301,4,gnina,0.57497127,0.28873428,1.9913499,0,0.00049452879,4.5078589
4025,87,16727,2389,6q4k_HHW_A_302,4,gnina,0.57171296,0.28709805,1.9913499,0,5.9196144e-05,4.5204
4026,87,1663,237,1l4n_NIO_A_991,4,gnina,0.57075444,0.28661671,1.9913499,0,0.98315863,1.8244192
4027,87,1376,196,1jhv_NIO_A_991,4,gnina,0.57020222,0.2863394,1.9913499,0,0.98879985,1.9279441
4028,87,1369,195,1jho_NIO_A_991,4,gnina,0.56990902,0.28619216,1.9913499,0,0.70059852,1.5653937
4029,87,9720,1388,4pik_MAN_C_503,4,gnina,0.56629054,0.28437507,1.9913499,0,0.99442552,1.8542036
4030,87,7571,1081,4c2p_X8Z_A_709,4,gnina,0.56470831,0.28358051,1.9913499,0,0.9800801,2.2055522
4031,87,760,108,1gz5_G6P_D_901,4,gnina,0.56707247,0.2830809,2.003216,0,1.2766772e-06,5.3940862
4032,87,746,106,1gz5_G6P_A_901,4,gnina,0.56340691,0.28125107,2.003216,0,1.6373853e-06,5.2726861
4033,87,7928,1132,4d0z_BBK_A_1581,4,gnina,0.55982524,0.28112838,1.9913499,0,0.0001254788,20.656014
4034,87,2839,405,1tiw_TFB_A_2002,4,gnina,0.55867146,0.28054898,1.9913499,0,0.46832062,1.7718881
4035,87,2762,394,1t87_CAM_A_1422,4,gnina,0.54859248,0.2754876,1.9913499,0,0.034438836,2.0421997
4036,87,2517,359,1qmh_CIT_B_401,4,gnina,0.5473211,0.27484915,1.9913499,0,0.04615932,2.3776966
4037,87,6234,890,3qhd_MSR_A_166,4,gnina,0.54731621,0.27484669,1.9913499,0,0.0001756332,1.8665192
4038,87,11316,1616,5clo_NS8_M_101,4,gnina,0.54654256,0.27445819,1.9913499,0,0.0062618977,2.3331127
4039,87,2769,395,1t87_CAM_B_2422,4,gnina,0.54513678,0.27375225,1.9913499,0,0.032618709,2.6297474
4040,87,8572,1224,4hrq_AZG_A_201,4,gnina,0.5439937,0.27317822,1.9913499,0,0.037300879,1.5904357
4041,87,9713,1387,4pik_MAN_B_503,4,gnina,0.54367418,0.27301777,1.9913499,0,0.98873006,2.2197651
4042,87,9727,1389,4pik_MAN_D_503,4,gnina,0.54367014,0.27301574,1.9913499,0,0.010066564,2.2075428
4043,87,1824,260,1m3u_KPL_D_265,4,gnina,0.54177815,0.27206564,1.9913499,0,0.84598873,7.1865879
4044,87,1474,210,1k5s_GRO_B_601,4,gnina,0.54012717,0.27123656,1.9913499,0,0.89925485,2.1381258
4045,87,9699,1385,4pik_MAN_A_501,4,gnina,0.54003571,0.27119063,1.9913499,0,0.99454936,2.0186737
4046,87,2853,407,1tkh_DPN_A_911,4,gnina,0.53938065,0.27086168,1.9913499,0,2.9396386e-05,1.8990476
4047,87,753,107,1gz5_G6P_B_901,4,gnina,0.54180532,0.27046761,2.003216,0,1.2221562e-06,5.079922
4048,87,6318,902,3r3z_GOA_D_305,4,gnina,0.56661388,0.26960696,2.1016283,0,0.2899826,4.2963367
4049,87,1621,231,1kwu_MMA_A_501,4,gnina,0.53629366,0.26931148,1.9913499,0,0.88014446,1.8474113
4050,87,5758,822,2xhk_AKG_A_519,4,gnina,0.53514116,0.26873273,1.9913499,0,0.00030766263,1.7927736
4051,87,1488,212,1kae_HSO_A_1001,4,gnina,0.53504319,0.26868353,1.9913499,0,0.9758712,2.565715
4052,87,7935,1133,4d0z_BBK_B_1580,4,gnina,0.53466814,0.26849519,1.9913499,0,1.3578964e-07,12.425158
4053,87,186,26,1bo8_U_A_318,4,gnina,0.53458945,0.26845568,1.9913499,0,0.98765853,3.3750007
4054,87,5765,823,2xhk_AKG_B_519,4,gnina,0.5344782,0.26839981,1.9913499,0,0.00043138965,2.1338581
4055,87,12289,1755,5hc0_NPO_A_407,4,gnina,0.53426361,0.26829205,1.9913499,0,0,1.5035544
4056,87,6304,900,3r3z_GOA_A_305,4,gnina,0.57216292,0.26820291,2.1333201,0,0,2.5473749
4057,87,7942,1134,4d0z_BBK_E_1584,4,gnina,0.5337192,0.26801866,1.9913499,0,0.00011604205,95.4585
4058,87,6311,901,3r3z_GOA_C_305,4,gnina,0.57062094,0.26748011,2.1333201,0,0,2.7069075
4059,87,16020,2288,6l86_LMR_D_302,4,gnina,0.53227375,0.2672928,1.9913499,0,0.15227293,4.1230234
4060,87,4491,641,2gx5_PCG_C_514,4,gnina,0.53188097,0.26709556,1.9913499,0,0.00051424062,3.803665
4061,87,25,3,1a59_CIT_A_379,4,gnina,0.531543,0.26692584,1.9913499,0,0,3.0711551
4062,87,2475,353,1q6r_LX1_A_7301,4,gnina,0.53566261,0.26688246,2.0071096,0,0.060144459,2.2548038
4063,87,2076,296,1nrg_PLP_A_320,4,gnina,0.53145302,0.26688065,1.9913499,0,0.00033097656,2.3689696
4064,87,2482,354,1q6r_LX1_B_9301,4,gnina,0.53551945,0.26681113,2.0071096,0,0.028295898,2.8553812
4065,87,2541,363,1rf2_BV4_D_104,0,surfdock,0.531054,0.26668027,1.9913499,0,0,3.4777054
4066,87,2555,365,1rf2_BV4_F_106,0,surfdock,0.531054,0.26668027,1.9913499,0,0,3.4730275
4067,87,2562,366,1rf2_BV4_G_107,0,surfdock,0.531054,0.26668027,1.9913499,0,0.028399354,3.5566514
4068,87,2569,367,1rf2_BV4_H_108,0,surfdock,0.531054,0.26668027,1.9913499,0,0.022685385,3.4339892
4069,88,17777,2539,7jis_VBS_A_1101,4,gnina,0.58654542,0.2974843,1.9716843,0,0,9.8791234
4070,88,13101,1871,5m5a_KSA_A_404,4,gnina,0.58263137,0.29549917,1.9716843,0,0.9847279,6.8318512
4071,88,3889,555,2bk3_FOF_A_1503,4,gnina,0.58124171,0.29181614,1.991807,0,0.44863987,3.783067
4072,88,9363,1337,4mog_G3F_A_802,4,gnina,0.56082063,0.2829726,1.9818892,0,0.0008515307,2.3257111
4073,88,8845,1263,4ict_1ED_A_406,4,gnina,0.57712327,0.28176854,2.0482166,0,0.011869561,3.5545524
4074,88,158,22,1axg_ETF_D_404,4,gnina,0.55198848,0.2799577,1.9716843,0,0.96158857,10.188681
4075,88,592,84,1fuq_CIT_B_1002,4,gnina,0.55094741,0.27942969,1.9716843,0,2.677879e-06,3.234314
4076,88,12415,1773,5i7r_68W_A_402,4,gnina,0.57301738,0.27838558,2.0583577,0,0.99404188,4.1879873
4077,88,4267,609,2f78_BEZ_A_1003,4,gnina,0.54800099,0.27793532,1.9716843,0,0.41110663,1.632675
4078,88,4281,611,2f78_BEZ_B_1004,4,gnina,0.546433,0.27714007,1.9716843,0,0.97528206,1.6596564
4079,88,17126,2446,6syz_M1E_B_601,4,gnina,0.5459501,0.27689515,1.9716843,0,0.99566072,1.8965968
4080,88,14669,2095,5zi4_OAA_B_401,4,gnina,0.54427188,0.27604399,1.9716843,0,1.6949924e-06,2.3357301
4081,88,7025,1003,3wxo_NIZ_A_803,4,gnina,0.54686,0.27480262,1.9900092,0,0.00016827594,2.3617696
4082,88,13850,1978,5uj3_CE4_A_302,4,gnina,0.54045914,0.27411025,1.9716843,0,0.0001311768,6.2709351
4083,88,3896,556,2bk3_FOF_B_1498,4,gnina,0.54481313,0.27352694,1.991807,0,0.64327053,3.7108719
4084,88,8313,1187,4ekr_0R0_B_203,4,gnina,0.54664808,0.27237476,2.0069695,0,0.12591395,1.8804431
4085,88,1978,282,1n3o_GYP_B_1101,4,gnina,0.5370097,0.27236076,1.9716843,0,0.0016164724,2.4224077
4086,88,2209,315,1o8a_NXA_A_702,4,gnina,0.53449123,0.27108344,1.9716843,0,0.99091045,2.5808275
4087,88,4575,653,2huu_ALA_A_701,4,gnina,0.53361137,0.27063719,1.9716843,0,1.0990168e-08,1.888809
4088,88,4113,587,2e40_LGC_A_1001,4,gnina,0.53331363,0.27048618,1.9716843,0,0.037004959,3.059255
4089,88,137,19,1axg_ETF_A_404,4,gnina,0.53284769,0.27024987,1.9716843,0,0.92941759,2.8769368
4090,88,16300,2328,6ng5_KMD_A_803,4,gnina,0.57260586,0.2702125,2.1190937,0,0,5.1608901
4091,88,3511,501,1z6k_OAA_A_274,4,gnina,0.53223527,0.26993926,1.9716843,0,0.00016303905,1.8028205
4092,88,1971,281,1n3o_GYP_A_1001,4,gnina,0.53110034,0.26936365,1.9716843,0,0.9763628,1.9631277
4093,88,8306,1186,4ekr_0R0_A_203,4,gnina,0.52950385,0.26855394,1.9716843,0,0,1.4211055
4094,88,4799,685,2npq_BOG_A_2000,4,gnina,0.52895301,0.26827456,1.9716843,0,0,4.3949989
4095,88,12926,1846,5kcp_PFB_B_379,4,gnina,0.52802517,0.26780398,1.9716843,0,0.14157073,2.3108665
4096,88,9223,1317,4lm7_U5P_A_201,4,gnina,0.52670448,0.26713415,1.9716843,0,0.11201742,3.6309621
4097,89,11502,1643,5dnx_5LD_B_201,1,unimol,0.77271651,0.39356548,1.9633738,0,0.98562376,12.8
4098,89,5471,781,2v32_BEZ_C_1222,4,gnina,0.58511858,0.29801676,1.9633738,0,0.99768711,2.0595653
4099,89,9573,1367,4o95_245_A_602,4,gnina,0.58204066,0.2964491,1.9633738,0,8.0319187e-07,2.4597196
4100,89,5457,779,2v32_BEZ_A_1222,4,gnina,0.58139828,0.29612191,1.9633738,0,0.986335,2.3667098
4101,89,5464,780,2v32_BEZ_B_1220,4,gnina,0.57991731,0.29536762,1.9633738,0,0.85883692,2.140546
4102,89,438,62,1e7h_PLM_A_1007,4,gnina,0.57954665,0.29517883,1.9633738,0,0,2.4929743
4103,89,3658,522,1zng_HE4_A_202,4,gnina,0.57854596,0.29466915,1.9633738,0,0.0001590073,1.5692753
4104,89,4225,603,2evd_D10_A_304,4,gnina,0.57522905,0.29297976,1.9633738,0,0.0065154614,1.9692976
4105,89,5478,782,2v32_BEZ_D_1221,4,gnina,0.57249197,0.29158568,1.9633738,0,0.65370823,2.2081267
4106,89,13094,1870,5m0t_AKG_B_302,4,gnina,0.56376672,0.28714168,1.9633738,0,0.00020001647,2.6422429
4107,89,2202,314,1o6g_SIN_A_724,4,gnina,0.55856532,0.28449246,1.9633738,0,0.74244214,3.7645311
4108,89,8166,1166,4e7v_CRS_E_101,4,gnina,0.55354336,0.28193465,1.9633738,0,0.29467062,1.7889562
4109,89,8215,1173,4e7v_CRS_S_101,4,gnina,0.54913503,0.27968936,1.9633738,0,0.31859733,1.8865939
4110,89,14116,2016,5w8q_BU4_B_400,4,gnina,0.54804662,0.27913501,1.9633738,0,0.75891852,1.8371706
4111,89,8159,1165,4e7v_CRS_C_101,4,gnina,0.54684576,0.27852338,1.9633738,0,0.96273961,1.8963907
4112,89,6563,937,3v1v_GST_A_511,4,gnina,0.54623834,0.278214,1.9633738,0,0.22847236,4.8615349
4113,89,3721,531,2a1m_CAM_B_2422,4,gnina,0.54579138,0.27798635,1.9633738,0,0.036889306,2.2104799
4114,89,2426,346,1q20_PLO_A_401,4,gnina,0.54527169,0.27772166,1.9633738,0,0.95749823,3.3820645
4115,89,8138,1162,4e7v_CRS_1_101,4,gnina,0.54326264,0.2766984,1.9633738,0,0.27938768,1.8732594
4116,89,8320,1188,4evi_C9M_A_402,4,gnina,0.54101331,0.27555275,1.9633738,0,0.98952122,3.7064151
4117,89,7410,1058,4b5v_E8U_A_1253,4,gnina,0.54049702,0.27528979,1.9633738,0,0.012062637,2.7074288
4118,89,5205,743,2qg6_NMN_A_301,4,gnina,0.53705808,0.27353824,1.9633738,0,0.98589242,4.2708438
4119,89,4099,585,2dm5_ODI_A_312,4,gnina,0.53547284,0.27273084,1.9633738,0,0.82854696,1.9903694
4120,89,12058,1722,5g44_SWX_A_1511,4,gnina,0.53296645,0.27145427,1.9633738,0,2.076966e-06,2.0348691
4121,89,2636,376,1s2c_FLF_A_2001,4,gnina,0.54004108,0.27144458,1.9895067,0,7.6263792e-07,3.2563441
4122,89,3455,493,1yik_MM1_A_500,4,gnina,0.53041513,0.27015481,1.9633738,0,0.023299957,1.5624923
4123,89,9244,1320,4lol_1YE_A_401,4,gnina,0.58187979,0.26900503,2.1630805,0,0.89386936,3.3602924
4124,89,6185,883,3mk1_NPO_A_913,4,gnina,0.5877461,0.26895309,2.1853099,0,0.00039834249,2.1443972
4125,89,2741,391,1sz6_NAG_B_5001,4,gnina,0.52668107,0.26825295,1.9633738,0,1.9886327e-06,2.0416947
4126,89,9216,1316,4lcq_URQ_A_603,4,gnina,0.52078256,0.26524868,1.9633738,0,0.97097524,2.5367585
4127,89,2223,317,1om5_INE_A_790,4,gnina,0.54419758,0.264585,2.0567958,0,2.7932529e-05,2.1976963
4128,89,662,94,1g79_PLP_A_260,4,gnina,0.51315982,0.26136621,1.9633738,0,0.0047690718,2.8855782
4129,89,9944,1420,4rje_PYR_D_402,4,gnina,0.50549562,0.25746263,1.9633738,0,0.89271597,3.0183882
4130,89,13521,1931,5t85_44G_L_301,4,gnina,0.50284052,0.25611031,1.9633738,0,1.3983781e-05,5.1771925
4131,89,2748,392,1sz6_NAG_B_5004,4,gnina,0.50254529,0.25595995,1.9633738,0,2.4218257e-07,3.0541486
4132,89,32,4,1a9r_HPA_A_290,4,gnina,0.50254368,0.25595912,1.9633738,0,0.9870541,2.0072693
4133,89,1271,181,1j0n_CEG_A_780,4,gnina,0.50254368,0.25595912,1.9633738,0,8.1131681e-06,2.4557456
4134,89,2734,390,1sz6_NAG_A_5003,4,gnina,0.50254368,0.25595912,1.9633738,0,0.00088095403,2.1106469
4135,89,4974,710,2p1e_LAC_A_303,4,gnina,0.50254368,0.25595912,1.9633738,0,0.018681664,1.4006013
4136,89,10028,1432,4tsk_TLA_A_404,4,gnina,0.50254368,0.25595912,1.9633738,0,0.0015403094,1.8412924
4137,89,10231,1461,4v36_LYN_A_1851,4,gnina,0.50254368,0.25595912,1.9633738,0,2.1146423e-09,2.6581059
4138,89,6374,910,3rop_NCA_B_302,4,gnina,0.50180326,0.25558201,1.9633738,0,0.0041614141,1.7716639
4139,89,9433,1347,4n4j_HG1_A_608,4,gnina,0.50088949,0.2551166,1.9633738,0,0,1.8195928
4140,89,9510,1358,4nkw_PLO_A_601,4,gnina,0.58914951,0.25374542,2.3218124,0,2.1286123e-07,9.8472804
4141,89,10266,1466,4wca_CIT_A_401,4,gnina,0.49775684,0.25352106,1.9633738,0,0.073860612,2.2048417
4142,89,9454,1350,4n94_2HO_A_401,4,gnina,0.5477179,0.25351215,2.1605184,0,0.005013606,2.3359697
4143,89,2643,377,1s2c_FLF_A_2002,4,gnina,0.52422065,0.25338048,2.0689061,0,0.045958932,2.9691558
4144,89,9517,1359,4nkw_PLO_D_601,4,gnina,0.58666722,0.2526763,2.3218124,0,1.8629093e-07,6.0445507
4145,89,1096,156,1ho5_ADN_B_2604,4,gnina,0.58236925,0.25254967,2.3059583,0,6.0170552e-09,3.6761832
4146,89,17007,2429,6s23_KSW_B_402,4,gnina,0.54810462,0.25254173,2.1703517,0,6.1288765e-06,1.8967046
4147,90,2314,330,1pfw_MF3_A_553,4,gnina,0.60088347,0.28631603,2.0986712,0,0.93724513,3.7407611
4148,90,10168,1452,4ur9_BK9_B_1717,4,gnina,0.55356228,0.28431968,1.9469705,0,0.0015978673,3.5565412
4149,90,10700,1528,4zdz_TPF_A_602,4,gnina,0.55108621,0.28304792,1.9469705,0,2.6890642e-05,3.4420669
4150,90,8033,1147,4dch_GLC_A_501,4,gnina,0.54810525,0.28151684,1.9469705,0,0.96669289,1.7665904
4151,90,17427,2489,6vei_9UO_B_502,4,gnina,0.54534335,0.28009828,1.9469705,0,0.97403451,7.6523956
4152,90,3462,494,1yqc_GLV_A_1001,4,gnina,0.58076836,0.27768581,2.0914576,0,5.0579488e-08,1.4094377
4153,90,12835,1833,5joy_6LW_A_602,4,gnina,0.53787468,0.27626224,1.9469705,0,3.3946291e-05,2.44784
4154,90,3140,448,1vzd_UFP_A_317,4,gnina,0.53617325,0.27538835,1.9469705,0,1.882708e-06,4.4665665
4155,90,3301,471,1x8i_BMH_A_2,4,gnina,0.53447773,0.2745175,1.9469705,0,0.96709226,3.6505463
4156,90,3595,513,1zfj_IMP_A_500,4,gnina,0.53114695,0.27280675,1.9469705,0,0.90681112,4.2464544
4157,90,1250,178,1ixo_G3P_A_1001,4,gnina,0.52914188,0.27177691,1.9469705,0,0.027220164,2.482941
4158,90,12842,1834,5joy_6LW_B_602,4,gnina,0.52586942,0.27009612,1.9469705,0,5.2882408e-06,2.4303169
4159,90,9209,1315,4l91_X29_A_301,4,gnina,0.60019396,0.26483416,2.2663002,0,0.97637226,2.9611319
4160,90,9545,1363,4nv0_MG7_A_403,4,gnina,0.5355324,0.26337518,2.0333433,0,0.99518081,3.3796147
4161,90,17476,2496,6vv1_RMJ_A_501,4,gnina,0.54450789,0.26330811,2.0679486,0,2.8041633e-05,5.5888754
4162,90,7123,1017,3zv6_4HB_A_1277,4,gnina,0.51193161,0.2629374,1.9469705,0,0.11419696,2.0093179
4163,90,11071,1581,5ahn_IMP_A_1468,4,gnina,0.53396451,0.26139239,2.042769,0,0.033553405,4.3115086
4164,90,109,15,1anc_BEN_A_384,4,gnina,0.50565275,0.25971247,1.9469705,0,4.0040124e-06,1.3162544
4165,90,5597,799,2w0b_CMW_A_1450,4,gnina,0.49889237,0.25624021,1.9469705,0,0,4.9777995
4166,90,8656,1236,4i4v_NGA_A_201,4,gnina,0.53269308,0.25615442,2.079577,0,0.9838492,3.183956
4167,90,15775,2253,6jmd_ORO_A_402,4,gnina,0.49858888,0.25608433,1.9469705,0,0.97213268,3.5923433
4168,90,15789,2255,6jme_ORO_A_402,4,gnina,0.49303367,0.25323108,1.9469705,0,6.2110735e-05,2.1174152
4169,90,9426,1346,4n36_2F8_D_401,4,gnina,0.56808641,0.25141922,2.2595177,0,0.80176874,2.574093
4170,90,9965,1423,4rp9_ASC_A_501,4,gnina,0.52533607,0.25128443,2.0906024,0,0.00059072088,2.054058
4171,90,16174,2310,6mry_FLC_B_101,4,gnina,0.48842263,0.25086277,1.9469705,0,0.8163096,2.5647794
4172,90,4253,607,2f64_12Q_B_471,4,gnina,0.4864361,0.24984244,1.9469705,0,6.7573112e-06,2.0018684
4173,90,4484,640,2gue_NAG_B_122,4,gnina,0.48642726,0.24983791,1.9469705,0,0.10056469,1.7916116
4174,90,8208,1172,4e7v_CRS_Q_101,4,gnina,0.48626425,0.24975418,1.9469705,0,0.86585662,2.144497
4175,90,4246,606,2f64_12Q_A_472,4,gnina,0.48621285,0.24972778,1.9469705,0,0.10329489,1.9793988
4176,90,5961,851,2z26_DOR_A_1410,4,gnina,0.48621285,0.24972778,1.9469705,0,0,3.4147502
4177,90,8964,1280,4jh6_FCN_B_202,4,gnina,0.48621285,0.24972778,1.9469705,0,0.95369612,1.3581118
4178,90,13262,1894,5nnw_GCS_D_302,4,gnina,0.48621285,0.24972778,1.9469705,0,7.5903389e-06,2.4453437
4179,90,1537,219,1kfc_IPL_A_674,4,gnina,0.48553138,0.24937776,1.9469705,0,0.37737549,4.5874445
4180,90,5268,752,2qse_1HP_A_1,4,gnina,0.48548343,0.24935314,1.9469705,0,0.98208981,3.0473085
4181,90,14865,2123,6b83_6NA_B_201,4,gnina,0.4854725,0.24934752,1.9469705,0,0.0086406301,2.5702736
4182,90,14529,2075,5ykt_PMP_B_501,4,gnina,0.48546988,0.24934618,1.9469705,0,0.12230085,4.0278002
4183,90,14921,2131,6bqx_9AG_A_201,4,gnina,0.48530715,0.2492626,1.9469705,0,1.9870696e-06,2.4429225
4184,90,9167,1309,4kwl_3SS_A_302,4,gnina,0.48508244,0.24914718,1.9469705,0,0.90050951,1.6985979
4185,90,16167,2309,6mry_FLC_A_101,4,gnina,0.48488564,0.2490461,1.9469705,0,0.016340912,2.3552745
4186,90,16797,2399,6qnj_GLC_A_402,4,gnina,0.48479805,0.24900111,1.9469705,0,2.8243893e-05,1.8720359
4187,90,8677,1239,4i4v_NGA_D_201,4,gnina,0.48476981,0.24898661,1.9469705,0,0.91589457,2.1455611
4188,90,5730,818,2x05_X05_A_1900,4,gnina,0.48473012,0.24896622,1.9469705,0,0.53919631,5.9403016
4189,90,2244,320,1owz_4FA_A_409,4,gnina,0.48457273,0.24888538,1.9469705,0,0.98990214,1.7733918
4190,90,14389,2055,5y7r_AKG_B_402,4,gnina,0.48567488,0.24887503,1.95148,0,0.00015502519,2.0720746
4191,90,1691,241,1ldo_SNR_B_350,4,gnina,0.4844696,0.24883242,1.9469705,0,0,2.8152114
4192,90,11876,1696,5fiu_Y3J_C_1299,4,gnina,0.48508118,0.24875006,1.9500737,0,0.98340815,4.5566605
4193,90,9258,1322,4lvb_20N_B_601,4,gnina,0.48556433,0.24867206,1.9526283,0,3.032122e-07,3.461842
4194,90,12373,1767,5i0d_GLC_B_1122,4,gnina,0.48411967,0.24865269,1.9469705,0,1.8145499e-05,5.9337364
4195,90,10644,1520,4zb5_GLC_A_403,4,gnina,0.48409775,0.24864143,1.9469705,0,4.8949895e-05,1.8159972
4196,90,12485,1783,5igs_GMP_A_403,4,gnina,0.48382923,0.24850351,1.9469705,0,0.99104438,3.2234797
4197,91,533,76,1foi_14W_A_810,1,unimol,0.72107714,0.37317214,1.93229,0,0.99540042,18.25
4198,91,12408,1772,5i5t_67X_B_402,4,gnina,0.6163228,0.31895963,1.93229,0,9.2281678e-05,2.5891333
4199,91,11505,1643,5dnx_5LD_B_201,4,gnina,0.61408228,0.31780012,1.93229,0,3.4394565e-05,2.5755583
4200,91,4106,586,2e1a_MSE_D_301,4,gnina,0.60496192,0.31308015,1.93229,0,0.99486628,1.9194645
4201,91,5842,834,2xya_7L4_A_1181,4,gnina,0.60886678,0.3120907,1.950928,0,0.99351733,1.728211
4202,91,1316,188,1j3i_WRA_B_709,0,surfdock,0.66864619,0.29829017,2.2415955,0,0.97842315,3.9564379
4203,91,1309,187,1j3i_WRA_A_609,0,surfdock,0.66653732,0.29704482,2.2438939,0,0,3.989063
4204,91,1320,188,1j3i_WRA_B_709,4,gnina,0.58750659,0.295745,1.9865299,0,0.35374769,6.7819969
4205,91,1313,187,1j3i_WRA_A_609,4,gnina,0.58503467,0.29372153,1.9917995,0,0.60342269,11.473046
4206,91,3105,443,1vje_MSE_A_401,4,gnina,0.56615443,0.29299648,1.93229,0,3.1162682e-06,2.4980363
4207,91,5303,757,2qx4_ML1_B_233,4,gnina,0.59911558,0.29142678,2.0558004,0,3.1383347e-07,2.5260533
4208,91,543,77,1foi_14W_B_810,4,gnina,0.55858565,0.28907948,1.93229,0,8.0473767e-08,2.7356111
4209,91,12429,1775,5i8z_JA1_A_302,4,gnina,0.61106024,0.28879639,2.115885,0,0.9835488,4.1100667
4210,91,12296,1756,5hfa_FP1_A_607,4,gnina,0.55784431,0.28869582,1.93229,0,0.0012453548,2.6795277
4211,91,12303,1757,5hfa_FP1_A_608,4,gnina,0.55740291,0.28846739,1.93229,0,0.022337836,3.0239866
4212,91,12310,1758,5hfa_FP1_B_609,4,gnina,0.55618389,0.28783652,1.93229,0,0.0016849908,3.0958827
4213,91,5149,735,2qcx_PF1_B_300,4,gnina,0.5542117,0.28681587,1.93229,0,0.57505882,3.594051
4214,91,8719,1245,4i6s_FUC_C_101,4,gnina,0.58608521,0.28587488,2.0501449,0,0.99215671,1.4215779
4215,91,5142,734,2qcx_PF1_A_300,4,gnina,0.54949952,0.28437722,1.93229,0,0.35760892,2.754275
4216,91,4505,643,2gyv_HBP_B_545,4,gnina,0.5419022,0.28044545,1.93229,0,0.35360649,7.0892713
4217,91,10042,1434,4u7g_K17_A_303,4,gnina,0.54112783,0.2800447,1.93229,0,8.8602677e-06,1.5381881
4218,91,8712,1244,4i6s_FUC_B_102,4,gnina,0.60095095,0.27946458,2.1503644,0,0.99634592,2.0999585
4219,91,8691,1241,4i6s_FUC_A_101,4,gnina,0.59341828,0.27802824,2.1343803,0,0.99698009,1.4695586
4220,91,5296,756,2qx4_ML1_A_233,4,gnina,0.57430717,0.27765748,2.0684006,0,1.1428709e-05,2.4948478
4221,91,3413,487,1y42_TYR_X_701,4,gnina,0.53527764,0.27701711,1.93229,0,0.60631816,2.3670726
4222,91,11729,1675,5ewc_5SJ_A_801,4,gnina,0.53375134,0.27622722,1.93229,0,0.99176909,3.2845777
4223,91,2587,369,1rqh_PYR_A_602,4,gnina,0.55782658,0.27569495,2.0233462,0,0.01606809,1.5682797
4224,91,6710,958,3vq4_0NX_A_305,4,gnina,0.61599432,0.27285369,2.2575984,0,0.97484415,1.8864669
4225,91,8705,1243,4i6s_FUC_B_101,4,gnina,0.56227661,0.26343775,2.1343803,0,0.99787803,1.3882819
4226,91,17707,2529,7bp1_CAQ_C_401,4,gnina,0.61942961,0.26290941,2.3560562,0,0.99411729,3.3183897
4227,91,17700,2528,7bp1_CAQ_A_401,4,gnina,0.61982423,0.26282363,2.3583267,0,0.99656832,3.5126694
4228,91,17714,2530,7bp1_CAQ_D_401,4,gnina,0.61887932,0.26267585,2.3560562,0,0,3.6616311
4229,91,7018,1002,3wxo_NIZ_A_802,4,gnina,0.53734352,0.26090735,2.0595176,0,0.053818481,3.1611157
4230,91,1341,191,1j3k_WRA_B_709,4,gnina,0.58790596,0.2604365,2.257386,0,0.054633894,6.1899319
4231,91,1334,190,1j3k_WRA_A_609,4,gnina,0.58674137,0.2599206,2.257386,0,0.97867757,6.8221324
4232,91,1628,232,1kwu_MMA_B_601,4,gnina,0.53082006,0.25567306,2.0761664,0,0.93648164,1.8807873
4233,91,410,58,1e2s_CSN_P_701,4,gnina,0.50356023,0.25558451,1.9702289,0,0.029593188,2.6324167
4234,91,6724,960,3vq5_MMJ_A_1007,4,gnina,0.61691367,0.25489123,2.4203007,0,0.88242219,2.2201556
4235,91,9615,1373,4oxy_1TN_A_302,4,gnina,0.60802285,0.25463139,2.3878541,0,5.4457692e-05,5.4967967
4236,91,5705,815,2wu4_HBP_B_1545,0,surfdock,0.53150262,0.25430754,2.0899985,0,0.98368864,4.3131564
4237,91,5698,814,2wu4_HBP_A_1544,0,surfdock,0.53150262,0.2539759,2.0927277,0,0.12293251,4.2157806
4238,91,1337,191,1j3k_WRA_B_709,0,surfdock,0.6689869,0.25381888,2.6356852,0,0.98990463,4.0548766
4239,91,17630,2518,6yk6_OUB_A_311,4,gnina,0.49039866,0.25379132,1.93229,0,0.99473959,2.9824299
4240,91,7214,1030,4a7a_RGZ_A_601,4,gnina,0.49031062,0.25374576,1.93229,0,1.0724182e-08,4.8127617
4241,91,17084,2440,6sj8_44V_B_901,4,gnina,0.49014285,0.25365893,1.93229,0,0.55474017,2.1481879
4242,91,14067,2009,5vys_1YJ_A_301,4,gnina,0.49008119,0.25362702,1.93229,0,0.99217786,2.3994829
4243,91,17252,2464,6tbx_N0Z_C_303,4,gnina,0.49002765,0.25359931,1.93229,0,0.13931925,2.7209811
4244,91,5387,769,2rbu_273_X_4001,4,gnina,0.49001985,0.25359528,1.93229,0,6.4436147e-07,1.5512947
4245,91,11435,1633,5di7_5CQ_A_601,4,gnina,0.48973181,0.25344621,1.93229,0,0.60352761,3.0542424
4246,91,1330,190,1j3k_WRA_A_609,0,surfdock,0.66799337,0.25344192,2.6356852,0,0.97624103,4.1311499
4247,92,6294,899,3qxx_8AC_A_221,1,unimol,0.76700722,0.39877925,1.9233871,0,0.97202613,23.89
4248,92,7837,1119,4cno_9PY_D_301,4,gnina,0.62001363,0.32235494,1.9233871,0,0.92287123,3.3875619
4249,92,13892,1984,5unx_8F1_B_803,4,gnina,0.61884565,0.32174769,1.9233871,0,5.054284e-06,7.7350676
4250,92,95,13,1ajs_PLA_A_415,4,gnina,0.60853006,0.31638445,1.9233871,0,0.9641239,6.6793062
4251,92,7207,1029,4a78_JZ3_A_1296,4,gnina,0.57183488,0.29730605,1.9233871,0,0.19416268,1.6259077
4252,92,564,80,1fs5_16G_A_1267,4,gnina,0.56440529,0.29344328,1.9233871,0,1.2464404e-07,2.8563562
4253,92,10427,1489,4xp2_TT4_A_401,4,gnina,0.55823872,0.29023719,1.9233871,0,0.0023823017,2.1548108
4254,92,10980,1568,5a8k_TP7_D_554,4,gnina,0.55515586,0.28863436,1.9233871,0,0.98925938,17.533088
4255,92,326,46,1diw_GAL_A_1400,4,gnina,0.55484018,0.28847023,1.9233871,0,0.0009117094,1.7511232
4256,92,13325,1903,5o4j_9KH_B_302,4,gnina,0.54886235,0.28536226,1.9233871,0,0.00048254295,2.6869679
4257,92,16314,2330,6nga_KL7_A_803,4,gnina,0.55503662,0.28529068,1.9455117,0,7.403723e-07,5.1096803
4258,92,13332,1904,5o4j_PJL_A_304,4,gnina,0.54413297,0.28290338,1.9233871,0,7.6158928e-05,2.9409359
4259,92,7823,1117,4cno_9PY_B_301,4,gnina,0.5421976,0.28189715,1.9233871,0,0.99307578,2.5264147
4260,92,5877,839,2y00_Y00_B_601,4,gnina,0.62594349,0.27946053,2.2398269,0,0.98743094,4.451045
4261,92,16489,2355,6ock_9KL_A_601,4,gnina,0.61192037,0.27902468,2.193068,0,0,3.3604691
4262,92,15173,2167,6e8i_PTR_A_201,4,gnina,0.5360231,0.27868693,1.9233871,0,0.21785012,2.8066689
4263,92,7487,1069,4buf_F36_A_2162,4,gnina,0.53590643,0.27862627,1.9233871,0,0.99289624,3.2871395
4264,92,7494,1070,4buf_F36_B_2162,4,gnina,0.53577051,0.2785556,1.9233871,0,0.98739917,3.820796
4265,92,2783,397,1tc2_7HP_A_800,4,gnina,0.53395649,0.27761247,1.9233871,0,0.99171433,1.5643716
4266,92,7830,1118,4cno_9PY_C_301,4,gnina,0.53307834,0.27715591,1.9233871,0,0.42788562,2.5902082
4267,92,10969,1567,5a8k_TP7_A_558,0,surfdock,0.53229545,0.27674887,1.9233871,0,0,2.9580491
4268,92,16072,2296,6lx5_C5F_A_503,0,surfdock,0.53229545,0.27674887,1.9233871,0,4.578077e-07,3.3300952
4269,92,16079,2297,6lx5_C5F_B_501,0,surfdock,0.53229545,0.27674887,1.9233871,0,0.99204312,3.476727
4270,92,17227,2461,6t9c_MX8_A_501,0,surfdock,0.53229545,0.27674887,1.9233871,0,0,4.213201
4271,92,4876,696,2nz5_226_B_432,4,gnina,0.61928919,0.27592551,2.2444062,0,0.0042822825,2.2594076
4272,92,12478,1782,5icf_SAU_A_402,4,gnina,0.52105158,0.270903,1.9233871,0,0.32372939,2.0458644
4273,92,5625,803,2wd2_MS5_A_1263,4,gnina,0.58699048,0.26963666,2.1769674,0,0.58799277,4.9187597
4274,92,13948,1992,5v7y_AKG_B_302,4,gnina,0.51621233,0.26838699,1.9233871,0,0.00034394334,2.3910362
4275,93,6297,899,3qxx_8AC_A_221,4,gnina,0.61963501,0.32247792,1.9214795,0,5.5505065e-07,2.7709455
4276,93,12219,1745,5h24_LQG_B_501,4,gnina,0.62795189,0.31831105,1.9727609,0,3.6062827e-06,3.5046932
4277,93,6717,959,3vq4_0NX_B_303,4,gnina,0.62716817,0.31079976,2.0179162,0,0.13361143,1.8954132
4278,93,11617,1659,5eo7_SFU_A_405,4,gnina,0.59895537,0.3031744,1.9756123,0,0.9272411,2.1788165
4279,93,13010,1858,5l9v_OGA_B_502,4,gnina,0.56088162,0.29190077,1.9214795,0,0.00045241003,1.8492986
4280,93,4057,579,2cxp_A5P_A_1601,4,gnina,0.62177271,0.28782179,2.1602688,0,0.56572498,3.4200594
4281,93,17574,2510,6xu3_GAB_B_402,4,gnina,0.55112106,0.28682106,1.9214795,0,0.011252634,4.681571
4282,93,3882,554,2bjf_DXC_A_330,4,gnina,0.55003069,0.28401345,1.9366351,0,1.0000561e-07,3.4514548
4283,93,3399,485,1y2x_NAG_B_1144,4,gnina,0.5374384,0.2780995,1.932539,0,0.99351531,2.803295
4284,93,16916,2416,6rbr_JXN_A_302,4,gnina,0.61219122,0.2774415,2.2065587,0,0.019195882,1.7064397
4285,93,6703,957,3vq4_0NX_A_304,4,gnina,0.54733373,0.27238886,2.0093827,0,0.9726435,1.7668683
4286,93,11,1,1a49_OXL_A_533,4,gnina,0.60583577,0.26793997,2.2610867,0,0.00010669079,26.874878
4287,93,6598,942,3vbn_TYD_C_301,4,gnina,0.5333802,0.26640301,2.0021544,0,0.016022185,5.4816702
4288,93,9524,1360,4npm_SIN_A_301,4,gnina,0.50500728,0.26282197,1.9214795,0,0.96441396,2.1287081
4289,93,6164,880,2zyv_NPO_X_1602,4,gnina,0.5030242,0.26178992,1.9214795,0,0.00015072095,1.5074061
4290,93,11820,1688,5fc5_PC_A_516,4,gnina,0.50139555,0.26094232,1.9214795,0,0.86952398,2.3326478
4291,93,9272,1324,4lz3_BTM_A_409,4,gnina,0.50108737,0.26078193,1.9214795,0,0.90449749,2.5607769
4292,93,13199,1885,5n63_8OW_A_401,4,gnina,0.50040658,0.26042762,1.9214795,0,0.98429197,5.7278783
4293,93,10525,1503,4y6n_3PG_A_402,4,gnina,0.50028605,0.2603649,1.9214795,0,0.93853534,1.8635448
4294,93,15565,2223,6hl9_SIN_B_402,4,gnina,0.50024159,0.26034176,1.9214795,0,0.00068395039,2.6723727
4295,93,17791,2541,7kjg_BTM_A_406,4,gnina,0.50008605,0.26026081,1.9214795,0,0,2.6408739
4296,93,3490,498,1z11_8MO_D_501,4,gnina,0.61463956,0.25982188,2.365618,0,0.81301338,6.0104284
4297,93,9118,1302,4kqk_PCR_B_703,4,gnina,0.50284618,0.25967307,1.9364578,0,0.99363817,1.9073455
4298,93,11442,1634,5di7_5CQ_B_601,4,gnina,0.50162381,0.25957875,1.9324523,0,0.91039536,3.641317
4299,93,2657,379,1s5s_PG3_A_1,4,gnina,0.49872169,0.25955075,1.9214795,0,0.82229427,1.8978294
4300,93,1236,176,1iwe_IMP_B_1443,4,gnina,0.53641866,0.25945132,2.0675108,0,0.011203601,4.5156244
4301,93,9531,1361,4npm_SIN_B_301,4,gnina,0.49771428,0.25902646,1.9214795,0,0.95058507,1.7583147
4302,93,13346,1906,5o72_9MH_A_303,4,gnina,0.49765359,0.25899488,1.9214795,0,2.3224154e-10,4.2975974
4303,93,8894,1270,4ixw_IXW_A_302,4,gnina,0.49672079,0.25850942,1.9214795,0,0.78511343,1.6530542
4304,93,3392,484,1y2x_NAG_A_144,4,gnina,0.50246331,0.2581918,1.9460845,0,0.99068784,2.2440601
4305,93,15635,2233,6hpx_GKQ_A_205,4,gnina,0.49600111,0.25813487,1.9214795,0,5.2846481e-12,4.8539609
4306,93,5226,746,2qhv_OC9_A_1001,4,gnina,0.62962803,0.25781905,2.4421306,0,3.1956239e-06,2.0857922
4307,93,16069,2295,6lql_F0C_A_702,4,gnina,0.50033579,0.25759138,1.9423614,0,4.1876293e-07,4.0365027
4308,93,1201,171,1isx_XYP_B_961,4,gnina,0.49440558,0.25730451,1.9214795,0,0.97528673,2.0395475
4309,93,13444,1920,5osf_A9E_A_404,4,gnina,0.49440465,0.25730403,1.9214795,0,3.9295155e-07,2.3405736
4310,93,11330,1618,5cpn_531_A_401,4,gnina,0.49548893,0.25593476,1.9359961,0,0.0011261313,3.1678272
4311,93,12422,1774,5i8s_LEA_A_202,4,gnina,0.50238757,0.25555095,1.9658989,0,0.8744518,1.6472049
4312,93,7683,1097,4cld_JUO_A_1270,4,gnina,0.53796978,0.25548781,2.1056564,0,0.00060131922,3.3961189
4313,93,2993,427,1uay_ADN_A_1001,4,gnina,0.62424251,0.25545331,2.4436648,0,0.98484557,3.0327213
4314,93,14319,2045,5xmq_PLG_C_501,4,gnina,0.50193572,0.25477673,1.9700993,0,0.89712726,4.7933541
4315,93,3000,428,1uay_ADN_B_1002,4,gnina,0.62186377,0.25464052,2.4421232,0,0.99770245,2.6884332
4316,93,15453,2207,6gck_EUB_B_302,4,gnina,0.62368343,0.25425479,2.452985,0,2.1236478e-05,3.7239866
4317,93,8999,1285,4jxh_HRC_A_301,4,gnina,0.50081976,0.25392277,1.9723301,0,0.0011788271,3.669468
4318,93,3259,465,1x09_IPE_A_902,4,gnina,0.48783407,0.25388448,1.9214795,0,1.4298886e-05,2.3673318
4319,93,14816,2116,6axu_BTM_A_401,4,gnina,0.50062147,0.25332991,1.9761631,0,0.064060977,2.2710562
4320,93,11666,1666,5eo7_SFU_C_404,4,gnina,0.4980797,0.25240428,1.97334,0,0.0090471548,2.9404485
4321,93,3483,497,1z11_8MO_B_501,4,gnina,0.59708764,0.25240229,2.365618,0,0.86390692,4.9943279
4322,93,11624,1660,5eo7_SFU_B_401,4,gnina,0.4944356,0.25178725,1.9637029,0,0.82249309,2.6749301
4323,93,11631,1661,5eo7_SFU_B_402,4,gnina,0.49987335,0.2514769,1.9877496,0,0.99336824,2.5026177
4324,93,10469,1495,4xti_IMP_B_601,4,gnina,0.4982284,0.2506119,1.9880466,0,0.926246,4.20236
4325,94,12541,1791,5in3_G1P_A_416,4,gnina,0.63651082,0.33440532,1.9034102,0,0.97856571,2.9418378
4326,94,7060,1008,3zbs_OVE_A_1380,4,gnina,0.58028233,0.30486442,1.9034102,0,0.85478272,4.3390623
4327,94,12548,1792,5in3_G1P_B_418,4,gnina,0.57375621,0.30143577,1.9034102,0,0.82688479,2.7776779
4328,94,8740,1248,4i6y_MEV_A_501,4,gnina,0.5699186,0.2994196,1.9034102,0,0.00099556579,2.4189412
4329,94,14767,2109,6a6s_FSA_A_502,4,gnina,0.56587247,0.29729387,1.9034102,0,4.2923524e-06,2.428519
4330,94,8698,1242,4i6s_FUC_A_102,4,gnina,0.5427305,0.28513571,1.9034102,0,0.99747072,1.5271136
4331,94,16780,2397,6qli_4LR_A_301,1,unimol,0.72316436,0.2821721,2.5628476,0,0.8430435,25.74
4332,94,1089,155,1ho5_ADN_A_1604,4,gnina,0.6149799,0.28083805,2.1898017,0,1.1532432e-06,3.7313456
4333,94,5376,768,2r5e_QLP_B_430,0,surfdock,0.532302,0.27965687,1.9034102,0,0,4.4178894
4334,94,6752,964,3vv5_SLZ_B_301,4,gnina,0.52217456,0.27433619,1.9034102,0,0.91289648,2.4918529
4335,94,17147,2449,6szt_M4Q_B_601,4,gnina,0.57806265,0.27412662,2.1087422,0,0.0031281087,2.5494195
4336,94,2230,318,1ov5_2LP_A_403,4,gnina,0.64363622,0.27271808,2.3600781,0,0.99478527,1.8284144
4337,94,5989,855,2z48_A2G_B_2005,4,gnina,0.54922402,0.27208461,2.0185771,0,0.88704387,2.7595972
4338,94,1705,243,1lnf_VAL_E_1321,4,gnina,0.5381089,0.26606458,2.0224738,0,0.97777478,3.349011
4339,94,8551,1221,4hon_AKG_A_401,4,gnina,0.50180702,0.26363564,1.9034102,0,0.99502428,2.4837465
4340,94,15544,2220,6hl7_CP_A_401,4,gnina,0.50151174,0.26348051,1.9034102,0,3.3135942e-06,4.6746925
4341,94,13976,1996,5vka_AKG_A_402,4,gnina,0.5014243,0.26343457,1.9034102,0,0.97059111,1.8093679
4342,94,12331,1761,5hpu_IPH_A_101,4,gnina,0.50131982,0.26337968,1.9034102,0,0.98905824,1.1539476
4343,94,17728,2532,7bzm_GIM_A_501,4,gnina,0.50124894,0.26334244,1.9034102,0,0.89535569,2.6097878
4344,94,9440,1348,4n5p_2H0_E_412,4,gnina,0.50082812,0.26312136,1.9034102,0,0.20330346,6.2709471
4345,94,2006,286,1nf0_13P_A_5001,4,gnina,0.5008233,0.26311882,1.9034102,0,0.81037383,2.6568177
4346,94,14585,2083,5z54_0HZ_D_303,4,gnina,0.50032419,0.2628566,1.9034102,0,0.97400102,3.3548013
4347,94,1348,192,1j54_TMP_A_2000,4,gnina,0.50030891,0.26284857,1.9034102,0,0.95078537,3.526417
4348,94,8733,1247,4i6w_1CO_B_1001,4,gnina,0.5000858,0.26273136,1.9034102,0,0.010918322,2.4648888
4349,94,6220,888,3qhd_CTN_A_165,4,gnina,0.49933057,0.26233458,1.9034102,0,0.98365153,2.6043205
4350,94,305,43,1d7a_AIR_D_450,4,gnina,0.49911554,0.26222161,1.9034102,0,1.5505939e-06,7.5332613
4351,94,15537,2219,6hgl_TES_A_401,4,gnina,0.49879371,0.26205253,1.9034102,0,0.99569856,2.002373
4352,94,17525,2503,6x9d_HYP_A_2002,4,gnina,0.49805945,0.26166677,1.9034102,0,0.9988529,12.727041
4353,94,6227,889,3qhd_CTN_B_165,4,gnina,0.4979103,0.26158841,1.9034102,0,0.99218562,3.3565653
4354,94,15117,2159,6dyt_PP3_B_1501,4,gnina,0.49790453,0.26158538,1.9034102,0,0,4.3272565
4355,94,8971,1281,4jhh_H35_A_201,4,gnina,0.49748421,0.26136456,1.9034102,0,0.00090745135,2.1331689
4356,94,8026,1146,4dch_4DC_A_502,4,gnina,0.49723716,0.26123476,1.9034102,0,0.74005399,5.2030361
4357,94,14578,2082,5z54_0HZ_C_303,4,gnina,0.49711068,0.26116832,1.9034102,0,0.36996428,3.3456788
4358,94,291,41,1d7a_AIR_B_350,4,gnina,0.49504696,0.26008409,1.9034102,0,0.0024426256,5.6155114
4359,94,7137,1019,3zwe_FUC_B_110,4,gnina,0.49325013,0.25914009,1.9034102,0,0.99692369,1.8798987
4360,94,16412,2344,6nnp_G6P_A_502,4,gnina,0.49318022,0.25910336,1.9034102,0,0.00010054437,2.6417994
4361,94,9916,1416,4rii_TYD_B_401,4,gnina,0.49267648,0.2588387,1.9034102,0,0.99723792,5.4983186
4362,94,15551,2221,6hl7_CP_C_401,4,gnina,0.48984358,0.25735038,1.9034102,0,0.0021838172,2.7511867
4363,94,3129,447,1vzd_CB3_A_318,0,surfdock,0.532302,0.25525127,2.085403,0,0,4.5719371
4364,94,12576,1796,5ip6_6C9_A_301,4,gnina,0.48436925,0.25447432,1.9034102,0,0.90367597,2.4104189
4365,94,2926,418,1tvw_CB3_A_318,0,surfdock,0.532302,0.25288236,2.1049383,0,0.18547571,4.6013381
4366,94,5317,759,2qxf_TMP_A_3000,4,gnina,0.49887962,0.24896892,2.0037818,0,0.0069316859,4.2481249
4367,94,5975,853,2z48_A2G_A_1005,4,gnina,0.50050038,0.247947,2.0185771,0,0.92433055,3.3525428
4368,94,10105,1443,4udc_DEX_A_1778,4,gnina,0.50125369,0.24772535,2.0234241,0,0.99512038,3.8317328
4369,94,7032,1004,3wxo_NIZ_A_804,4,gnina,0.4691737,0.24649099,1.9034102,0,2.4608157e-06,1.8848306
4370,94,9321,1331,4m72_M72_A_402,4,gnina,0.46909991,0.24645223,1.9034102,0,0.30300305,3.8251696
4371,94,14571,2081,5z54_0HZ_B_303,4,gnina,0.46909991,0.24645223,1.9034102,0,0.99494768,3.711736
4372,94,16804,2400,6qo4_97T_A_301,4,gnina,0.59106317,0.24579833,2.4046662,0,0.99576951,2.1220861
4373,94,10483,1497,4xv4_25T_A_303,4,gnina,0.46557769,0.24433484,1.9054894,0,0.99796524,1.5001363
4374,94,16566,2366,6ooi_PGA_F_301,4,gnina,0.50135691,0.24360084,2.0581074,0,0.5941182,7.6064911
4375,95,13213,1887,5n8c_8Q8_B_403,4,gnina,0.62984387,0.33191357,1.8976132,0,0.47305032,8.1925457
4376,95,8096,1156,4dt8_ADN_B_401,4,gnina,0.65291505,0.31369746,2.0813518,0,0.96478848,3.9268993
4377,95,13024,1860,5la1_XYP_A_602,4,gnina,0.59256919,0.31227065,1.8976132,0,0.16214341,1.4610784
4378,95,4085,583,2d3n_GLC_A_608,4,gnina,0.57667843,0.30389657,1.8976132,0,0.00070214434,3.2671937
4379,95,4988,712,2pnz_UDP_A_250,4,gnina,0.5757525,0.30340863,1.8976132,0,0.0071791023,6.0557593
4380,95,7375,1053,4b1f_DGL_A_1257,4,gnina,0.60010837,0.29376986,2.042783,0,0.97114198,3.4418722
4381,95,1390,198,1jl0_PUT_A_401,4,gnina,0.55607465,0.29303884,1.8976132,0,0.92656634,3.3126203
4382,95,501,71,1eyw_TEN_A_403,4,gnina,0.5494506,0.28954812,1.8976132,0,0.33580396,2.3195339
4383,95,13783,1969,5ud3_P6F_A_404,0,surfdock,0.53192634,0.28031323,1.8976132,0,0,3.6362939
4384,95,16783,2397,6qli_4LR_A_301,4,gnina,0.52387086,0.27606817,1.8976132,0,0.075820346,1.6977092
4385,95,9202,1314,4l8q_XMM_A_303,4,gnina,0.51370456,0.27071076,1.8976132,0,0.042275572,3.392164
4386,95,354,50,1dpm_EBP_A_901,4,gnina,0.5989267,0.27055004,2.2137363,0,5.190402e-06,2.6702813
4387,95,1761,251,1lti_GAL_E_104,4,gnina,0.51173783,0.26967434,1.8976132,0,0.66476972,1.9883214
4388,95,4372,624,2fr6_CTN_D_1004,4,gnina,0.51164545,0.26962565,1.8976132,0,0.99439649,4.3309865
4389,95,4365,623,2fr6_CTN_C_1003,4,gnina,0.51149241,0.26954501,1.8976132,0,0.99602181,3.5172357
4390,95,1754,250,1lti_GAL_D_104,4,gnina,0.51143758,0.26951611,1.8976132,0,0.98717018,2.0008758
4391,95,9251,1321,4lvb_20N_A_601,4,gnina,0.51134898,0.26946942,1.8976132,0,3.6617963e-07,3.0101115
4392,95,1901,271,1ml4_PAL_A_385,4,gnina,0.51079094,0.26917535,1.8976132,0,0.99335002,3.5751873
4393,95,8110,1158,4du7_DP6_A_401,4,gnina,0.51037372,0.26895548,1.8976132,0,0.94559839,4.4086001
4394,95,1768,252,1lti_GAL_H_104,4,gnina,0.51034915,0.26894253,1.8976132,0,0.98903389,2.2753825
4395,95,6542,934,3uwb_BB2_A_154,4,gnina,0.51026296,0.26889711,1.8976132,0,0.91972278,7.2553434
4396,95,12856,1836,5jp9_DCM_B_401,4,gnina,0.50967306,0.26858625,1.8976132,0,0.98209601,3.6625617
4397,95,4694,670,2ixi_TYD_B_1182,4,gnina,0.50933366,0.26840739,1.8976132,0,0.017339826,4.840262
4398,95,8432,1204,4gim_PSU_B_400,4,gnina,0.50913588,0.26830317,1.8976132,0,0.10406538,3.9761234
4399,95,15439,2205,6g5q_EMZ_A_401,4,gnina,0.5088709,0.26816353,1.8976132,0,1.4772679e-09,3.1984421
4400,95,368,52,1duc_DUD_A_201,4,gnina,0.50844778,0.26794055,1.8976132,0,0.042842225,4.1980608
4401,95,4358,622,2fr6_CTN_A_1001,4,gnina,0.50842682,0.26792951,1.8976132,0,0.99356474,3.7137573
4402,95,3294,470,1x82_PA5_A_301,4,gnina,0.50772679,0.26756061,1.8976132,0,0.11506645,3.1781488
4403,95,13255,1893,5njb_BB2_C_502,4,gnina,0.50756527,0.26747549,1.8976132,0,0.96179374,9.3295151
4404,95,10553,1507,4ysx_MLI_E_701,4,gnina,0.5108881,0.26734338,1.91098,0,0.98534629,6.8124556
4405,95,13248,1892,5njb_BB2_A_502,4,gnina,0.50608841,0.26669722,1.8976132,0,0.95091423,9.9573424
4406,95,10546,1506,4ysx_MLI_A_701,4,gnina,0.51127196,0.26644427,1.9188693,0,0.96187262,7.0832824
4407,95,627,89,1g6n_CMP_A_621,4,gnina,0.60925614,0.26622301,2.288517,0,0.99550708,5.5072319
4408,95,634,90,1g6n_CMP_B_622,4,gnina,0.60733222,0.26538233,2.288517,0,0.99234586,4.3178425
4409,95,13157,1879,5mot_HBD_A_402,4,gnina,0.50321602,0.26518353,1.8976132,0,6.188253e-05,1.6061502
4410,95,5562,794,2vp5_DCZ_B_1210,4,gnina,0.50985368,0.26423343,1.9295568,0,0.98908917,3.0629997
4411,95,7459,1065,4bdr_KAI_B_900,4,gnina,0.5001287,0.26355659,1.8976132,0,0.95036284,2.4405444
4412,95,17371,2481,6ufd_Q6D_A_305,4,gnina,0.51152994,0.2600494,1.9670482,0,0.58782142,4.8144046
4413,95,13794,1970,5ud3_P6F_B_404,4,gnina,0.49336825,0.25999398,1.8976132,0,0.91866482,4.5385435
4414,95,5555,793,2vp5_DCZ_A_1210,4,gnina,0.5114201,0.25831276,1.9798474,0,0.99265351,2.9344945
4415,95,2041,291,1nmm_NAG_B_403,4,gnina,0.51033477,0.25764931,1.9807332,0,0.99266223,2.7060682
4416,95,9181,1311,4l7p_M95_A_601,4,gnina,0.50858564,0.25701707,1.9788001,0,0.00045034415,4.7657374
4417,95,9086,1298,4kfj_1R0_A_202,0,surfdock,0.60556982,0.25655634,2.3603766,0,0,4.4056958
4418,95,2048,292,1nmm_NAG_D_527,4,gnina,0.50792706,0.25643374,1.9807332,0,0.97613541,2.6617086
4419,95,1257,179,1ixo_G3P_B_1002,4,gnina,0.48617718,0.25620445,1.8976132,0,0.82159133,2.9302148
4420,95,3700,528,2a0x_DIH_A_300,4,gnina,0.48405635,0.25508682,1.8976132,0,0.073356347,3.634239
4421,95,1677,239,1l5o_NCN_A_991,4,gnina,0.50749224,0.25501376,1.9900573,0,0.99265934,4.0648989
4422,95,1656,236,1l4f_NCN_A_991,4,gnina,0.50746269,0.25499891,1.9900573,0,0.99647566,3.7359912
4423,95,4953,707,2okk_ABU_A_585,4,gnina,0.48002569,0.25296275,1.8976132,0,3.3406161e-07,1.9203717
4424,95,900,128,1h48_CDI_B_902,4,gnina,0.63722765,0.25273467,2.5213296,0,0.96092771,2.5242741
4425,96,1642,234,1kya_XYD_D_814,4,gnina,0.62646445,0.33018645,1.8973042,0,0.99324334,6.7108782
4426,96,1075,153,1h8p_PC_B_1111,4,gnina,0.60503431,0.31889141,1.8973042,0,0.00013547327,1.8082958
4427,96,3938,562,2bxh_IOS_B_1002,4,gnina,0.5994752,0.31596141,1.8973042,0,2.4831414e-08,4.5166532
4428,96,9881,1411,4r2n_PHE_D_402,4,gnina,0.63788759,0.31170836,2.0464234,0,0.022532918,4.0765977
4429,96,4785,683,2nos_AGU_A_903,4,gnina,0.59063487,0.31130199,1.8973042,0,0.00029350186,1.4645331
4430,96,1061,151,1h8p_PC_A_1110,4,gnina,0.57149966,0.30121653,1.8973042,0,0.98762949,1.9626369
4431,96,8915,1273,4j4b_0TF_A_904,4,gnina,0.56089884,0.29562922,1.8973042,0,0.8492999,5.1780007
4432,96,536,76,1foi_14W_A_810,4,gnina,0.64239605,0.28991299,2.2158227,0,2.4001213e-06,2.9246652
4433,96,9489,1355,4nir_6DH_A_307,4,gnina,0.56288456,0.28672158,1.9631737,0,1.4013414e-09,2.7019071
4434,96,4379,625,2fu9_MP2_A_1410,4,gnina,0.66900506,0.28509747,2.3465827,0,0.94002741,4.3731647
4435,96,847,121,1h1m_KMP_B_1358,0,surfdock,0.66379311,0.28188127,2.3548667,0,0,3.8214154
4436,96,854,122,1h1m_KMP_C_1358,0,surfdock,0.66272268,0.28142671,2.3548667,0,0,3.8149461
4437,96,840,120,1h1m_KMP_A_1360,0,surfdock,0.66299247,0.27919646,2.374644,0,0,3.7219702
4438,96,12366,1766,5hss_650_C_401,4,gnina,0.52747184,0.27801108,1.8973042,0,0.28323102,4.3750501
4439,96,12359,1765,5hss_650_B_402,4,gnina,0.52736547,0.27795501,1.8973042,0,1.3837209e-05,7.2786705
4440,96,12821,1831,5jj2_MLI_A_303,4,gnina,0.52678726,0.27765026,1.8973042,0,0.55265081,1.4692452
4441,96,10336,1476,4wua_3UL_A_701,4,gnina,0.52564249,0.27704689,1.8973042,0,0,4.0667252
4442,96,5541,791,2vmg_MBG_A_1179,4,gnina,0.52439825,0.2763911,1.8973042,0,0.93324889,2.1984375
4443,96,5940,848,2yp6_C6W_B_1186,4,gnina,0.60235947,0.27598307,2.1825948,0,0,4.1726475
4444,96,12338,1762,5hss_64Z_A_402,4,gnina,0.52279746,0.27554738,1.8973042,0,0.18064841,4.9720226
4445,96,5947,849,2z1z_MLT_A_433,4,gnina,0.52270664,0.27549951,1.8973042,0,0.16624079,3.0680566
4446,96,11813,1687,5fay_CHT_B_906,4,gnina,0.52609729,0.27543728,1.9100429,0,0.9954769,4.6867917
4447,96,16902,2414,6r7w_CIT_A_406,4,gnina,0.5220727,0.27516539,1.8973042,0,0.060461382,2.2637918
4448,96,4284,612,2f7x_4EA_E_351,0,surfdock,0.53218339,0.27502063,1.9350662,0,0.97317141,4.3032171
4449,96,3049,435,1uxq_G1P_A_1503,4,gnina,0.52074141,0.27446371,1.8973042,0,0.00068559358,2.6071882
4450,96,2237,319,1ovk_NYL_A_405,4,gnina,0.52008327,0.27411683,1.8973042,0,0.99258249,2.0166419
4451,96,5401,771,2rhx_MLY_A_537,4,gnina,0.51924459,0.27367479,1.8973042,0,0.040457057,2.4034677
4452,96,12324,1760,5hgz_MLA_A_303,4,gnina,0.51816204,0.27310422,1.8973042,0,0,1.4308756
4453,97,4232,604,2ex1_C5P_A_1427,4,gnina,0.64243472,0.33874665,1.896504,0,0.99127305,4.1560469
4454,97,11099,1585,5av3_KMP_A_300,4,gnina,0.65982888,0.3255537,2.0267887,0,7.4367066e-07,2.7251144
4455,97,4862,694,2nz5_226_A_431,4,gnina,0.64249739,0.32216465,1.9943128,0,2.1495134e-06,2.2380872
4456,97,17637,2519,6ypv_AKG_A_302,4,gnina,0.65263464,0.32039067,2.0369954,0,0.85743381,1.8119239
4457,97,13395,1913,5oew_9TE_B_901,4,gnina,0.67440742,0.3176881,2.1228592,0,0.54794392,6.1370192
4458,97,4869,695,2nz5_226_A_432,4,gnina,0.62913979,0.3170913,1.9840957,0,4.3177406e-07,2.0492219
4459,97,12065,1723,5g44_YTZ_A_1512,4,gnina,0.6456885,0.30522514,2.115449,0,0.89602537,2.3980073
4460,97,7655,1093,4cju_JNS_B_1214,4,gnina,0.64164796,0.30484937,2.1048024,0,0.99408154,3.0164537
4461,97,522,74,1fds_EST_A_350,4,gnina,0.57235565,0.30179496,1.896504,0,0.011396672,2.1878554
4462,97,5009,715,2prl_R2C_A_400,4,gnina,0.66950108,0.29311501,2.2840891,0,7.9024643e-09,4.6266075
4463,97,557,79,1fqo_F6R_B_2268,4,gnina,0.6413729,0.29158296,2.1996231,0,0.8639032,3.130363
4464,97,6731,961,3vq5_MMJ_B_307,4,gnina,0.67655543,0.29125578,2.32289,0,0.13876908,2.5218684
4465,97,1915,273,1mmx_FUC_B_348,4,gnina,0.60681536,0.28659876,2.1172984,0,0.99486867,1.8159408
4466,97,7669,1095,4cjw_CBJ_A_1215,4,gnina,0.64309439,0.28538738,2.2534077,0,0.0067639809,3.6623035
4467,97,7648,1092,4cju_JNS_A_1217,4,gnina,0.60281331,0.28480005,2.1166184,0,0.99445078,2.817567
4468,97,11281,1611,5cga_KP6_F_301,4,gnina,0.66327537,0.28149153,2.356288,0,0.98606218,4.8661954
4469,97,7676,1096,4cjw_CBJ_B_1217,4,gnina,0.63254781,0.2807071,2.2534077,0,0.0078914951,3.5254699
4470,97,5208,744,2qgw_EES_A_1,0,surfdock,0.53187783,0.28045159,1.896504,0,0,3.415773
4471,97,5215,745,2qgw_EES_B_1,0,surfdock,0.53187783,0.28045159,1.896504,0,0,3.4282159
4472,97,1036,148,1h82_GZZ_A_590,0,surfdock,0.53108122,0.28003154,1.896504,0,0,4.5328439
4473,97,11288,1612,5cga_KP6_H_301,4,gnina,0.67005937,0.27932631,2.39884,0,0.99145683,4.0388812
4474,97,11260,1608,5cga_KP6_B_301,4,gnina,0.66823434,0.27856551,2.39884,0,0.60939695,3.8224896
4475,97,11267,1609,5cga_KP6_C_301,4,gnina,0.6671955,0.27813245,2.39884,0,0.98809012,4.0045565
4476,97,11253,1607,5cga_KP6_A_301,4,gnina,0.66690251,0.27801031,2.39884,0,0.99034609,3.9477356
4477,97,11834,1690,5fe4_5WY_A_903,4,gnina,0.52563059,0.27715751,1.896504,0,0.042694497,2.1648043
4478,97,11827,1689,5fe1_12Q_A_901,4,gnina,0.52560775,0.27714546,1.896504,0,0.99032203,2.0812783
4479,97,11841,1691,5fe4_5WY_B_904,4,gnina,0.52543276,0.27705319,1.896504,0,0.0041152133,1.8882244
4480,97,15215,2173,6f66_CUT_A_300,4,gnina,0.52539719,0.27703443,1.896504,0,0.99216737,3.1603867
4481,97,14627,2089,5zg2_9C0_A_902,4,gnina,0.52529302,0.27697951,1.896504,0,0.00010728631,3.934265
4482,97,7284,1040,4ajj_88R_C_1335,4,gnina,0.52486278,0.27675265,1.896504,0,0.99074973,4.7529997
4483,97,7298,1042,4ajj_88S_B_1332,4,gnina,0.5248388,0.27674,1.896504,0,0.035706876,4.218517
4484,97,7305,1043,4ajj_88S_C_1334,4,gnina,0.52478033,0.27670917,1.896504,0,0,4.4383174
4485,97,3945,563,2c3d_COM_A_1525,4,gnina,0.52457627,0.27660158,1.896504,0,0.97526773,2.3223917
4486,97,13724,1960,5u5g_7VD_D_302,4,gnina,0.52452573,0.27657493,1.896504,0,0.80504719,3.0821258
4487,97,16839,2405,6qot_6SD_A_301,4,gnina,0.52445026,0.27653513,1.896504,0,0.9941742,2.5626471
4488,97,2216,316,1okm_SAB_A_555,4,gnina,0.52432731,0.2764703,1.896504,0,0.97463114,3.7637088
4489,97,3504,500,1z4k_T3P_A_4341,4,gnina,0.52430438,0.27645821,1.896504,0,3.6264113e-07,4.7378138
4490,97,14074,2010,5vys_1YJ_B_301,4,gnina,0.52414742,0.27637545,1.896504,0,0.94978735,1.6534684
4491,97,11001,1571,5ack_SVQ_A_600,4,gnina,0.52400179,0.27629866,1.896504,0,0.93581828,4.67393
4492,97,3966,566,2c3d_COM_B_1526,4,gnina,0.52315098,0.27585004,1.896504,0,0.99029147,2.3241509
4493,97,14046,2006,5vyr_B62_B_301,4,gnina,0.52196125,0.27522271,1.896504,0,0.99237914,1.9271652
4494,97,7291,1041,4ajj_88S_A_1332,4,gnina,0.52193874,0.27521084,1.896504,0,0.91896708,6.4849692
4495,97,17602,2514,6xzx_O5H_B_302,4,gnina,0.52109565,0.27476629,1.896504,0,0.6876984,5.2998979
4496,97,10161,1451,4uqs_INE_A_904,4,gnina,0.52540498,0.27440986,1.9146714,0,7.6627665e-05,1.6446193
4497,97,7312,1044,4ajj_88S_D_1332,4,gnina,0.52029121,0.27434213,1.896504,0,0.0089882123,4.5766282
4498,97,11379,1625,5d8u_0N8_A_203,4,gnina,0.51986349,0.2741166,1.896504,0,2.3288307e-08,3.6876431
4499,97,11274,1610,5cga_KP6_E_301,4,gnina,0.65664877,0.27373586,2.39884,0,0.91174818,3.7911878
4500,97,3532,504,1zdq_MSM_B_1508,4,gnina,0.51709836,0.27265858,1.896504,0,0.99527764,2.430702
4501,97,13528,1932,5tbo_78Z_A_1001,4,gnina,0.66517302,0.27226413,2.4431157,0,0.9840683,5.0311317
4502,97,12912,1844,5kcp_PFB_A_378,4,gnina,0.62740699,0.27173686,2.308876,0,0.96436567,2.8168902
4503,98,13668,1952,5thu_GGG_B_405,4,gnina,0.66540738,0.3510572,1.8954377,0,5.5683206e-07,3.6328798
4504,98,5737,819,2x0u_X0U_B_1291,4,gnina,0.67702995,0.33490266,2.0215714,0,0.99488689,1.9296968
4505,98,11491,1641,5dne_ASN_C_601,4,gnina,0.6699578,0.30450208,2.2001739,0,0.99329093,6.8388853
4506,98,11477,1639,5dne_ASN_A_601,4,gnina,0.66934954,0.30312764,2.2081432,0,0.99699319,7.2871982
4507,98,11484,1640,5dne_ASN_B_601,4,gnina,0.66582944,0.3026257,2.2001739,0,0.99318145,6.8838173
4508,98,11498,1642,5dne_ASN_D_601,4,gnina,0.66428121,0.30083235,2.2081432,0,0.99412384,6.9803881
4509,98,1278,182,1j0y_BGC_B_2601,4,gnina,0.66110741,0.2952504,2.2391405,0,0.91602912,6.8330639
4510,98,6738,962,3vqe_FMQ_A_1006,4,gnina,0.54830126,0.28927407,1.8954377,0,0.94627712,2.0925718
4511,98,6850,978,3wgc_PLG_C_401,4,gnina,0.65996942,0.28915126,2.2824357,0,0.95621872,8.2076586
4512,98,6745,963,3vqe_FMQ_B_306,4,gnina,0.54514621,0.28760952,1.8954377,0,0.0027551654,2.2842765
4513,98,3616,516,1zha_PEP_A_1268,4,gnina,0.53181577,0.28057662,1.8954377,0,0.020921135,1.8984997
4514,98,606,86,1fwn_PEP_B_2268,4,gnina,0.53164994,0.28048913,1.8954377,0,0.882534,1.9632115
4515,98,8327,1189,4evi_N7I_B_401,4,gnina,0.53162489,0.28047591,1.8954377,0,0.99763647,3.2269904
4516,98,6094,870,2ztl_3HL_C_301,4,gnina,0.53161822,0.2804724,1.8954377,0,0.99533857,2.1229134
4517,98,15894,2270,6k92_GT0_B_602,4,gnina,0.53138507,0.28034938,1.8954377,0,0.92029185,2.2612779
4518,98,15887,2269,6k92_GT0_A_802,4,gnina,0.53126067,0.28028376,1.8954377,0,0.97320732,2.5461496
4519,98,4190,598,2ef9_PEP_A_1268,4,gnina,0.53117777,0.28024002,1.8954377,0,0.80141553,2.1271706
4520,98,9195,1313,4l80_OXL_F_402,4,gnina,0.53109552,0.28019663,1.8954377,0,0.78572142,4.9089109
4521,98,6087,869,2ztl_3HL_B_301,4,gnina,0.53016382,0.27970508,1.8954377,0,0.97108292,2.9448393
4522,98,9839,1405,4qya_LU2_A_201,4,gnina,0.53013985,0.27969243,1.8954377,0,2.03726e-11,2.5448944
4523,98,13808,1972,5uio_8DM_A_202,4,gnina,0.53001386,0.27962596,1.8954377,0,0.92941387,6.9593903
4524,98,2293,327,1p7l_MET_A_485,4,gnina,0.52956876,0.27939113,1.8954377,0,4.4855776e-05,4.2472975
4525,98,473,67,1ei6_PPF_D_412,4,gnina,0.60033021,0.27896587,2.1519835,0,0.97372118,5.1349608
4526,98,2300,328,1p7l_MET_B_385,4,gnina,0.52875205,0.27896025,1.8954377,0,6.4489877e-07,3.8860595
4527,98,17532,2504,6x9d_HYP_B_2002,4,gnina,0.52636443,0.27770058,1.8954377,0,0.99912904,12.769349
4528,98,4183,597,2ef9_A5P_B_2269,4,gnina,0.52562864,0.27731239,1.8954377,0,0.053077539,2.6628612
4529,98,12191,1741,5gzz_GSH_C_301,4,gnina,0.52238047,0.27559872,1.8954377,0,2.5837688e-08,11.802401
4530,98,6059,865,2zgw_BTN_B_1402,4,gnina,0.52653591,0.27483077,1.9158541,0,0.9698386,3.8491562
4531,98,15705,2243,6i6r_H62_A_704,4,gnina,0.51899463,0.27381241,1.8954377,0,0.7033315,3.1400689
4532,98,6052,864,2zgw_BTN_A_1401,4,gnina,0.5235162,0.27326908,1.9157525,0,0.97960222,3.5096533
4533,98,13542,1934,5tch_MLI_B_501,4,gnina,0.53226436,0.27287639,1.9505686,0,0.049081611,8.0502067
4534,98,15229,2175,6f6a_CU5_B_301,4,gnina,0.51404332,0.27120019,1.8954377,0,0.99606021,3.8516056
4535,98,12198,1742,5gzz_GSH_E_301,4,gnina,0.51372012,0.27102967,1.8954377,0,0,13.513908
4536,98,10147,1449,4uoc_NCN_A_400,4,gnina,0.51204324,0.27014498,1.8954377,0,0.97957049,4.4145639
4537,98,578,82,1fsa_F6P_B_338,4,gnina,0.5223849,0.26980339,1.9361678,0,0.9842941,3.447132
4538,98,459,65,1ei6_PPF_A_410,4,gnina,0.56823491,0.26870731,2.1146975,0,0.43038769,3.6856348
4539,98,15873,2267,6jz6_CKX_B_701,4,gnina,0.50511397,0.26648922,1.8954377,0,0.98261223,3.2106859
4540,98,2272,324,1p2s_ETF_A_400,4,gnina,0.50290386,0.2653232,1.8954377,0,0.0078780893,1.2525373
4541,98,13556,1936,5tch_MLI_D_501,4,gnina,0.53174282,0.26517527,2.0052495,0,7.6492707e-07,8.2867494
4542,98,15369,2195,6flu_DTK_A_403,4,gnina,0.51790269,0.26509948,1.9536154,0,7.9429325e-07,3.9957087
4543,98,9734,1390,4ptx_BGC_A_501,4,gnina,0.53090966,0.26506907,2.0029097,0,0.99392041,2.5356093
4544,98,15908,2272,6krs_CIT_D_301,4,gnina,0.63595991,0.26476048,2.4020188,0,0.27715179,7.604546
4545,98,172,24,1bit_BEN_A_246,4,gnina,0.52727921,0.26402217,1.9971011,0,0,1.8173557
4546,98,10588,1512,4z1d_PEP_A_300,4,gnina,0.50037234,0.26398762,1.8954377,0,0.00091743283,3.5664517
4547,98,2335,333,1pl6_572_D_411,4,gnina,0.6511517,0.2639495,2.4669547,0,0.48072733,4.623612
4548,98,2111,301,1nux_F6P_A_2339,4,gnina,0.52718414,0.26308523,2.0038521,0,0.77438456,2.7049575
4549,98,13584,1940,5tch_MLI_H_501,4,gnina,0.52054808,0.26298383,1.979391,0,0.93353675,7.2343925
4550,98,2328,332,1pl6_572_C_409,4,gnina,0.65281282,0.26233016,2.4885151,0,0.27721091,4.650796
4551,98,17182,2454,6t0a_M58_B_601,4,gnina,0.51028785,0.2618816,1.9485432,0,0,1.6681623
4552,98,9741,1391,4ptx_BGC_B_501,4,gnina,0.52099175,0.26011733,2.0029097,0,0.99143986,2.4027692
4553,99,2895,413,1toq_AMG_C_502,4,gnina,0.64800189,0.33432388,1.9382449,0,0.99230432,2.4337513
4554,99,14837,2119,6ayv_MLI_A_409,4,gnina,0.67265334,0.30937541,2.1742291,0,0,2.1777136
4555,99,10763,1537,4zqp_IMP_A_601,4,gnina,0.57513278,0.30343752,1.8953902,0,0.91449427,3.7672996
4556,99,6990,998,3wur_O4B_B_202,4,gnina,0.57503707,0.30338702,1.8953902,0,0.66718391,1.5647469
4557,99,6976,996,3wur_O4B_A_202,4,gnina,0.56457545,0.29786752,1.8953902,0,0.78454159,1.7274669
4558,99,17021,2431,6s39_K5Z_A_301,4,gnina,0.67810598,0.29627711,2.2887549,0,0.95771196,3.2881883
4559,99,6983,997,3wur_O4B_B_201,4,gnina,0.56064174,0.29579211,1.8953902,0,0.88813638,1.6296105
4560,99,3112,444,1vkf_CIT_A_501,4,gnina,0.60989644,0.2855237,2.1360614,0,0.93882056,3.0797871
4561,99,14683,2097,5zpt_HY1_B_703,4,gnina,0.53880649,0.28427193,1.8953902,0,0.94606189,2.8432111
4562,99,9951,1421,4rkz_3S4_A_402,4,gnina,0.53839596,0.28405534,1.8953902,0,0.67862861,3.6083434
4563,99,14354,2050,5xvv_AKG_C_504,4,gnina,0.53821744,0.28396115,1.8953902,0,0.33409901,8.7071183
4564,99,3371,481,1xny_BTN_B_5602,4,gnina,0.65131882,0.28319804,2.2998695,0,0.035352719,3.578698
4565,99,16132,2304,6m9b_BTN_B_201,4,gnina,0.67720284,0.28310876,2.3920226,0,0.99271549,3.5148817
4566,99,4435,633,2g21_L1B_B_985,4,gnina,0.53625966,0.28292824,1.8953902,0,0.99353872,5.138819
4567,99,9230,1318,4lo1_GAL_A_301,4,gnina,0.53593017,0.2827544,1.8953902,0,0.97033081,2.0866701
4568,99,10056,1436,4u8p_UDP_C_603,4,gnina,0.53570719,0.28263675,1.8953902,0,1.9734331e-05,5.8281538
4569,99,8103,1157,4dtb_GMP_B_401,4,gnina,0.53995529,0.28217521,1.9135453,0,0.82778591,3.0569204
4570,99,5394,770,2rbx_3AY_X_2001,4,gnina,0.53366966,0.28156176,1.8953902,0,0.67999946,1.4957822
4571,99,17756,2536,7cne_SIN_A_402,4,gnina,0.5335062,0.28147552,1.8953902,0,0.032297775,1.5021689
4572,99,5082,726,2qab_EI1_A_1,0,surfdock,0.53190655,0.28063156,1.8953902,0,0.99637467,3.5235664
4573,99,5089,727,2qab_EI1_B_1,0,surfdock,0.53190655,0.28063156,1.8953902,0,0.99581208,3.50237
4574,99,11200,1600,5c8w_PCG_A_302,0,surfdock,0.53190655,0.28063156,1.8953902,0,0.99197156,3.7918229
4575,99,11207,1601,5c8w_PCG_B_303,0,surfdock,0.53190655,0.28063156,1.8953902,0,0,3.6234255
4576,99,11214,1602,5c8w_PCG_C_302,0,surfdock,0.53190655,0.28063156,1.8953902,0,0.98628668,3.6362392
4577,99,11221,1603,5c8w_PCG_D_302,0,surfdock,0.53190655,0.28063156,1.8953902,0,0,3.4855853
4578,99,11228,1604,5c8w_PCG_E_302,0,surfdock,0.53190655,0.28063156,1.8953902,0,0.90661575,3.7300509
4579,99,11235,1605,5c8w_PCG_F_302,0,surfdock,0.53190655,0.28063156,1.8953902,0,0,3.5784222
4580,99,14707,2101,6a2m_9QR_A_701,0,surfdock,0.53190655,0.28063156,1.8953902,0,0,4.1707799
4581,99,14721,2103,6a2n_9QR_A_701,0,surfdock,0.53190655,0.28063156,1.8953902,0,3.0441704e-09,4.6071782
4582,99,5898,842,2y4j_LAC_B_400,4,gnina,0.5344044,0.27829154,1.9203032,0,0.12507775,2.1577086
4583,99,4750,678,2jfv_FLC_A_1271,4,gnina,0.5206941,0.27471592,1.8953902,0,0.13497512,2.877453
4584,99,10049,1435,4u8p_UDP_A_603,4,gnina,0.52061199,0.27467259,1.8953902,0,5.873032e-06,6.0972444
4585,99,14690,2098,6a1f_9OF_A_807,4,gnina,0.53734339,0.27421905,1.9595398,0,0.99859068,2.507577
4586,99,12317,1759,5hgz_MLA_A_302,4,gnina,0.51723918,0.27289311,1.8953902,0,0.9124851,1.9008373
4587,99,802,114,1h18_DTL_B_9009,4,gnina,0.57527988,0.2718025,2.1165354,0,2.0181051e-06,4.4846193
4588,99,6248,892,3qss_MTG_A_405,4,gnina,0.50653102,0.26724354,1.8953902,0,0.90616657,2.5199156
4589,99,6437,919,3t2e_F6R_A_3469,4,gnina,0.62704351,0.26574874,2.3595343,0,1.1495919e-09,3.166503
4590,99,1418,202,1jw0_GUA_B_999,4,gnina,0.50167711,0.26468263,1.8953902,0,0.9406064,2.1877495
4591,99,2496,356,1qit_MAE_A_411,4,gnina,0.50167711,0.26468263,1.8953902,0,2.0989431e-05,1.7306052
4592,99,2531,361,1r4f_AD3_B_330,4,gnina,0.50167711,0.26468263,1.8953902,0,0.0008071043,4.5841823
4593,99,4582,654,2i1v_F6P_B_720,4,gnina,0.50167711,0.26468263,1.8953902,0,0,2.613236
4594,99,4589,655,2i1v_FDP_B_710,4,gnina,0.50167711,0.26468263,1.8953902,0,0.73499334,3.6451436
4595,99,5366,766,2r4t_GLC_A_502,4,gnina,0.50167711,0.26468263,1.8953902,0,0.97870714,1.9452048
4596,99,5436,776,2tio_BEN_A_247,4,gnina,0.50167711,0.26468263,1.8953902,0,0.99390666,1.5114085
4597,99,5674,810,2wj4_HQD_A_1281,4,gnina,0.50167711,0.26468263,1.8953902,0,0.98940949,3.2142797
4598,99,5681,811,2wj4_HQD_B_1278,4,gnina,0.50167711,0.26468263,1.8953902,0,0.99123582,2.7892692
4599,99,6171,881,3kt7_AKG_A_702,4,gnina,0.50167711,0.26468263,1.8953902,0,0,3.6545273
4600,99,6255,893,3qss_MTG_B_405,4,gnina,0.50167711,0.26468263,1.8953902,0,0.90286485,1.9443086
4601,99,6332,904,3ro7_TDR_A_300,4,gnina,0.50167711,0.26468263,1.8953902,0,0.04408724,1.3088778
4602,99,6640,948,3vcp_PRO_A_502,4,gnina,0.50167711,0.26468263,1.8953902,0,0.36792192,2.3423632
4603,100,4316,616,2fhk_MFN_C_601,4,gnina,0.65367435,0.34617913,1.8882537,0,2.2382074e-18,12.193081
4604,100,550,78,1fp2_HMO_A_2000,4,gnina,0.65335425,0.34600961,1.8882537,0,3.7590801e-09,2.840696
4605,100,3756,536,2ahc_VNL_B_266,4,gnina,0.64959162,0.34401696,1.8882537,0,0.00051382353,2.1856321
4606,100,10574,1510,4yu7_DHC_B_204,4,gnina,0.61997006,0.32832969,1.8882537,0,1.2759985e-06,1.9593552
4607,100,15824,2260,6jx9_CQC_A_501,4,gnina,0.68600545,0.3275041,2.094646,0,0.030228069,4.1697231
4608,100,4960,708,2ot7_OGA_B_500,4,gnina,0.61717281,0.32122772,1.9212928,0,0.69061319,2.1926839
4609,100,10567,1509,4yu7_DHC_A_204,4,gnina,0.59363871,0.31438488,1.8882537,0,1.507307e-08,2.029005
4610,100,3770,538,2ahc_VNL_D_466,4,gnina,0.57996679,0.30714437,1.8882537,0,0.00036857131,2.2424723
4611,100,12919,1845,5kcp_PFB_B_378,4,gnina,0.67470724,0.29801344,2.2640152,0,0.95752684,2.5511463
4612,100,17504,2500,6wdw_TWV_A_701,4,gnina,0.6485288,0.29487705,2.1993184,0,0.63457327,5.2870272
4613,100,12009,1715,5fwe_OGA_A_1358,4,gnina,0.54323418,0.28769117,1.8882537,0,0.73491417,2.3435439
4614,100,7718,1102,4cle_JR2_B_1270,4,gnina,0.54318247,0.28766378,1.8882537,0,0.95633931,3.7529872
4615,100,14977,2139,6c1i_EEY_B_501,4,gnina,0.54294858,0.28753992,1.8882537,0,3.5019191e-10,3.2078931
4616,100,12772,1824,5je7_EVF_B_302,4,gnina,0.54264004,0.28737651,1.8882537,0,0.99807033,1.6516705
4617,100,12786,1826,5jep_EVF_B_302,4,gnina,0.54262108,0.28736648,1.8882537,0,0.99872965,2.4939648
4618,100,7704,1100,4cle_JR2_A_1270,4,gnina,0.54259484,0.28735258,1.8882537,0,0.00053617997,2.8201288
4619,100,12807,1829,5jg5_EVF_B_301,4,gnina,0.54245495,0.28727849,1.8882537,0,0.99679406,1.8395553
4620,100,7725,1103,4cle_JR2_C_1270,4,gnina,0.5422897,0.28719098,1.8882537,0,0.0014347363,3.175156
4621,100,7732,1104,4cle_JR2_D_1270,4,gnina,0.54228263,0.28718723,1.8882537,0,0.0008312329,2.8142935
4622,100,12779,1825,5jeh_EVF_B_302,4,gnina,0.54213309,0.28710804,1.8882537,0,0.94396135,1.6561746
4623,100,1551,221,1ki2_GA2_B_2,4,gnina,0.54192822,0.28699954,1.8882537,0,0.00046980284,3.937106
4624,100,17322,2474,6tor_PMP_A_504,4,gnina,0.54130567,0.28666985,1.8882537,0,0,3.2501699
4625,100,17378,2482,6uo7_QCP_A_504,4,gnina,0.54093225,0.28647209,1.8882537,0,0.87318732,4.2512191
4626,100,17644,2520,6yta_IYZ_A_702,4,gnina,0.54062179,0.28630767,1.8882537,0,0.90923012,4.2537224
4627,100,14081,2011,5vys_GMP_B_303,4,gnina,0.53994554,0.28594954,1.8882537,0,0.0031482846,3.3987547
4628,100,7956,1136,4d3s_BOG_F_1000,4,gnina,0.53780265,0.28481469,1.8882537,0,0.91158733,7.9378122
4629,100,14970,2138,6c1i_EEY_A_501,4,gnina,0.54206044,0.28476595,1.9035287,0,0.98264032,2.8374682
4630,100,7753,1107,4clo_XP0_D_1270,4,gnina,0.53711451,0.28445025,1.8882537,0,0.98833029,4.0646312
4631,100,683,97,1g8z_GAL_H_104,4,gnina,0.537068,0.28442562,1.8882537,0,0.00068052065,1.7309438
4632,101,7480,1068,4bu7_25F_C_2165,4,gnina,0.54428551,0.28864614,1.8856487,0,0.99359914,3.1281784
4633,101,7473,1067,4bu7_25F_A_2165,4,gnina,0.54402903,0.28851013,1.8856487,0,0.992241,2.7649632
4634,101,10749,1535,4zo7_BGC_A_802,4,gnina,0.54168919,0.28726926,1.8856487,0,8.2086896e-07,3.2835307
4635,101,16923,2417,6rbx_JYT_A_301,4,gnina,0.5416777,0.28726317,1.8856487,0,0.57371739,2.7002975
4636,101,9692,1384,4pgi_Y69_A_303,4,gnina,0.53762425,0.28511353,1.8856487,0,1.5890366e-09,7.2190085
4637,101,16062,2294,6lj7_EFR_A_301,4,gnina,0.53695875,0.28476061,1.8856487,0,4.1916056e-05,2.4855355
4638,101,15621,2231,6hnz_GH5_A_301,4,gnina,0.54009334,0.28291825,1.9090075,0,0.97543327,4.6765815
4639,101,16699,2385,6ps7_ZMA_A_1201,4,gnina,0.68182073,0.27812552,2.4514847,0,2.6371419e-05,4.4335977
4640,101,8565,1223,4hoz_GLC_A_703,4,gnina,0.54353678,0.27742758,1.9592015,0,0.97618737,1.9280447
4641,101,12814,1830,5jj2_MLI_A_302,4,gnina,0.52169161,0.27666412,1.8856487,0,7.2630691e-05,1.4919656
4642,101,1796,256,1lzz_IHG_B_1830,4,gnina,0.52149011,0.27655726,1.8856487,0,0.4955154,2.2741006
4643,101,1607,229,1kuj_MMA_G_504,4,gnina,0.68379361,0.27453161,2.4907637,0,0.99545417,2.296349
4644,101,6381,911,3ryd_SRT_A_267,4,gnina,0.54054699,0.27428742,1.970731,0,0.093633642,2.3507434
4645,101,15593,2227,6hmw_FUL_E_204,4,gnina,0.53843972,0.2733391,1.9698589,0,0.055983019,2.3482609
4646,101,16195,2313,6mwl_K5G_A_301,4,gnina,0.69473994,0.26934972,2.5793221,0,0.47563187,3.4260165
4647,101,235,33,1cib_HDA_A_437,4,gnina,0.5058702,0.26827369,1.8856487,0,0.95844255,1.614498
4648,101,704,100,1gim_HDA_A_438,4,gnina,0.5058702,0.26827369,1.8856487,0,0.72330822,1.6614125
4649,101,4729,675,2j5b_TYE_A_1336,4,gnina,0.5058702,0.26827369,1.8856487,0,0.18788128,3.1861167
4650,101,10063,1437,4ubp_HAE_C_800,4,gnina,0.5058702,0.26827369,1.8856487,0,0.97836021,1.5800916
4651,101,10742,1534,4zo7_BGC_A_801,4,gnina,0.5058702,0.26827369,1.8856487,0,0.99254537,3.9763089
4652,101,15712,2244,6ijp_IMP_A_402,4,gnina,0.5058702,0.26827369,1.8856487,0,0.98717209,4.7702717
4653,101,15999,2285,6l7v_3PO_A_302,4,gnina,0.5058702,0.26827369,1.8856487,0,0.51030105,2.0870932
4654,101,17441,2491,6vmz_NAG_C_402,4,gnina,0.5058702,0.26827369,1.8856487,0,0.00057656782,4.060131
4655,101,17448,2492,6vmz_NAG_E_402,4,gnina,0.5058702,0.26827369,1.8856487,0,2.8668874e-06,4.5224866
4656,101,17735,2533,7bzm_GIM_B_501,4,gnina,0.5058702,0.26827369,1.8856487,0,0.90780873,3.5154371
4657,101,11064,1580,5agn_4JK_B_800,4,gnina,0.50587004,0.26827361,1.8856487,0,1.4849271e-06,3.2028326
4658,101,13150,1878,5mot_HBD_A_401,4,gnina,0.50579648,0.2682346,1.8856487,0,0.93509195,1.6152849
4659,101,5569,795,2vss_V55_D_1250,4,gnina,0.50570464,0.26818589,1.8856487,0,0.049314917,4.0962787
4660,101,12751,1821,5je1_TOF_A_302,4,gnina,0.50568177,0.26817376,1.8856487,0,0.9973506,1.9028354
4661,101,12758,1822,5je1_TOF_B_302,4,gnina,0.50567706,0.26817127,1.8856487,0,0.9969934,1.9430263
4662,101,5576,796,2vsu_V55_D_1251,4,gnina,0.50564884,0.2681563,1.8856487,0,0.54310222,3.9883934
4663,101,4064,580,2d0e_NQ_A_409,4,gnina,0.5046978,0.26765194,1.8856487,0,6.3525041e-05,1.786018
4664,101,12828,1832,5jj2_MLI_A_305,4,gnina,0.50447435,0.26753344,1.8856487,0,0.001456144,1.2899932
4665,101,16860,2408,6qrn_RIP_A_500,4,gnina,0.50432881,0.26745626,1.8856487,0,0.97174706,1.3147044
4666,101,8992,1284,4jp3_CIT_A_301,4,gnina,0.50355362,0.26704516,1.8856487,0,0.060732711,2.1750515
4667,101,15607,2229,6hmw_FUL_G_202,4,gnina,0.52550985,0.26677525,1.9698589,0,0.99605811,2.1548268
4668,101,10329,1475,4ws6_WBU_A_301,4,gnina,0.5058702,0.26659422,1.8975278,0,5.1519438e-07,1.89395
4669,101,17672,2524,6zi7_QR8_D_502,4,gnina,0.64287491,0.26598933,2.416919,0,0.00070660118,7.11091
4670,101,10140,1448,4umd_CIT_A_1174,4,gnina,0.4980193,0.26411019,1.8856487,0,0.013306951,2.353263
4671,101,9370,1338,4mol_2FG_A_802,4,gnina,0.68811442,0.26397241,2.6067655,0,0.94412743,7.0462501
4672,101,10917,1559,5a02_GOL_E_1341,4,gnina,0.54369566,0.26360377,2.0625479,0,0.0024088277,5.018972
4673,101,1117,159,1hq2_PH2_A_181,4,gnina,0.54428074,0.26355552,2.0651455,0,0.99507507,1.8107848
4674,101,10889,1555,5a02_GOL_A_1341,4,gnina,0.54340269,0.26346173,2.0625479,0,1.4487754e-05,4.6822693
4675,101,9377,1339,4mol_2FG_B_802,4,gnina,0.68403642,0.26240802,2.6067655,0,0,6.9747582
4676,101,12877,1839,5k2c_ZMA_A_1201,4,gnina,0.70106543,0.26220522,2.673727,0,0.95025355,5.0256522
4677,101,9314,1330,4m54_AE5_A_403,4,gnina,0.494211,0.26209057,1.8856487,0,0,3.1661107
4678,101,1733,247,1lqp_FCN_B_4001,4,gnina,0.494208,0.26208898,1.8856487,0,0,1.7943603
4679,101,3203,457,1w62_PYC_A_700,4,gnina,0.494208,0.26208898,1.8856487,0,0.99455149,2.2623112
4680,101,6794,970,3w8x_FTK_B_601,4,gnina,0.494208,0.26208898,1.8856487,0,0.00032069343,3.4939392
4681,101,7865,1123,4cw2_XDS_A_1303,4,gnina,0.494208,0.26208898,1.8856487,0,0,2.4517771
4682,102,17245,2463,6tbx_N0Z_B_302,4,gnina,0.65670254,0.32496587,2.0208344,0,0.087669676,3.584889
4683,102,12457,1779,5i9m_69K_C_302,4,gnina,0.70084187,0.31702838,2.2106588,0,0.98740314,2.9328666
4684,102,12450,1778,5i9m_69K_B_302,4,gnina,0.66053247,0.29860832,2.2120354,0,0.38810506,2.7768076
4685,102,5590,798,2vzu_PNJ_B_1904,4,gnina,0.5449316,0.2901545,1.878073,0,0.80974869,6.7813958
4686,102,508,72,1f5f_DHT_A_253,4,gnina,0.54460219,0.28620708,1.9028248,0,0.99767391,2.0392128
4687,102,7389,1055,4b1f_KRH_A_1256,4,gnina,0.53030973,0.28236893,1.878073,0,4.0960437e-06,6.8158612
4688,102,4403,629,2fz8_ZST_A_600,0,surfdock,0.53181217,0.27931853,1.9039621,0,0,4.363632
4689,102,16398,2342,6nni_CP6_B_203,4,gnina,0.54479042,0.27769649,1.9618187,0,0.9940562,2.4191131
4690,102,13003,1857,5l7u_NGA_B_601,4,gnina,0.54056185,0.27600594,1.9585143,0,0.9776628,3.2731983
4691,102,5079,725,2q6m_P34_A_1002,4,gnina,0.5381457,0.27430887,1.961823,0,0.85416859,2.613416
4692,102,11701,1671,5eo8_TFU_A_406,4,gnina,0.52637888,0.27252512,1.9314866,0,0.83137131,2.478782
4693,102,8943,1277,4j7u_YTZ_C_802,4,gnina,0.53732305,0.27113697,1.9817393,0,0.0011604346,3.6343546
4694,102,8929,1275,4j7u_YTZ_A_802,4,gnina,0.53720552,0.27107767,1.9817393,0,0.0011275768,4.3815988
4695,102,8936,1276,4j7u_YTZ_B_802,4,gnina,0.53635412,0.27064804,1.9817393,0,0.028202588,3.307477
4696,102,11680,1668,5eo8_TFU_A_402,4,gnina,0.51964097,0.27000639,1.9245497,0,0.0036373978,1.7373845
4697,102,2258,322,1p1w_AMQ_A_428,4,gnina,0.54537987,0.27000348,2.0198984,0,0.96512929,2.9687677
4698,102,1355,193,1ja9_PYQ_A_406,4,gnina,0.5061094,0.26948321,1.878073,0,0.013991928,1.826398
4699,102,4477,639,2gn2_C5P_A_400,4,gnina,0.5061094,0.26948321,1.878073,0,3.6028831e-07,4.0968171
4700,102,4715,673,2j1s_FUL_A_1153,4,gnina,0.5061094,0.26948321,1.878073,0,0.9956599,1.9285014
4701,102,5443,777,2uyv_TLA_B_1275,4,gnina,0.5061094,0.26948321,1.878073,0,0.027000597,2.7574515
4702,102,5583,797,2vzu_PNJ_A_1901,4,gnina,0.5061094,0.26948321,1.878073,0,0.34050616,6.8931338
4703,102,7396,1056,4b1f_KRH_B_1257,4,gnina,0.5061094,0.26948321,1.878073,0,1.8713326e-07,7.5547904
4704,102,7592,1084,4c7g_NGO_A_1495,4,gnina,0.5061094,0.26948321,1.878073,0,0.98097349,2.1578102
4705,102,7851,1121,4crg_J4X_A_1493,4,gnina,0.5061094,0.26948321,1.878073,0,0.77980335,5.3094857
4706,102,9237,1319,4lo1_GAL_B_301,4,gnina,0.5061094,0.26948321,1.878073,0,0.74117009,2.3403595
4707,102,9468,1352,4n9v_AZA_A_403,4,gnina,0.5061094,0.26948321,1.878073,0,2.6852909e-08,1.5642093
4708,102,9846,1406,4qya_LU2_B_201,4,gnina,0.5061094,0.26948321,1.878073,0,9.3388017e-07,2.2739928
4709,102,11386,1626,5dav_58J_A_402,4,gnina,0.5061094,0.26948321,1.878073,0,0.99450685,3.1535375
4710,102,13451,1921,5r0j_RBJ_B_401,4,gnina,0.5061094,0.26948321,1.878073,0,0.94736451,2.0582342
4711,102,14361,2051,5xz7_F6P_A_407,4,gnina,0.5061094,0.26948321,1.878073,0,0.0091575623,3.3836816
4712,102,16118,2302,6m92_J8V_A_601,4,gnina,0.5061094,0.26948321,1.878073,0,0.098659851,6.2773375
4713,102,16433,2347,6nyo_U94_A_301,4,gnina,0.5061094,0.26948321,1.878073,0,0.92698156,6.8659777
4714,102,17077,2439,6sj8_44V_A_901,4,gnina,0.5061094,0.26948321,1.878073,0,0.92708296,1.8904579
4715,102,5695,813,2wj4_HQD_D_1278,4,gnina,0.50581354,0.26932568,1.878073,0,0.99412005,2.7759294
4716,102,9461,1351,4n9v_AZA_A_401,4,gnina,0.50505236,0.26892038,1.878073,0,9.354593e-09,1.5762823
4717,102,9447,1349,4n6w_FLC_A_203,4,gnina,0.5061094,0.26885834,1.8824379,0,0.99702905,2.4970976
4718,102,1194,170,1isx_XYP_A_1461,4,gnina,0.50416816,0.26844958,1.878073,0,0.97624465,2.6410294
4719,102,10315,1473,4ws1_URF_A_301,4,gnina,0.50398434,0.2683517,1.878073,0,3.8771334e-07,1.4220731
4720,102,6073,867,2zka_AZA_A_302,4,gnina,0.49687329,0.26456535,1.878073,0,0.9862864,1.5729749
4721,102,16944,2420,6rgr_RM4_A_402,4,gnina,0.50278567,0.26433177,1.9020998,0,0.70274651,1.582826
4722,102,14109,2015,5w7b_MYR_B_208,4,gnina,0.54316575,0.264065,2.0569386,0,4.7302411e-11,5.8724364
4723,102,16951,2421,6rgr_RM4_A_403,4,gnina,0.49264803,0.26231557,1.878073,0,0.23026258,1.6662779
4724,102,17000,2428,6s23_KSW_A_402,4,gnina,0.49236124,0.26216286,1.878073,0,2.0806847e-06,1.851856
4725,102,11694,1670,5eo8_TFU_A_405,4,gnina,0.5061094,0.26203089,1.9314866,0,0.98085887,1.8705674
4726,102,165,23,1bcs_ARG_A_426,4,gnina,0.49198543,0.26196276,1.878073,0,7.4498829e-08,2.8738548
4727,102,1726,246,1lqp_FCN_A_4004,4,gnina,0.49198543,0.26196276,1.878073,0,0.0023448928,2.0142972
4728,102,5275,753,2qui_LTN_A_501,4,gnina,0.49198543,0.26196276,1.878073,0,0.0093701276,3.0026054
4729,102,12744,1820,5j6y_GLC_A_309,4,gnina,0.49198543,0.26196276,1.878073,0,0.053104879,1.668812
4730,102,13486,1926,5t63_ALA_C_1,4,gnina,0.49198543,0.26196276,1.878073,0,0,5.0681908
4731,102,14256,2036,5x86_TMP_A_205,4,gnina,0.49198543,0.26196276,1.878073,0,0,4.4380964
4732,103,14274,2039,5xh2_NPO_A_305,1,unimol,0.76423221,0.34570092,2.2106736,0,0.96943591,16.24
4733,103,4302,614,2fcu_AKG_B_898,4,gnina,0.54920127,0.29485381,1.8626213,0,0.00022896457,1.9822186
4734,103,17056,2436,6s9g_L1Q_A_306,4,gnina,0.53921765,0.28949383,1.8626213,0,0.0021964177,2.2769825
4735,103,17381,2483,6uqd_QF4_B_501,0,surfdock,0.5317691,0.28549487,1.8626213,0,0,4.6743035
4736,103,788,112,1h18_DTL_A_9009,4,gnina,0.57857201,0.28174651,2.0535188,0,0.040986001,4.0546901
4737,103,3154,450,1w1a_NDG_1_1261,4,gnina,0.65585808,0.28041661,2.3388693,0,0.0012541785,2.3474687
4738,103,809,115,1h18_DTL_B_9010,4,gnina,0.57573658,0.27999865,2.056211,0,0.053475467,5.7742919
4739,103,9895,1413,4r3n_3GQ_B_404,4,gnina,0.5208665,0.27964151,1.8626213,0,0.087253294,2.5532345
4740,103,5639,805,2wdq_TEO_A_1589,4,gnina,0.54094954,0.27765209,1.9482989,0,0.0023192583,10.860682
4741,103,3707,529,2a15_NCA_A_1001,4,gnina,0.53859062,0.2722308,1.9784329,0,0.99032072,1.6121397
4742,103,2104,300,1nuw_F6P_A_2336,4,gnina,0.50681775,0.27209905,1.8626213,0,0.1741322,2.3552729
4743,103,2825,403,1thc_FL9_B_130,4,gnina,0.50681775,0.27209905,1.8626213,0,1.7245159e-08,2.6749357
4744,103,7319,1045,4ajj_MLI_D_1333,4,gnina,0.50681775,0.27209905,1.8626213,0,0.95931022,3.1582882
4745,103,8922,1274,4j5h_1K4_A_303,4,gnina,0.50681775,0.27209905,1.8626213,0,0.90802991,5.1473083
4746,103,9475,1353,4nf4_2JK_A_301,4,gnina,0.50681775,0.27209905,1.8626213,0,0.99571387,2.3030336
4747,103,9587,1369,4ocu_NDG_A_401,4,gnina,0.50681775,0.27209905,1.8626213,0,3.9679713e-05,2.5882696
4748,103,9902,1414,4rcv_DE2_A_403,4,gnina,0.50681775,0.27209905,1.8626213,0,0.00036552727,2.096886
4749,103,10189,1455,4uy7_HIS_B_800,4,gnina,0.50681775,0.27209905,1.8626213,0,0.47961638,3.0954742
4750,103,10665,1523,4zbc_FRU_B_409,4,gnina,0.50681775,0.27209905,1.8626213,0,2.5275219e-08,2.6235478
4751,103,13052,1864,5lu8_5KN_A_306,4,gnina,0.50681775,0.27209905,1.8626213,0,3.5290489e-05,2.7672973
4752,103,13108,1872,5m62_BGC_A_409,4,gnina,0.50681775,0.27209905,1.8626213,0,0.005516375,1.8045686
4753,103,13605,1943,5tde_2HP_B_902,4,gnina,0.50681775,0.27209905,1.8626213,0,0.009372456,1.9107184
4754,103,17763,2537,7cwd_GLC_A_901,4,gnina,0.50681775,0.27209905,1.8626213,0,0.013983677,2.6057889
4755,103,5359,765,2r4t_250_A_503,4,gnina,0.50681774,0.27209904,1.8626213,0,1.9627898e-07,2.9956889
4756,103,2811,401,1thc_FL9_A_130,4,gnina,0.50681772,0.27209904,1.8626213,0,4.4278506e-08,3.1392394
4757,103,4092,584,2dcf_ACA_A_501,4,gnina,0.50681768,0.27209902,1.8626213,0,0.97327166,3.1540417
4758,103,529,75,1fm8_DDC_A_501,4,gnina,0.50681696,0.27209863,1.8626213,0,6.0014969e-08,2.8806823
4759,103,11043,1577,5ag5_DLR_A_1422,4,gnina,0.50681658,0.27209843,1.8626213,0,1.1351478e-05,3.133437
4760,103,13738,1962,5u5z_7VP_A_302,4,gnina,0.50680482,0.27209211,1.8626213,0,1.7737456e-09,1.5947554
4761,103,15425,2203,6fw0_E92_B_602,4,gnina,0.5473243,0.27206961,2.0117059,0,0.9910779,5.1107774
4762,103,10455,1493,4xpq_FUL_A_1004,4,gnina,0.50645599,0.27190483,1.8626213,0,0.00046264559,1.968597
4763,103,10658,1522,4zbc_FRU_B_408,4,gnina,0.50645566,0.27190466,1.8626213,0,0.00045318814,3.7980845
4764,103,10651,1521,4zbc_FRU_A_410,4,gnina,0.50636196,0.27185435,1.8626213,0,4.5660184e-06,2.3209111
4765,103,179,25,1bit_BEN_A_247,4,gnina,0.50617027,0.27175143,1.8626213,0,0.077347776,1.5228304
4766,103,10448,1492,4xpq_FUL_A_1003,4,gnina,0.50566989,0.27148279,1.8626213,0,0.0014670546,2.0473653
4767,103,2090,298,1nsm_GAL_A_1400,4,gnina,0.5056133,0.27145241,1.8626213,0,0.014965331,2.054871
4768,103,2097,299,1nsm_GLA_B_2400,4,gnina,0.50558087,0.271435,1.8626213,0,0.16334207,2.1255708
4769,103,7452,1064,4bdr_CYS_B_804,4,gnina,0.50450116,0.27085533,1.8626213,0,0,3.817727
4770,103,10581,1511,4ywd_NTM_A_704,4,gnina,0.50394987,0.27055935,1.8626213,0,0.00082228475,2.3954784
4771,103,2083,297,1ns4_BGC_A_1400,4,gnina,0.50221494,0.26962791,1.8626213,0,0.64048264,2.0831136
4772,103,10679,1525,4zbc_GLC_A_408,4,gnina,0.50121864,0.26909302,1.8626213,0,0.00026931061,2.4049595
4773,103,11197,1599,5c7v_PYC_A_804,4,gnina,0.50620776,0.2681631,1.8876852,0,0.97596914,1.9627511
4774,103,7354,1050,4al9_GLA_G_1123,4,gnina,0.5437293,0.26748228,2.0327666,0,0.99563934,2.3263524
4775,103,16405,2343,6nnn_G1P_A_503,4,gnina,0.50681775,0.26746338,1.8949043,0,5.7281713e-08,3.154306
4776,103,5905,843,2y5a_3AP_A_1295,4,gnina,0.49674095,0.26668904,1.8626213,0,0.44215715,1.5910185
4777,103,8453,1207,4gps_CIT_A_501,4,gnina,0.56263545,0.26570741,2.1174991,0,0.35115921,2.4204831
4778,103,795,113,1h18_DTL_A_9010,4,gnina,0.54607672,0.26569007,2.0553138,0,0.019086985,3.4517872
4779,103,8537,1219,4hez_1MZ_A_306,4,gnina,0.49452965,0.26550185,1.8626213,0,1.0054297e-06,1.3454882
4780,103,7340,1048,4al9_GLA_C_1123,4,gnina,0.53863452,0.26497596,2.0327666,0,0.99489451,2.4441147
4781,103,7326,1046,4al9_GLA_A_1123,4,gnina,0.53851256,0.26491596,2.0327666,0,0.99731625,2.0886162
4782,104,15103,2157,6dqt_LEU_B_1,4,gnina,0.62399885,0.33577058,1.8584074,0,0,6.1086439
4783,104,3917,559,2bs8_NAG_A_1177,4,gnina,0.59190747,0.31705579,1.8668865,0,0.53439824,1.9764814
4784,104,16853,2407,6qqs_JCZ_B_301,4,gnina,0.54050605,0.29084353,1.8584074,0,6.3193828e-06,2.4487346
4785,104,6416,916,3se2_LDR_B_2,4,gnina,0.55824761,0.28500266,1.9587443,0,0.0010412299,3.2680542
4786,104,669,95,1g8z_GAL_D_104,4,gnina,0.54398463,0.27603371,1.9707172,0,0.00023796911,2.2527514
4787,104,15285,2183,6f7r_CIT_A_1003,4,gnina,0.52055446,0.27457988,1.8958206,0,0.011988733,2.5060912
4788,104,2860,408,1tl2_NDG_A_237,4,gnina,0.55369522,0.27408889,2.0201292,0,0.98518128,2.0308458
4789,104,2881,411,1tl2_NDG_A_241,4,gnina,0.55477147,0.27364823,2.0273151,0,0.00011101267,2.6650955
4790,104,3357,479,1xkw_188_A_1001,4,gnina,0.5045177,0.27147839,1.8584074,0,0.99691169,2.3559738
4791,104,3742,534,2agw_TSS_D_3001,4,gnina,0.5045177,0.27147839,1.8584074,0,0.072105097,2.3672911
4792,104,3749,535,2agw_TSS_H_2001,4,gnina,0.5045177,0.27147839,1.8584074,0,0.050957705,3.3444697
4793,104,6500,928,3u3o_3QV_A_296,4,gnina,0.5045177,0.27147839,1.8584074,0,1.4329771e-06,2.4101409
4794,104,7004,1000,3wwc_BUA_A_402,4,gnina,0.5045177,0.27147839,1.8584074,0,6.7551523e-08,1.4110317
4795,104,11127,1589,5b4u_MLA_A_302,4,gnina,0.5045177,0.27147839,1.8584074,0,0,1.6594483
4796,104,12184,1740,5gwx_SAR_A_302,4,gnina,0.5045177,0.27147839,1.8584074,0,0.82752785,1.5226408
4797,104,17161,2451,6t02_M5E_B_601,4,gnina,0.5045177,0.27147839,1.8584074,0,0.090342279,2.090467
4798,104,17469,2495,6vo2_R67_A_403,4,gnina,0.5045177,0.27147839,1.8584074,0,0.04929356,1.9918776
4799,104,17154,2450,6t02_M5E_A_602,4,gnina,0.50450571,0.27147194,1.8584074,0,2.5297171e-07,1.7792887
4800,104,13472,1924,5syi_NIZ_A_805,4,gnina,0.50440257,0.27141644,1.8584074,0,0.0082002149,5.5334642
4801,104,2818,402,1thc_FL9_A_131,4,gnina,0.50426543,0.27134264,1.8584074,0,0.00037338405,1.509244
4802,104,15698,2242,6i4b_ORO_B_602,4,gnina,0.50395606,0.27117617,1.8584074,0,6.3670224e-05,2.1951371
4803,104,2608,372,1rvt_NDG_H_742,4,gnina,0.5045177,0.27100583,1.861648,0,4.6338268e-07,3.8310396
4804,104,11078,1582,5aov_GLV_A_1336,4,gnina,0.50309384,0.27071222,1.8584074,0,0,1.4018824
4805,104,2832,404,1thc_FL9_B_131,4,gnina,0.50229018,0.27027977,1.8584074,0,7.0184595e-06,1.3493059
4806,104,16930,2418,6rgg_K3Q_B_401,4,gnina,0.50193572,0.26863577,1.868461,0,0.01816007,2.1844905
4807,104,17259,2465,6tfb_N6W_B_202,4,gnina,0.49898476,0.26850114,1.8584074,0,0.99839897,1.7863525
4808,104,16937,2419,6rgg_K3Q_B_405,4,gnina,0.49847063,0.26822449,1.8584074,0,0.9848106,2.4111222
4809,104,2538,362,1r4s_MUA_A_800,4,gnina,0.49838876,0.26818044,1.8584074,0,0.98834243,1.8199798
4810,105,6206,886,3qgz_ADN_A_127,4,gnina,0.55769608,0.30175629,1.8481662,0,0.98518542,2.3626631
4811,105,403,57,1e2j_THM_B_500,4,gnina,0.55578835,0.29731546,1.8693547,0,0.068098697,3.6967717
4812,105,9055,1293,4k5u_GAL_B_301,4,gnina,0.68297986,0.29625257,2.3053963,0,0.98764343,2.0890665
4813,105,9069,1295,4k5u_GAL_D_301,4,gnina,0.68508067,0.29241784,2.3428133,0,0.97369752,2.1917674
4814,105,396,56,1e2j_THM_A_500,4,gnina,0.5558154,0.29059075,1.9127076,0,0.0002166641,4.3968381
4815,105,14294,2042,5xj7_87O_A_309,0,surfdock,0.5334874,0.28865754,1.8481662,0,0.94204549,4.3936477
4816,105,16681,2383,6po9_OS7_A_803,0,surfdock,0.5334874,0.28865754,1.8481662,0,0.26412292,3.7755204
4817,105,16688,2384,6po9_OS7_B_804,0,surfdock,0.5334874,0.28865754,1.8481662,0,0.40392794,3.8649129
4818,105,13640,1948,5tdt_MBN_D_501,4,gnina,0.67984473,0.27451781,2.4765041,0,0.99751706,9.5945682
4819,105,9174,1310,4l4d_CAM_A_503,4,gnina,0.50181425,0.27151994,1.8481662,0,0.047347539,1.4516746
4820,105,12016,1716,5fwe_OGA_B_1359,4,gnina,0.50181425,0.27151994,1.8481662,0,0,3.2212425
4821,105,14193,2027,5x0j_SEP_A_302,4,gnina,0.50181425,0.27151994,1.8481662,0,0,2.7962089
4822,105,15558,2222,6hl9_SIN_A_402,4,gnina,0.50181425,0.27151994,1.8481662,0,0.0027613893,2.7285187
4823,105,17413,2487,6uxr_K6G_B_202,4,gnina,0.50181425,0.27151994,1.8481662,0,0.00034241582,5.9163127
4824,105,17168,2452,6t07_M45_B_601,4,gnina,0.50179565,0.27150988,1.8481662,0,0.00017573677,2.1462824
4825,105,3091,441,1v5y_4HC_B_1201,4,gnina,0.50164403,0.27142784,1.8481662,0,4.1809602e-06,1.748019
4826,105,88,12,1aj8_CIT_A_1000,4,gnina,0.50181425,0.27077249,1.853268,0,0,2.4958698
4827,105,8292,1184,4ek1_CAM_B_502,4,gnina,0.49614475,0.26845231,1.8481662,0,0.043326237,2.2906114
4828,105,7858,1122,4cvb_PQQ_A_1608,4,gnina,0.50181425,0.26770097,1.8745319,0,0.98932721,4.1767554
4829,105,2286,326,1p7c_THM_B_501,4,gnina,0.56852387,0.26586638,2.138381,0,0.98697997,3.5099759
4830,105,6920,988,3wsg_CIT_B_302,4,gnina,0.65844761,0.26463352,2.488148,0,0.23730957,5.5203692
4831,105,2510,358,1qmh_CIT_A_401,4,gnina,0.62167593,0.26461682,2.3493431,0,0.70857955,2.514814
4832,105,16608,2372,6pk1_PLP_A_501,4,gnina,0.55198317,0.26410423,2.0900192,0,0.91508531,3.2208432
4833,105,15796,2256,6jq8_CIT_A_302,4,gnina,0.55854531,0.2634524,2.1200986,0,3.749705e-05,2.0077359
4834,105,17784,2540,7kje_NRD_A_405,4,gnina,0.50181425,0.26199235,1.9153765,0,0,3.0632896
4835,105,3588,512,1zei_CRS_F_55,4,gnina,0.48268323,0.2611686,1.8481662,0,0.21348986,1.3009897
4836,105,10070,1438,4uc9_ASP_A_1300,4,gnina,0.50181425,0.25806533,1.9445231,0,6.0201099e-08,4.2354153
4837,105,16538,2362,6oha_XAN_A_501,4,gnina,0.46662232,0.25247841,1.8481662,0,0,1.8827391
4838,105,1740,248,1lro_PEP_A_1268,4,gnina,0.50181425,0.2523907,1.9882429,0,0.46288175,1.9731032
4839,105,9552,1364,4nv0_MG7_B_402,4,gnina,0.46550756,0.25187524,1.8481662,0,0.53074633,4.565971
4840,105,6157,879,2zwt_CAM_A_422,4,gnina,0.46550726,0.25187508,1.8481662,0,0.046702397,1.7606722
4841,105,12268,1752,5h9i_XAN_A_301,4,gnina,0.46550726,0.25187508,1.8481662,0,0.97615154,1.5149688
4842,105,1747,249,1lro_PEP_B_2268,4,gnina,0.50153689,0.25171293,1.9924946,0,0.22775219,1.8763821
4843,105,15530,2218,6h8p_OGA_A_504,4,gnina,0.50181425,0.25065425,2.0020168,0,0,2.2460099
4844,105,16685,2383,6po9_OS7_A_803,4,gnina,0.46068979,0.24926846,1.8481662,0,8.3485485e-12,5.1688074
4845,105,16692,2384,6po9_OS7_B_804,4,gnina,0.46068979,0.24926846,1.8481662,0,8.5416241e-12,5.401732
4846,105,6143,877,2zvq_1NP_X_501,4,gnina,0.47655372,0.24791586,1.9222388,0,0.98987691,2.3909715
4847,105,17798,2542,8cpp_TCM_A_422,4,gnina,0.49566562,0.24786082,1.999773,0,0.043855689,1.8443851
4848,105,12177,1739,5gwt_SIN_D_301,4,gnina,0.55868396,0.2466171,2.2653892,0,0.049835931,2.5483227
4849,105,12163,1737,5gwt_SIN_B_302,4,gnina,0.5585563,0.24656075,2.2653892,0,0.026944133,2.5994422
4850,105,12156,1736,5gwt_SIN_A_302,4,gnina,0.55836401,0.24647587,2.2653892,0,0.015791442,2.554052
4851,105,319,45,1dai_DSD_A_225,4,gnina,0.53152625,0.24644049,2.1568129,0,0,3.6259445
4852,105,6430,918,3sru_Q26_X_169,4,gnina,0.50181425,0.24558736,2.0433218,0,0.96475039,8.0857964
4853,105,312,44,1daf_DSD_A_225,4,gnina,0.526722,0.24409429,2.1578619,0,0,3.4518749
4854,105,5618,802,2w5t_GP9_A_1644,4,gnina,0.46345925,0.2428448,1.9084576,0,0.98853363,2.2806854
4855,105,14984,2140,6c1i_KNA_A_502,4,gnina,0.50177879,0.24202546,2.073247,0,3.1599622e-09,2.6165357
4856,105,6150,878,2zvq_1NP_X_502,4,gnina,0.46550729,0.2414235,1.9281763,0,0,1.771014
4857,105,8901,1271,4j0k_EGR_A_501,4,gnina,0.53174144,0.24080754,2.2081585,0,0.00083448998,3.679975
4858,105,10560,1508,4yu7_DHC_A_203,4,gnina,0.49894946,0.24020792,2.0771556,0,0.0042653599,2.1584455
4859,105,6955,993,3wug_XYP_B_2,4,gnina,0.50181425,0.23840763,2.1048572,0,1.7576778e-06,1.4548926
4860,106,16440,2348,6o04_DNA_A_601,4,gnina,0.64458014,0.31759781,2.0295475,0,4.4221977e-06,7.0083958
4861,106,2069,295,1now_IFG_B_558,4,gnina,0.55739245,0.30249415,1.8426543,0,0.99245148,2.9619459
4862,106,8859,1265,4iph_1FJ_A_201,4,gnina,0.55618263,0.30183759,1.8426543,0,0.32825542,3.3801218
4863,106,5506,786,2vag_V25_A_1482,4,gnina,0.55875104,0.29558644,1.8903126,0,0.99213639,3.8748314
4864,106,2062,294,1now_IFG_A_557,4,gnina,0.5435225,0.294967,1.8426543,0,0.98513541,2.744394
4865,106,16436,2348,6o04_DNA_A_601,0,surfdock,0.67106005,0.29453378,2.2783797,0,6.0293111e-05,3.0388671
4866,106,1159,165,1iki_REY_A_400,4,gnina,0.54190114,0.29408709,1.8426543,0,0.81633863,5.7832692
4867,106,4162,594,2eb5_OXL_C_2003,4,gnina,0.55774786,0.28823382,1.9350525,0,0.65468291,2.8679697
4868,106,4155,593,2eb5_OXL_B_2002,4,gnina,0.55638327,0.28752863,1.9350525,0,0.026761768,3.6815013
4869,106,11974,1710,5fqf_NGA_B_1585,4,gnina,0.55727924,0.28612438,1.9476808,0,0.98856648,3.4057177
4870,106,10938,1562,5a66_3PO_A_1000,4,gnina,0.55697586,0.28496703,1.9545264,0,0.00010782283,2.394056
4871,106,11960,1708,5fqf_NGA_A_1588,4,gnina,0.55042735,0.28420946,1.9366951,0,0.98934478,3.1660884
4872,106,17070,2438,6si4_LEK_B_402,4,gnina,0.54874123,0.27563018,1.9908595,0,9.7879364e-06,3.5822746
4873,106,816,116,1h18_PYR_A_1001,4,gnina,0.49898238,0.27079529,1.8426543,0,0.9379037,3.7234212
4874,106,8439,1205,4gmu_OXL_A_705,4,gnina,0.49898238,0.27079529,1.8426543,0,0.39934617,1.5706914
4875,106,9160,1308,4kwk_CSS_A_302,4,gnina,0.49898238,0.27079529,1.8426543,0,0,2.0410519
4876,106,9832,1404,4qxc_OGA_C_600,4,gnina,0.49898238,0.27079529,1.8426543,0,0,2.9292253
4877,106,10406,1486,4xfh_CYS_A_502,4,gnina,0.49898238,0.27079529,1.8426543,0,0.42501001,2.0102515
4878,106,12149,1735,5gto_MYR_A_502,4,gnina,0.49898238,0.27079529,1.8426543,0,0,4.2408337
4879,106,12261,1751,5h8q_GLY_B_301,4,gnina,0.49898238,0.27079529,1.8426543,0,0,1.9811117
4880,106,12954,1850,5kts_CIZ_A_402,4,gnina,0.49898238,0.27079529,1.8426543,0,0,1.6488098
4881,106,16419,2345,6nsu_DYA_A_402,4,gnina,0.49898238,0.27079529,1.8426543,0,0,1.7174791
4882,106,16874,2410,6r5o_BGC_A_801,4,gnina,0.49898238,0.27079529,1.8426543,0,0.98725877,3.4118593
4883,106,4757,679,2jhp_GUN_A_1648,4,gnina,0.49886969,0.27073413,1.8426543,0,0.001057896,1.8909332
4884,106,16881,2411,6r5o_BGC_B_802,4,gnina,0.49345423,0.26779519,1.8426543,0,2.0561331e-06,4.2472484
4885,106,3042,434,1uxi_FUM_A_1311,4,gnina,0.6371102,0.26321875,2.4204581,0,0.86098064,1.8001216
4886,106,11596,1656,5edh_5MF_C_803,4,gnina,0.55815262,0.26299145,2.1223214,0,0.99538012,6.4603533
4887,106,11771,1681,5f35_FLC_A_302,4,gnina,0.55444057,0.26248499,2.1122744,0,3.4505883e-06,2.6840648
4888,106,8530,1218,4hez_1MZ_A_304,4,gnina,0.48055656,0.26079569,1.8426543,0,8.9247272e-05,1.3589196
4889,106,6962,994,3wug_XYP_C_2,4,gnina,0.47896827,0.25993373,1.8426543,0,6.1534215e-06,1.4150352
4890,106,14991,2141,6c1x_DNX_A_203,4,gnina,0.49898238,0.25955477,1.9224541,0,0.97625687,1.9418892
4891,106,13192,1884,5n5k_HAE_A_306,4,gnina,0.47671617,0.25871153,1.8426543,0,0.83156046,1.3927118
4892,106,16090,2298,6lx5_C5F_B_502,4,gnina,0.59322575,0.25644272,2.3132865,0,0.10867837,2.9470347
4893,106,9748,1392,4pxd_1AL_A_502,4,gnina,0.49898238,0.25611663,1.9482614,0,0.9971479,2.6062577
4894,106,9755,1393,4pxd_1AL_B_502,4,gnina,0.49898238,0.25611663,1.9482614,0,0,2.727872
4895,106,10931,1561,5a2r_MLT_A_1615,4,gnina,0.49898238,0.25233844,1.9774321,0,0.048298263,7.7931317
4896,106,15348,2192,6fld_NAG_A_603,4,gnina,0.49898238,0.25006553,1.9954056,0,3.643899e-10,2.4996145
4897,106,11428,1632,5del_ORO_A_602,4,gnina,0.49898238,0.24936503,2.0010109,0,0.026322163,1.6580288
4898,106,15334,2190,6fld_NAG_A_601,4,gnina,0.49898238,0.24870372,2.0063317,0,1.0459528e-06,2.1621008
4899,106,3728,532,2a5t_GLY_A_1001,4,gnina,0.45726116,0.24815339,1.8426543,0,0,1.7062074
4900,106,14676,2096,5zpt_HY1_A_702,4,gnina,0.49851525,0.24738983,2.015099,0,0.5505773,2.7815153
4901,106,16121,2303,6m9b_BTN_A_201,0,surfdock,0.53381536,0.24701461,2.161067,0,0.9921411,3.3735297
4902,106,16135,2305,6m9b_BTN_D_201,0,surfdock,0.53381536,0.24701461,2.161067,0,0.99366944,6.2409042
4903,106,2797,399,1tf8_TRP_A_911,4,gnina,0.49898238,0.24383718,2.0463743,0,4.809949e-05,1.9634692
4904,106,14144,2020,5wgk_AGJ_A_816,4,gnina,0.55086081,0.24378001,2.2596626,0,0.64658277,4.8084231
4905,106,16454,2350,6o04_DNA_D_603,4,gnina,0.45284338,0.24371798,1.8580621,0,1.6718269e-05,6.848441
4906,106,11575,1653,5e4o_L57_A_201,4,gnina,0.49889358,0.24215624,2.0602126,0,0.87180585,3.0068142
4907,106,13339,1905,5o4k_9KE_A_405,4,gnina,0.54667883,0.2420127,2.258884,0,0.00053507212,4.5537094
4908,106,16958,2422,6rhc_K48_A_305,4,gnina,0.55964413,0.24195067,2.3130496,0,0.9896873,2.0734903
4909,106,16450,2350,6o04_DNA_D_603,0,surfdock,0.53290716,0.24157336,2.2059839,0,0.00058579621,2.9471353
4910,107,2755,393,1t5z_DHT_A_931,4,gnina,0.66093361,0.36111539,1.830255,0,0.9946907,2.5770373
4911,107,9594,1370,4ofu_DHT_A_1001,4,gnina,0.56601803,0.30925621,1.830255,0,0.99005079,2.1080136
4912,107,6801,971,3wat_BMA_B_404,4,gnina,0.5645517,0.30845505,1.830255,0,0.013933567,4.3898805
4913,107,487,69,1euu_GAL_A_2,4,gnina,0.53776518,0.29381965,1.830255,0,0.08592342,1.909252
4914,107,7445,1063,4bbx_LKF_B_1760,4,gnina,0.53678652,0.29328494,1.830255,0,0.31252281,5.0552121
4915,107,14266,2038,5xdt_ZI7_A_403,0,surfdock,0.53441834,0.29199103,1.830255,0,0.76888049,4.1793473
4916,107,3196,456,1w55_C_A_1373,4,gnina,0.65350838,0.28682399,2.278429,0,0.95703139,3.4989802
4917,107,13682,1954,5tix_OQR_B_302,4,gnina,0.66077619,0.28675743,2.3043027,0,0.065940444,3.8655086
4918,107,16048,2292,6lit_2OH_A_501,4,gnina,0.5797109,0.27860294,2.0807772,0,0.99420795,2.9140955
4919,107,3602,514,1zg3_2HI_A_365,4,gnina,0.50954955,0.27840343,1.830255,0,2.6605662e-05,3.1415633
4920,107,4645,663,2ij7_TPF_B_2470,4,gnina,0.66294548,0.27464942,2.4137871,0,0.0014848938,22.927304
4921,107,3189,455,1w55_C_A_1372,4,gnina,0.65188853,0.27398732,2.3792644,0,1.9918047e-06,4.1094006
4922,107,7368,1052,4aw0_MJF_A_600,4,gnina,0.4997034,0.27302377,1.830255,0,1.715285e-10,6.3581428
4923,107,7585,1083,4c67_L5S_A_1170,4,gnina,0.4997034,0.27302377,1.830255,0,0.99747818,2.8730161
4924,107,9580,1368,4ocj_NDG_A_401,4,gnina,0.4997034,0.27302377,1.830255,0,0.98777253,2.6521814
4925,107,11351,1621,5cr1_STL_B_201,4,gnina,0.4997034,0.27302377,1.830255,0,2.3943964e-07,2.3355965
4926,107,11806,1686,5fal_SKT_A_502,4,gnina,0.4997034,0.27302377,1.830255,0,0.9963605,4.0446628
4927,107,12135,1733,5goo_FRU_B_501,4,gnina,0.4997034,0.27302377,1.830255,0,2.9199673e-06,3.9463689
4928,107,14200,2028,5x23_LSN_A_503,4,gnina,0.4997034,0.27302377,1.830255,0,0.00042723731,7.0588699
4929,107,17385,2483,6uqd_QF4_B_501,4,gnina,0.4997034,0.27302377,1.830255,0,1.4150074e-07,11.217717
4930,107,14893,2127,6bds_DJ4_A_303,4,gnina,0.49970108,0.27302251,1.830255,0,4.4369736e-07,3.1853877
4931,107,13507,1929,5t6b_TMP_C_503,4,gnina,0.56436681,0.27265103,2.0699227,0,0.86546893,5.4620878
4932,107,4652,664,2ij7_TPF_C_2471,4,gnina,0.66277906,0.27143088,2.4417958,0,1.7637408e-05,7.9070183
4933,107,13773,1967,5uap_82S_A_505,4,gnina,0.49589216,0.27094142,1.830255,0,0.043442223,2.449768
4934,107,12464,1780,5iav_MLI_B_302,4,gnina,0.4956446,0.27080616,1.830255,0,0,1.7776187
4935,107,6472,924,3tky_N7I_B_369,4,gnina,0.49238571,0.26902559,1.830255,0,0,3.6360056
4936,107,4463,637,2giq_NN2_A_1001,4,gnina,0.65158391,0.26743717,2.436399,0,0.0025082608,6.2802015
4937,107,12765,1823,5je5_AZ9_A_302,4,gnina,0.49966645,0.26674238,1.8732164,0,0,2.1521428
4938,107,13234,1890,5nh9_XLS_C_504,4,gnina,0.56189294,0.26657671,2.1078086,0,0.17804614,4.1657171
4939,107,15985,2283,6l68_ALL_A_201,4,gnina,0.49763913,0.26568197,1.8730623,0,0.90275732,1.6483778
4940,107,6591,941,3vbn_TYD_A_301,4,gnina,0.54218282,0.26370644,2.0560081,0,0.59744717,5.7968827
4941,107,15691,2241,6i4b_ORO_A_602,4,gnina,0.48112338,0.26287218,1.830255,0,5.8732403e-05,2.2050879
4942,107,4561,651,2ht8_G39_A_800,4,gnina,0.55811578,0.26242611,2.1267531,0,0.9840305,3.597251
4943,107,14746,2106,6a3j_SOE_B_401,4,gnina,0.4997034,0.26165516,1.9097775,0,0.98044686,6.9854768
4944,107,14739,2105,6a3j_SOE_A_402,4,gnina,0.49890666,0.26123797,1.9097775,0,0.98129301,4.9807999
4945,107,8019,1145,4dab_HPA_A_301,4,gnina,0.47618306,0.26017293,1.830255,0,0.95683889,2.0638427
4946,107,3798,542,2b3f_GAL_A_3310,4,gnina,0.67575084,0.25941861,2.6048656,0,0.99721077,12.332759
4947,107,14760,2108,6a3j_SOE_D_401,4,gnina,0.4997034,0.25836077,1.9341294,0,0.98157698,5.1838779
4948,107,3651,521,1zmt_RNO_D_1004,4,gnina,0.4997034,0.25743824,1.9410603,0,0,2.4641958
4949,107,4211,601,2euq_BVC_A_401,4,gnina,0.48553218,0.25599044,1.89668,0,0.67039515,1.4175088
4950,107,7347,1049,4al9_GLA_D_1123,4,gnina,0.54265707,0.25473646,2.1302676,0,0.9948591,2.0961933
4951,107,3805,543,2b3f_GAL_C_3312,4,gnina,0.67550758,0.25467203,2.6524599,0,0.99623799,7.0612758
4952,107,3812,544,2b3f_GAL_D_3313,4,gnina,0.67501659,0.25448692,2.6524599,0,0.99755872,7.0222101
4953,107,15992,2284,6l68_ALL_A_202,4,gnina,0.49963566,0.25391323,1.9677408,0,0.24513817,1.7661514
4954,107,17196,2456,6t10_M6Z_B_601,4,gnina,0.4997034,0.25355239,1.9708083,0,2.2701391e-10,4.6143395
4955,107,3644,520,1zmt_RNO_C_1003,4,gnina,0.49969184,0.25354188,1.9708444,0,0,3.5553088
4956,107,7914,1130,4d06_NAR_F_301,4,gnina,0.56052266,0.25263729,2.2186844,0,6.360607e-10,4.8000887
4957,107,3280,468,1x7j_GEN_A_201,4,gnina,0.66281511,0.25199182,2.6303031,0,1.8844286e-07,4.4482555
4958,107,11645,1663,5eo7_SFU_C_401,4,gnina,0.52239483,0.25186205,2.0741298,0,0.86090734,2.6247865
4959,107,13493,1927,5t6b_TMP_A_504,4,gnina,0.4997034,0.25169981,1.985314,0,0.97096432,7.3529055
4960,108,382,54,1dy3_87Y_A_201,4,gnina,0.66549834,0.2870779,2.3181794,0,0.98708305,4.3140271
4961,108,12443,1777,5i95_AKG_A_508,4,gnina,0.51330208,0.280767,1.8282127,0,6.5355906e-06,2.068176
4962,108,16153,2307,6md2_GW9_A_501,4,gnina,0.56901069,0.27918909,2.0380826,0,3.7605267e-07,2.6978726
4963,108,5233,747,2qim_ZEA_A_160,4,gnina,0.50171373,0.27442838,1.8282127,0,0.77505353,2.2551645
4964,108,5240,748,2qim_ZEA_A_161,4,gnina,0.50171373,0.27442838,1.8282127,0,0.0099547218,2.2475026
4965,108,5247,749,2qim_ZEA_A_162,4,gnina,0.50171373,0.27442838,1.8282127,0,1.8596019e-09,3.2560419
4966,108,6647,949,3vmg_9CA_B_2001,4,gnina,0.50171373,0.27442838,1.8282127,0,0.99351137,5.1253093
4967,108,6654,950,3vmg_9CA_C_2002,4,gnina,0.50171373,0.27442838,1.8282127,0,0.94651671,5.1074637
4968,108,7186,1026,4a01_2PN_A_1773,4,gnina,0.50171373,0.27442838,1.8282127,0,0,3.5814632
4969,108,10434,1490,4xp3_DX4_A_401,4,gnina,0.50171373,0.27442838,1.8282127,0,0.018795449,2.8715273
4970,108,13934,1990,5ut1_7DZ_A_905,4,gnina,0.50171373,0.27442838,1.8282127,0,1.608975e-08,3.1642951
4971,108,16111,2301,6m5m_NAG_B_202,4,gnina,0.50171373,0.27442838,1.8282127,0,0.84963001,2.0535527
4972,108,17693,2527,7a2h_QX2_A_401,4,gnina,0.50171373,0.27442838,1.8282127,0,0.0031100341,1.4572699
4973,108,4449,635,2g8t_MI2_A_401,4,gnina,0.50171373,0.27337388,1.8352648,0,0.84265686,2.652903
4974,108,13045,1863,5lqs_NTM_A_302,4,gnina,0.49717492,0.27194574,1.8282127,0,0.0046690651,1.8444439
4975,108,6577,939,3v7u_MTA_A_302,4,gnina,0.57030968,0.27125466,2.1024871,0,0.00057250105,3.7599286
4976,108,1152,164,1ij8_BNI_B_502,4,gnina,0.52188669,0.26931916,1.9377991,0,0.18729102,5.8174048
4977,108,16510,2358,6ofr_BOG_A_802,4,gnina,0.66615895,0.26779271,2.4875908,0,0.00027605543,4.7617952
4978,108,13381,1911,5ocm_9RH_E_302,4,gnina,0.57329268,0.26585403,2.1564181,0,0.71807757,3.8729847
4979,108,5611,801,2w1a_TSA_D_1091,4,gnina,0.65967461,0.26342062,2.5042624,0,0,3.9904543
4980,108,3497,499,1z3n_3NA_A_320,4,gnina,0.50171373,0.26046275,1.9262389,0,0.98201005,5.1745279
4981,108,17294,2470,6tof_NQE_A_201,4,gnina,0.57300123,0.25943459,2.208653,0,1.8441739e-07,2.7018151
4982,108,5604,800,2w1a_TSA_C_1091,4,gnina,0.65586671,0.25884007,2.5338676,0,0.99227351,2.8757245
4983,108,1782,254,1luq_BTN_B_5200,4,gnina,0.570818,0.25730934,2.2184105,0,0.98253231,2.8913876
4984,108,599,85,1fwn_PEP_A_1268,4,gnina,0.50171373,0.25632518,1.957332,0,0.91753597,1.957233
4985,108,6584,940,3v8n_5NB_A_301,4,gnina,0.477641,0.25554283,1.8691221,0,0.021190585,2.9460339
4986,108,1775,253,1luq_BTN_A_5100,4,gnina,0.57249373,0.25479007,2.2469223,0,0.98955304,3.2818691
4987,108,1145,163,1ij8_BNI_A_501,4,gnina,0.49340869,0.25462312,1.9377991,0,0.0017244195,6.6766604
4988,109,14662,2094,5zgr_ZZ7_B_303,4,gnina,0.63350208,0.31272376,2.0257552,0,0,5.3321988
4989,109,13185,1883,5n5k_8NW_A_307,4,gnina,0.5717941,0.31270942,1.8285148,0,0.52232736,2.8941852
4990,109,1208,172,1itw_ICT_A_743,4,gnina,0.57170491,0.31266064,1.8285148,0,0.0010421281,9.7511921
4991,109,1222,174,1itw_ICT_D_743,4,gnina,0.57138168,0.31248387,1.8285148,0,0.0010759672,10.383908
4992,109,8411,1201,4gh8_MTX_B_201,4,gnina,0.56866932,0.3110005,1.8285148,0,0.98020355,8.0604221
4993,109,14648,2092,5zge_ZZ7_B_302,4,gnina,0.62591211,0.30903806,2.0253551,0,0.95815713,4.560066
4994,109,14655,2093,5zgr_ZZ7_A_303,4,gnina,0.59944861,0.29597197,2.0253551,0,0.96568782,4.7907153
4995,109,1523,217,1kdo_C_A_5407,4,gnina,0.56401871,0.29349048,1.9217606,0,0.98940465,4.2211384
4996,109,14641,2091,5zge_ZZ7_A_301,4,gnina,0.60377853,0.29117137,2.0736182,0,0.96338292,5.9089397
4997,109,9629,1375,4oxy_1TN_D_302,4,gnina,0.66982337,0.2876344,2.3287308,0,0.98864134,5.4590274
4998,109,14956,2136,6bxk_MTA_B_401,4,gnina,0.57265104,0.27842542,2.0567474,0,0.089247854,4.3002125
4999,109,11162,1594,5bkd_RCF_B_503,4,gnina,0.50880851,0.27826312,1.8285148,0,0,4.0825036
5000,109,14949,2135,6bxk_MTA_A_401,4,gnina,0.56205396,0.2750087,2.043767,0,0.0037558768,4.1958325
5001,109,515,73,1fdk_GLE_A_150,4,gnina,0.50141857,0.27422163,1.8285148,0,6.3696569e-10,9.3321866
5002,109,1215,173,1itw_ICT_B_744,4,gnina,0.50141857,0.27422163,1.8285148,0,0.013753761,9.4803039
5003,109,4442,634,2g5v_22M_A_301,4,gnina,0.50141857,0.27422163,1.8285148,0,0.91245337,2.462844
5004,109,4687,669,2ixi_TYD_A_1182,4,gnina,0.50141857,0.27422163,1.8285148,0,0.0060292577,4.6633699
5005,109,5744,820,2x6o_2TC_A_1209,4,gnina,0.50141857,0.27422163,1.8285148,0,4.399401e-07,5.3383199
5006,109,11799,1685,5faj_DCS_D_401,4,gnina,0.50141857,0.27422163,1.8285148,0,0,7.3203016
5007,109,12205,1743,5gzz_JAA_A_601,4,gnina,0.50141857,0.27422163,1.8285148,0,6.5754048e-05,5.1555996
5008,109,13815,1973,5uio_8DM_C_202,4,gnina,0.50141857,0.27422163,1.8285148,0,0.67561793,4.40571
5009,109,14130,2018,5wcz_NOJ_A_601,4,gnina,0.50141857,0.27422163,1.8285148,0,0,4.3984839
5010,109,14382,2054,5y7r_58K_B_403,4,gnina,0.50141857,0.27422163,1.8285148,0,0,3.3731051
5011,109,11848,1692,5fes_9SE_A_409,4,gnina,0.50136309,0.27419129,1.8285148,0,0.12730118,2.1319385
5012,109,9874,1410,4r2n_PHE_C_402,4,gnina,0.50133808,0.27417761,1.8285148,0,0.00033469632,3.7266011
5013,109,12880,1840,5k5m_68T_A_1003,0,surfdock,0.5345948,0.27374448,1.9528961,0,0.33246179,4.5512195
5014,109,907,129,1h48_CDI_C_902,4,gnina,0.54719189,0.27235385,2.0091202,0,0.99347825,2.5763234
5015,109,11183,1597,5bwr_4VT_B_402,4,gnina,0.50141634,0.27234861,1.8410819,0,3.847832e-07,3.1499093
5016,109,16706,2386,6pvi_OZ7_A_501,4,gnina,0.50141857,0.27105517,1.8498755,0,0,4.0707065
5017,109,11176,1596,5bwr_4VT_A_402,4,gnina,0.50141857,0.26255136,1.9097914,0,1.7144744e-08,3.5663891
5018,109,17686,2526,6zjw_GAL_A_1102,4,gnina,0.49382399,0.26231167,1.882584,0,0.00020239148,2.2484412
5019,109,16863,2409,6r0i_JNB_A_901,0,surfdock,0.5345948,0.25982196,2.0575418,0,0.99443317,4.3546084
5020,109,14249,2035,5x6r_7ZR_B_402,4,gnina,0.65750757,0.25563553,2.5720499,0,2.2208678e-10,6.2323787
5021,109,12583,1797,5irw_D9P_B_202,4,gnina,0.55042367,0.25499385,2.1585753,0,0.98274255,3.6585534
5022,109,6759,965,3w4i_8LG_A_402,4,gnina,0.46601658,0.25486057,1.8285148,0,0.015176675,2.9468469
5023,109,13955,1993,5ve5_GSH_B_402,4,gnina,0.46348087,0.25347382,1.8285148,0,0.082177041,4.4420443
5024,109,9300,1328,4m2c_DAR_C_402,4,gnina,0.56387979,0.25315715,2.2273893,0,0,4.9850784
5025,109,4197,599,2ei7_D93_A_700,4,gnina,0.50141857,0.25204918,1.989367,0,0.99091535,5.4798828
5026,109,9279,1325,4lz7_1YW_B_804,4,gnina,0.48286121,0.24981206,1.932897,0,3.3472084e-09,4.1383936
5027,109,3623,517,1zha_R5P_A_1269,4,gnina,0.45286553,0.24766837,1.8285148,0,2.1169192e-05,2.6064972
5028,109,1124,160,1hsb_ALA_C_1,4,gnina,0.45031255,0.24627217,1.8285148,0,0,10.826444
5029,109,11155,1593,5bkd_RCF_A_503,4,gnina,0.45031255,0.24627217,1.8285148,0,0,4.1861295
5030,109,5072,724,2q6m_P34_A_1001,4,gnina,0.55421006,0.24320521,2.2787745,0,0.28213503,2.8337452
5031,109,16867,2409,6r0i_JNB_A_901,4,gnina,0.45140785,0.24185295,1.8664548,0,0.98931382,5.5612206
5032,109,15110,2158,6dyt_F0G_A_503,4,gnina,0.57291406,0.23981631,2.3889694,0,0.86130837,4.8818526
5033,109,17063,2437,6sds_L8N_A_302,4,gnina,0.57060068,0.23927566,2.3846991,0,0.99307996,4.4298732
5034,109,15278,2182,6f7r_CIT_A_1002,4,gnina,0.54087054,0.23910488,2.262063,0,0.31409942,2.2882002
5035,109,15012,2144,6cgc_F0A_B_402,4,gnina,0.56587938,0.23650152,2.3927083,0,0.97462333,7.0480961
5036,109,2986,426,1u2o_NEC_B_1002,4,gnina,0.66631215,0.23638567,2.8187492,0,0.96731487,3.9004134
5037,109,7795,1113,4cme_KTZ_C_1270,4,gnina,0.57418494,0.23497555,2.4435935,0,0.98763019,4.9915843
5038,110,1362,194,1jf0_CZH_A_197,4,gnina,0.66721185,0.35450263,1.8821059,0,0.99456484,9.7362202
5039,110,3224,460,1wmz_A2G_B_502,4,gnina,0.56598693,0.30632388,1.8476739,0,0.8830464,2.0765411
5040,110,16888,2412,6r6i_H50_A_201,4,gnina,0.55968161,0.30519613,1.8338414,0,0.23584167,2.6125134
5041,110,3231,461,1wmz_NGA_A_501,4,gnina,0.5599923,0.30111561,1.8597243,0,0.042643793,3.4129294
5042,110,10875,1553,4zvz_4TF_C_503,4,gnina,0.57419896,0.30033235,1.9118775,0,0.0056445703,4.2811702
5043,110,3245,463,1wmz_NGA_D_504,4,gnina,0.55241416,0.29704074,1.8597243,0,0.94607984,2.3758066
5044,110,10868,1552,4zvz_4TF_B_503,4,gnina,0.56319222,0.29457532,1.9118775,0,0.17897515,6.2337663
5045,110,15782,2254,6jme_BVU_A_409,4,gnina,0.58063849,0.2744231,2.1158504,0,0.99561846,5.5941877
5046,110,1264,180,1ixo_G3P_D_1004,4,gnina,0.50213199,0.27381415,1.8338414,0,0.015634324,2.3641862
5047,110,8418,1202,4ghf_4NC_D_402,4,gnina,0.50213199,0.27381415,1.8338414,0,0,5.7387673
5048,110,11169,1595,5bwd_FUM_A_901,4,gnina,0.49958998,0.27242798,1.8338414,0,0.91919363,2.1002156
5049,110,10287,1469,4wqq_MAN_A_204,4,gnina,0.55232433,0.27145003,2.0347173,0,0.023236129,1.7516214
5050,110,3238,462,1wmz_NGA_C_503,4,gnina,0.50213199,0.27000332,1.8597243,0,0.0044891239,2.1519098
5051,110,13780,1968,5ud0_G3H_B_406,4,gnina,0.50213199,0.26998525,1.8598487,0,1.3249226e-06,1.8947579
5052,110,11050,1578,5agl_CCW_A_800,4,gnina,0.55837894,0.26704709,2.0909371,0,0.48746632,4.4846159
5053,110,1950,278,1mrq_STR_A_501,4,gnina,0.57886903,0.26564772,2.1790843,0,0,2.4608852
5054,110,16492,2356,6ock_9KL_A_602,0,surfdock,0.53530748,0.26288803,2.0362556,0,0.99487708,3.0826585
5055,110,8082,1154,4do1_ANN_D_502,4,gnina,0.58116257,0.26028609,2.2327828,0,4.11256e-08,3.9001729
5056,110,9923,1417,4rje_PYR_A_402,4,gnina,0.49746886,0.25894393,1.9211441,0,0,3.0438745
5057,110,7116,1016,3zr0_8OG_B_1157,4,gnina,0.5691934,0.25821776,2.2043145,0,0.89262757,4.3981277
5058,110,5114,730,2qb4_DSM_A_802,4,gnina,0.57390743,0.25732144,2.2303123,0,0.012040554,2.7610446
5059,110,10308,1472,4wqq_MAN_D_204,4,gnina,0.52139263,0.25624807,2.0347173,0,0.073111727,2.1293223
5060,110,10861,1551,4zvz_4TF_A_503,4,gnina,0.4991804,0.25590759,1.9506266,0,0.0037835134,4.3956965
5061,110,13430,1918,5oip_9WE_A_302,4,gnina,0.5610921,0.25550627,2.1960003,0,0.99749967,3.5098526
5062,110,9937,1419,4rje_PYR_C_402,4,gnina,0.50213199,0.25497006,1.9693754,0,0.32609573,5.1303687
5063,110,12044,1720,5g0v_JDD_B_1271,4,gnina,0.62390297,0.25494953,2.4471617,0,2.2011629e-05,7.6603765
5064,110,7109,1015,3zr0_8OG_A_1157,4,gnina,0.57377802,0.25382675,2.2605095,0,0.77570494,4.6531047
5065,110,15768,2252,6jmd_BVO_A_408,4,gnina,0.58088102,0.25101048,2.3141694,0,0.99707209,7.8086095
5066,110,11057,1579,5agl_CCW_B_800,4,gnina,0.52482623,0.25100037,2.0909371,0,0.12736723,4.1361795
5067,110,2951,421,1u1g_BBB_A_3300,4,gnina,0.50213199,0.24875433,2.018585,0,3.6819806e-05,8.5094203
5068,110,2972,424,1u1g_BBB_E_7300,4,gnina,0.50213199,0.24875433,2.018585,0,0.87536247,8.20382
5069,110,6892,984,3wlf_FEH_C_401,4,gnina,0.58110118,0.24760823,2.3468564,0,1.32047e-05,3.0101204
5070,110,10882,1554,4zvz_4TF_D_503,4,gnina,0.50034799,0.24649743,2.0298295,0,0.52164871,4.4809759
5071,110,10301,1471,4wqq_MAN_C_204,4,gnina,0.50213199,0.24534551,2.0466311,0,0.024335351,1.889148
5072,110,10294,1470,4wqq_MAN_B_204,4,gnina,0.50042406,0.24356268,2.0545998,0,0.045734904,1.7754386
5073,110,11988,1712,5fuv_THM_A_1388,4,gnina,0.44631836,0.2433788,1.8338414,0,0.99604766,3.4296314
5074,110,2965,423,1u1g_BBB_C_5300,4,gnina,0.50213199,0.24313029,2.0652785,0,0.32774737,8.2151757
5075,110,16181,2311,6mry_FLC_C_102,4,gnina,0.5043644,0.24183389,2.0855811,0,0.96441395,2.3356227
5076,110,9097,1299,4kp7_1UQ_A_503,4,gnina,0.50213199,0.23945379,2.0969882,0,0.94422287,5.1660023
5077,110,15733,2247,6j4t_IMP_A_401,4,gnina,0.44631836,0.23904902,1.867057,0,0,5.071452
5078,110,16496,2356,6ock_9KL_A_602,4,gnina,0.4489474,0.23867592,1.8809906,0,0.00010056827,3.0397401
5079,110,2958,422,1u1g_BBB_B_4300,4,gnina,0.50213199,0.23798334,2.1099451,0,0.14448488,8.2785793
5080,110,13437,1919,5oir_9W8_A_302,4,gnina,0.45622872,0.23590473,1.9339523,0,0.41659568,3.8212842
5081,110,11246,1606,5cfw_53W_A_201,4,gnina,0.50212577,0.23490737,2.137547,0,0.012098236,6.557225
5082,110,1187,169,1iri_E4P_D_604,4,gnina,0.65508138,0.2343362,2.7954757,0,0.88063136,6.3422433
5083,110,1180,168,1iri_E4P_C_603,4,gnina,0.64992891,0.23249306,2.7954757,0,0.323562,6.4945659
5084,110,14935,2133,6btn_E8M_A_304,4,gnina,0.50213199,0.23221373,2.162369,0,0.22348533,5.1635454
5085,110,1173,167,1iri_E4P_B_602,4,gnina,0.64881364,0.2320941,2.7954757,0,0.00065815938,6.3802822
5086,110,1166,166,1iri_E4P_A_601,4,gnina,0.64797282,0.23179332,2.7954757,0,0.79336733,6.1277969
5087,110,6388,912,3ryd_SRT_A_271,4,gnina,0.46092079,0.22987905,2.0050569,0,3.093599e-08,1.9506226
5088,111,10952,1564,5a7p_6Z1_A_1361,4,gnina,0.55734112,0.30372361,1.8350264,0,0.0011269688,4.8239101
5089,111,15747,2249,6jc7_F0G_D_601,4,gnina,0.57919148,0.30314051,1.9106361,0,4.752329e-06,7.6880615
5090,111,17770,2538,7est_0Z2_E_1,4,gnina,0.57504232,0.30299113,1.897884,0,0.93689354,7.2120064
5091,111,7172,1024,3zzm_JLN_A_1526,4,gnina,0.57382054,0.28894868,1.9858899,0,0.99370554,6.2704354
5092,111,15740,2248,6jc7_F0G_A_601,4,gnina,0.5822708,0.27138759,2.1455312,0,2.7980336e-05,7.4776471
5093,111,14830,2118,6ayv_F6P_B_401,4,gnina,0.57651327,0.25746377,2.2392006,0,0.82597896,3.966273
5094,111,4295,613,2fc0_DGP_A_239,4,gnina,0.50115079,0.25461945,1.9682336,0,5.0921204e-05,3.6061206
5095,111,10021,1431,4tqi_6BD_B_201,4,gnina,0.5684968,0.24860094,2.2867837,0,2.1020935e-08,3.679247
5096,111,10014,1430,4tqi_6BD_A_201,4,gnina,0.55837643,0.24485005,2.2804823,0,1.1004356e-06,4.017239
5097,111,9958,1422,4rkz_3S4_B_401,4,gnina,0.50131467,0.24475322,2.0482445,0,0.95019174,2.8667634
5098,111,3910,558,2bs3_CIT_A_1657,4,gnina,0.50131467,0.24168704,2.0742297,0,0.10293461,12.581324
5099,111,15978,2282,6l59_CIT_B_403,4,gnina,0.50131467,0.24084262,2.0815022,0,0.041312805,2.7426597
5100,111,16468,2352,6o2z_LJV_A_500,4,gnina,0.57963001,0.23454187,2.4713275,0,0.99444416,4.8990346
5101,111,12142,1734,5gri_CIT_B_401,4,gnina,0.48510536,0.23348966,2.07763,0,0.028861052,3.252911
5102,111,16475,2353,6o2z_LJV_B_500,4,gnina,0.57892848,0.23338779,2.4805422,0,0.84689974,4.8768026
5103,111,12905,1843,5kcj_GLU_A_302,4,gnina,0.50131467,0.23191814,2.1616008,0,0,2.3706986
5104,111,12240,1748,5h8f_GLU_A_302,4,gnina,0.50131467,0.22870323,2.1919868,0,0,2.6400776
5105,111,14445,2063,5ybl_AKG_A_302,4,gnina,0.50128086,0.22869454,2.1919222,0,0,3.5452749
5106,111,5191,741,2qd4_CHD_B_927,4,gnina,0.66002034,0.22836278,2.8902264,0,3.6144474e-08,4.4128993
5107,111,14823,2117,6ayv_F6P_A_401,4,gnina,0.50131467,0.22579436,2.2202258,0,0.98057571,2.643009
5108,111,7508,1072,4buv_16I_C_2165,4,gnina,0.58304225,0.22517621,2.5892701,0,0.97277691,3.7062829
5109,111,17392,2484,6ur0_ETM_A_401,4,gnina,0.50665774,0.22505711,2.2512398,0,0,2.2392322
5110,111,6549,935,3v1m_HPK_A_288,4,gnina,0.4566168,0.22394737,2.0389459,0,0.88227148,2.6045265
5111,111,585,83,1fuq_CIT_A_1001,4,gnina,0.49112707,0.22351819,2.1972568,0,1.6959119e-05,3.63351
5112,111,5723,817,2wzv_FMN_B_801,4,gnina,0.56210962,0.22314051,2.5190828,0,0.94119692,6.6802823
5113,111,14963,2137,6c17_DNX_A_202,4,gnina,0.50067468,0.22177527,2.2575758,0,0.082757418,2.6947804
5114,111,5177,739,2qd4_CHD_A_803,4,gnina,0.65948847,0.22172117,2.9744036,0,3.1758291e-07,4.0629989
5115,111,1922,274,1mmy_G6D_A_348,4,gnina,0.49506642,0.22159853,2.2340682,0,0.0026300371,4.0305555
5116,111,11421,1631,5del_D59_A_603,4,gnina,0.44497213,0.22152469,2.0086787,0,0.97914902,4.0956291
5117,111,1908,272,1mmx_FUC_A_348,4,gnina,0.48864365,0.22127745,2.2082839,0,0.0014398473,1.8390554
5118,111,7501,1071,4buv_16I_A_2165,4,gnina,0.58299257,0.2204271,2.6448307,0,0.93846317,4.1112027
5119,111,14466,2066,5ybp_AKG_B_302,4,gnina,0.50131467,0.22035111,2.2750711,0,0.99382219,2.283016
5120,111,14494,2070,5ybq_AKG_B_302,4,gnina,0.50131467,0.22035111,2.2750711,0,0.0004105101,2.5555243
5121,111,12436,1776,5i93_69O_A_202,4,gnina,0.47004698,0.21849822,2.1512613,0,0.56977725,1.6348184
5122,111,16146,2306,6mae_JBA_A_301,4,gnina,0.57312326,0.21075321,2.7194037,0,0.96993224,5.8853099
5123,111,4554,650,2hs3_FGR_A_2166,4,gnina,0.55953357,0.21073161,2.6551943,0,0,4.5036382
5124,111,16580,2368,6ooi_PGA_H_302,4,gnina,0.58102716,0.21048111,2.7604709,0,0.92883191,6.2565969
5125,111,16552,2364,6ooi_PGA_B_301,4,gnina,0.58069063,0.21035919,2.7604709,0,0.96352225,5.5179601
5126,111,3920,560,2bxh_IOS_A_1001,0,surfdock,0.53587146,0.2100181,2.551548,0,0.99680824,2.9934537
5127,111,10693,1527,4zbc_GLC_B_407,4,gnina,0.49292784,0.20911072,2.3572567,0,9.5312856e-07,2.0159278
5128,111,12100,1728,5g6g_H8B_A_1367,4,gnina,0.58162265,0.20817064,2.7939696,0,2.3138427e-07,4.3000186
5129,111,16013,2287,6l86_LMR_C_302,4,gnina,0.50096107,0.20107101,2.4914625,0,0.94393725,4.3077575
5130,111,16545,2363,6ooi_PGA_A_301,4,gnina,0.55677601,0.19956982,2.7898798,0,0.93821991,6.1671851
5131,111,5716,816,2wzv_FMN_A_801,4,gnina,0.50127589,0.19899136,2.5190828,0,0.95121793,6.7372999
5132,111,7151,1021,3zwt_ORO_A_1398,4,gnina,0.47965201,0.19865529,2.4144931,0,0.00013061549,1.6802519
5133,111,15456,2208,6gck_EUB_C_302,0,surfdock,0.53587146,0.19753429,2.7128012,0,0.99039091,2.3450384
5134,111,15442,2206,6gck_EUB_A_302,0,surfdock,0.53587146,0.19735867,2.7152152,0,0.82353599,3.3976825
5135,111,4764,680,2ji6_TPW_B_1566,4,gnina,0.50131467,0.19727545,2.5411904,0,0.88298473,7.3856389
5136,111,16027,2289,6l86_MLT_A_303,4,gnina,0.50131467,0.19712576,2.5431201,0,0.0060030823,3.8318384
5137,111,81,11,1aiq_UMP_B_266,4,gnina,0.55779862,0.19640106,2.8400989,0,0.90938269,3.587855
5138,112,13276,1896,5nuk_Z80_A_201,4,gnina,0.58381721,0.31790546,1.8364482,0,0,3.4358687
5139,112,17308,2472,6toj_NQQ_A_201,4,gnina,0.6533985,0.30574537,2.1370666,0,0.45164225,4.8460525
5140,112,16083,2297,6lx5_C5F_B_501,4,gnina,0.58848908,0.29626187,1.9863805,0,0.88411398,2.6541011
5141,112,6675,953,3vnj_PSJ_D_301,4,gnina,0.55963327,0.29440487,1.9008958,0,0.22836561,4.0155002
5142,112,11736,1676,5ezp_IPJ_A_201,4,gnina,0.65452262,0.27551189,2.3756592,0,6.617497e-08,3.4339524
5143,112,10532,1504,4yjs_4DN_A_701,4,gnina,0.5041391,0.27451841,1.8364482,0,0.001032364,6.9706642
5144,112,12891,1841,5kas_PC_A_517,4,gnina,0.5041391,0.27451841,1.8364482,0,0,2.1010628
5145,112,17231,2461,6t9c_MX8_A_501,4,gnina,0.5041391,0.27451841,1.8364482,0,0,5.8446991
5146,112,6661,951,3vnj_PSJ_A_301,4,gnina,0.5041391,0.26916028,1.8730061,0,0,4.210625
5147,112,6668,952,3vnj_PSJ_C_301,4,gnina,0.5041391,0.26916028,1.8730061,0,0,3.1424624
5148,112,16748,2392,6qaw_HVE_A_402,4,gnina,0.5041391,0.26291579,1.9174917,0,0.99028299,4.0220631
5149,112,8390,1198,4g1x_TQU_A_409,4,gnina,0.5041391,0.25541048,1.9738377,0,3.7308404e-06,1.9226227
5150,112,17434,2490,6vlu_CIT_A_701,4,gnina,0.46863489,0.25518533,1.8364482,0,0.00025217842,2.4076298
5151,112,13997,1999,5vl0_BNF_D_404,4,gnina,0.5041391,0.25294144,1.9931051,0,0.87436639,3.7250975
5152,112,13836,1976,5uio_LG3_C_201,4,gnina,0.58879023,0.25163218,2.3398836,0,0.99395769,2.5473355
5153,112,6178,882,3mk1_NPO_A_912,4,gnina,0.46023829,0.25061314,1.8364482,0,0.99480978,2.2434398
5154,112,10196,1456,4uzi_IMD_B_1455,4,gnina,0.52975748,0.24502244,2.1620765,0,8.9129817e-06,1.9097633
5155,112,12996,1856,5l7u_NGA_A_601,4,gnina,0.4848809,0.24277944,1.9972064,0,0.99733982,3.8375011
5156,112,5310,758,2qx9_ML2_A_234,4,gnina,0.5041391,0.24249624,2.0789554,0,1.6245054e-05,4.3381421
5157,112,16034,2290,6l8a_BAL_C_504,4,gnina,0.64922494,0.2411289,2.6924384,0,0.20245014,7.9824318
5158,112,1880,268,1m9j_CLW_A_906,4,gnina,0.44227565,0.24083196,1.8364482,0,3.6529426e-06,2.1763167
5159,112,11295,1613,5ci9_549_A_401,4,gnina,0.44226424,0.24082575,1.8364482,0,3.1141058e-07,2.2561226
5160,112,17315,2473,6tol_NQW_A_201,4,gnina,0.44226272,0.24082492,1.8364482,0,0.00094125083,8.1763278
5161,112,6003,857,2z48_NGA_A_1006,4,gnina,0.5041391,0.23780728,2.1199472,0,0.019991864,2.9161111
5162,112,17455,2493,6vmz_R3P_C_404,4,gnina,0.50413908,0.23767952,2.1210866,0,0,4.5137176
5163,112,17462,2494,6vmz_R3P_E_403,4,gnina,0.50413907,0.23767952,2.1210866,0,0,4.8177553
5164,112,12968,1852,5kxb_NGA_B_305,4,gnina,0.61422802,0.2375497,2.5856812,0,0.32887604,4.3512865
5165,112,11757,1679,5ezp_IPJ_F_201,4,gnina,0.56770475,0.23584598,2.4070985,0,0.10121426,5.2974568
5166,113,7711,1101,4cle_JR2_A_1271,4,gnina,0.50197539,0.27317667,1.8375475,0,6.3886891e-05,2.8110026
5167,113,7739,1105,4cle_JR2_D_1271,4,gnina,0.50197539,0.27317667,1.8375475,0,0.00014098235,3.6518354
5168,113,14326,2046,5xrv_F6R_A_702,4,gnina,0.50197539,0.27317667,1.8375475,0,0.38875384,4.9826488
5169,113,8257,1179,4eip_K2C_A_601,4,gnina,0.50197476,0.27317633,1.8375475,0,0,3.4157669
5170,113,14879,2125,6ba2_7KM_A_809,4,gnina,0.58943606,0.26487127,2.2253671,0,4.6528061e-10,5.1770765
5171,113,3350,478,1xin_XYL_D_397,4,gnina,0.58773447,0.26247801,2.2391751,0,0.01459389,3.6483464
5172,113,3336,476,1xin_XYL_B_397,4,gnina,0.58886595,0.26126315,2.2539179,0,0.34689213,3.9566242
5173,113,3343,477,1xin_XYL_C_397,4,gnina,0.58639236,0.26016569,2.2539179,0,0.001710163,5.4207767
5174,113,16265,2323,6nbw_LAB_A_403,4,gnina,0.64694672,0.25789252,2.5085895,0,0.99749101,4.8615041
5175,113,17560,2508,6xim_XLS_D_397,4,gnina,0.58939661,0.25016353,2.3560443,0,0.38907336,4.2196662
5176,113,14284,2040,5xin_XLS_A_397,4,gnina,0.5894488,0.24962099,2.3613741,0,0.0038330375,3.8248393
5177,113,9293,1327,4lz7_GLU_A_802,4,gnina,0.50197539,0.24587571,2.0415809,0,0,2.967366
5178,113,14214,2030,5x5d_UMP_B_401,4,gnina,0.57836144,0.24298855,2.3801994,0,0.99141311,6.3354995
5179,113,14235,2033,5x5d_UMP_E_401,4,gnina,0.57906946,0.24287623,2.3842154,0,0.99051924,5.7696244
5180,113,17133,2447,6szl_M3E_B_604,4,gnina,0.46388257,0.2427304,1.9111011,0,0.99260877,2.2494261
5181,113,4029,575,2ci0_1CM_A_1450,4,gnina,0.50197236,0.23957539,2.0952575,0,8.2726627e-06,3.3475092
5182,113,3147,449,1vzu_UDP_B_2371,4,gnina,0.64302514,0.23925509,2.6876123,0,0.88303613,5.0302468
5183,113,14291,2041,5xin_XLS_C_397,4,gnina,0.57601181,0.23719239,2.4284573,0,0.11197871,3.8612317
5184,113,15474,2210,6gl4_GLU_A_301,4,gnina,0.50197539,0.23590575,2.1278632,0,0,3.7496692
5185,113,15481,2211,6gl4_GLU_B_301,4,gnina,0.50197539,0.23590575,2.1278632,0,0,2.0669966
5186,113,13409,1915,5oew_GLU_A_301,4,gnina,0.50197539,0.23364271,2.1484735,0,0,2.3138755
5187,113,13416,1916,5oew_GLU_B_902,4,gnina,0.50197539,0.23364271,2.1484735,0,0,2.730639
5188,113,13423,1917,5oew_GLU_C_302,4,gnina,0.50197539,0.23364271,2.1484735,0,0,2.8247926
5189,113,8764,1252,4i9n_1E5_A_402,0,surfdock,0.53686007,0.22891564,2.3452301,0,0.88465507,3.5428221
5190,113,8792,1256,4i9n_1E5_F_402,0,surfdock,0.53686007,0.22758911,2.3588996,0,0.93713698,3.6447983
5191,113,3686,526,1zuw_DGL_A_1301,4,gnina,0.50172893,0.22624179,2.2176659,0,0.99264585,2.4690437
5192,113,3693,527,1zuw_DGL_B_2301,4,gnina,0.50185985,0.22604765,2.2201498,0,0.98191536,2.4024351
5193,113,8799,1257,4i9n_1E5_G_402,0,surfdock,0.53686007,0.22496579,2.3864067,0,0.86354281,3.3980331
5194,113,6997,999,3wur_O4B_B_204,4,gnina,0.48908695,0.22375605,2.1858034,0,0.9262004,1.5026222
5195,113,8726,1246,4i6w_1CO_A_501,4,gnina,0.50193592,0.22270236,2.2538409,0,0,2.3448627
5196,113,8775,1253,4i9n_1E5_B_402,4,gnina,0.64972417,0.2207005,2.943917,0,0.97073742,9.1492381
5197,113,16251,2321,6nba_P1T_A_501,4,gnina,0.50197539,0.22041041,2.2774568,0,0.98245257,7.5396858
5198,113,10637,1519,4zb2_GLC_A_403,4,gnina,0.50197539,0.21941691,2.2877688,0,0.35648588,1.6518814
5199,113,16790,2398,6qni_GLC_A_402,4,gnina,0.50197539,0.21941691,2.2877688,0,3.0515154e-05,1.727489
5200,113,17546,2506,6xim_XLS_B_397,4,gnina,0.50197539,0.21899629,2.2921629,0,0.52779664,3.8119484
5201,113,8782,1254,4i9n_1E5_C_402,4,gnina,0.62463143,0.21689388,2.8798933,0,0.93864857,10.060153
5202,113,17483,2497,6w0x_S6J_A_301,4,gnina,0.58138806,0.21671699,2.6827054,0,0.7322208,5.5491643
5203,113,1859,265,1m3u_KPL_J_265,4,gnina,0.59109536,0.21666198,2.7281904,0,0.99108144,7.0481988
5204,113,1831,261,1m3u_KPL_E_265,4,gnina,0.59054287,0.21645947,2.7281904,0,0.99054643,7.421332
5205,113,10686,1526,4zbc_GLC_B_406,4,gnina,0.50197539,0.21503511,2.3343871,0,0.0061617544,2.4414852
5206,113,14228,2032,5x5d_UMP_D_401,4,gnina,0.50197539,0.21376594,2.3482468,0,0.57401564,5.638374
5207,113,9006,1286,4jzx_476_A_402,4,gnina,0.58849313,0.21368528,2.7540171,0,0.94457069,4.0413793
5208,113,17553,2507,6xim_XLS_C_397,4,gnina,0.50197539,0.21305847,2.3560443,0,0,3.8522381
5209,113,13647,1949,5tdt_MBN_D_502,4,gnina,0.57107876,0.21275719,2.6841798,0,2.3893224e-06,9.4965086
5210,113,15239,2177,6f76_CVK_B_203,0,surfdock,0.68267148,0.21177555,3.2235603,0,0.48931418,4.0262364
5211,113,2706,386,1sjc_SMG_B_1100,4,gnina,0.63652272,0.21125126,3.0131063,0,0.4088544,4.8426189
5212,113,8789,1255,4i9n_1E5_D_402,4,gnina,0.62131715,0.21124597,2.9412014,0,0.754554,9.208594
5213,113,14221,2031,5x5d_UMP_C_401,4,gnina,0.49481567,0.21071698,2.3482468,0,0.98271806,5.6065292
5214,113,15253,2179,6f76_CVK_F_203,0,surfdock,0.67407484,0.21036941,3.2042427,0,0,3.9992679
5215,113,5261,751,2qs2_UBF_B_602,4,gnina,0.58420676,0.21016674,2.7797289,0,0.50263432,5.3234633
5216,114,6038,862,2zgw_ADN_A_1301,4,gnina,0.59502116,0.30281704,1.9649518,0,0.99241541,3.3184266
5217,114,3378,482,1xuf_BAZ_A_246,4,gnina,0.50375191,0.2742066,1.8371245,0,0,2.9938334
5218,114,6010,858,2z48_NGA_B_2003,4,gnina,0.59235741,0.27070047,2.1882384,0,0.70372509,2.6069494
5219,114,9265,1323,4lxi_22J_A_301,4,gnina,0.56048879,0.27014971,2.074733,0,0.75705965,3.7300689
5220,114,15859,2265,6jz4_EVA_A_701,4,gnina,0.58884322,0.26572495,2.2159867,0,0.021828691,3.2902162
5221,114,4036,576,2cjz_PTR_A_1537,4,gnina,0.511779,0.25176639,2.0327525,0,0.82590744,2.8310627
5222,114,14053,2007,5vyr_GMP_B_302,4,gnina,0.50375191,0.24856777,2.0266171,0,1.9450684e-06,3.2701963
5223,114,12793,1827,5jep_EVF_B_303,4,gnina,0.45168984,0.24586772,1.8371245,0,0.51415964,2.2638527
5224,114,6395,913,3ryd_SRT_C_268,4,gnina,0.44221587,0.2391744,1.8489255,0,0.00010355424,1.9744833
5225,114,6017,859,2z48_NGA_B_2004,4,gnina,0.50375191,0.23840253,2.11303,0,0.1194217,2.6482996
5226,114,5996,856,2z48_NGA_A_1002,4,gnina,0.50375191,0.23764193,2.1197929,0,5.4928245e-05,2.6025467
5227,114,9818,1402,4qbz_D80_B_901,4,gnina,0.6085748,0.23672915,2.5707631,0,0.99207644,5.0616614
5228,114,5968,852,2z48_A2G_A_1001,4,gnina,0.50375191,0.2350049,2.1435795,0,0.66874474,2.9817969
5229,114,5982,854,2z48_A2G_B_2001,4,gnina,0.50375191,0.2350049,2.1435795,0,0.89976222,2.6216648
5230,114,14851,2121,6b5k_TYD_B_304,4,gnina,0.58811032,0.23307644,2.5232499,0,2.5534735e-06,6.1204114
5231,114,11113,1587,5b4o_6DQ_B_201,4,gnina,0.56518205,0.23254363,2.4304335,0,0.91596001,2.8875444
5232,114,4743,677,2jav_5Z5_A_1280,4,gnina,0.50375191,0.22920875,2.1977856,0,0.99075997,3.1282958
5233,114,6045,863,2zgw_ADN_B_1302,4,gnina,0.46188584,0.2277751,2.0278144,0,0.4786991,4.0218412
5234,114,9790,1398,4q40_VAL_A_403,4,gnina,0.50375191,0.22542319,2.2346933,0,5.8593925e-07,3.6125031
5235,114,9797,1399,4q40_VAL_C_404,4,gnina,0.50375191,0.22542319,2.2346933,0,4.1151926e-07,3.399594
5236,114,14844,2120,6b5k_TYD_A_304,4,gnina,0.57825606,0.2252059,2.5676763,0,2.6706697e-06,6.5744906
5237,114,690,98,1gck_PLP_B_913,4,gnina,0.50375191,0.22389774,2.2499187,0,0,10.35101
5238,114,10035,1433,4u2a_A2G_A_303,4,gnina,0.59574019,0.21739091,2.7404089,0,0.98926857,1.9840961
5239,114,10798,1542,4zu3_4SD_B_302,4,gnina,0.57947803,0.21666071,2.6745865,0,0.94175236,3.2081338
5240,114,11638,1662,5eo7_SFU_B_404,4,gnina,0.50375191,0.21411252,2.3527429,0,0.0061792143,3.1940707
5241,114,347,49,1dpm_EBP_A_900,4,gnina,0.53967832,0.2135097,2.5276515,0,0.60968361,2.9678272
5242,114,11652,1664,5eo7_SFU_C_402,4,gnina,0.50375191,0.21348799,2.3596256,0,0.94458545,2.3370572
5243,114,11673,1667,5eo7_SFU_C_405,4,gnina,0.50375191,0.21348799,2.3596256,0,0.92516502,2.4674365
5244,114,987,141,1h5r_THM_C_1293,0,surfdock,0.53735661,0.21269401,2.5264294,0,0,3.2340477
5245,114,11610,1658,5eo7_SFU_A_402,4,gnina,0.50375191,0.21209142,2.3751631,0,0.96358229,2.196907
5246,114,11445,1635,5did_5CK_A_601,0,surfdock,0.53735661,0.21165235,2.5388634,0,0.99497961,3.6881318
5247,114,959,137,1h5r_THM_A_1292,0,surfdock,0.53735661,0.21118088,2.5445316,0,0.99569826,3.134831
5248,114,10672,1524,4zbc_GLC_A_407,4,gnina,0.50375191,0.21117013,2.3855255,0,0.3476107,2.288042
5249,114,11452,1636,5die_5CJ_A_601,0,surfdock,0.53735661,0.21072933,2.549984,0,0.9934629,3.8432884
5250,114,11120,1588,5b4o_6DQ_B_202,4,gnina,0.474883,0.2105073,2.255897,0,0.27767462,3.6889805
5251,114,11659,1665,5eo7_SFU_C_403,4,gnina,0.48487899,0.20997643,2.3092058,0,0.85826809,2.1989231
5252,114,17189,2455,6t0m_GOZ_A_305,4,gnina,0.50375191,0.20996844,2.3991783,0,0.51246344,5.9071606
5253,114,12170,1738,5gwt_SIN_C_301,4,gnina,0.50375191,0.20968582,2.4024119,0,0.84291507,6.8288195
5254,114,17497,2499,6wdv_TWM_A_701,4,gnina,0.61239622,0.20800843,2.9440923,0,0.94020952,4.2193777
5255,114,5520,788,2vjb_CCD_B_1539,4,gnina,0.43848237,0.20770046,2.1111276,0,0.19389386,3.0363065
5256,114,11459,1637,5die_5CJ_B_601,0,surfdock,0.53735661,0.20738838,2.5910633,0,0,3.6271002
5257,114,11106,1586,5b4o_6DQ_A_201,4,gnina,0.50375146,0.20726807,2.4304335,0,0.64306672,2.1167686
5258,114,8383,1197,4g1q_T27_A_601,4,gnina,0.50375191,0.20602766,2.4450684,0,2.6334242e-07,5.7852543
5259,114,13038,1862,5la2_ARB_B_606,4,gnina,0.43848237,0.20455463,2.1435945,0,0.19952281,2.5818007
5260,114,2279,325,1p5g_G6P_X_658,4,gnina,0.5927462,0.20290817,2.9212525,0,5.5856306e-07,2.9355329
5261,114,12558,1794,5ioq_DUR_B_303,0,surfdock,0.53735661,0.19923764,2.6970627,0,0.94775038,2.9530363
5262,114,12565,1795,5ioq_DUR_C_302,0,surfdock,0.53735661,0.19923764,2.6970627,0,0.76390532,3.0442516
5263,114,4540,648,2gzm_DGL_D_504,4,gnina,0.50375191,0.1986368,2.5360444,0,0.99033566,2.8628127
5264,114,5688,812,2wj4_HQD_C_1277,4,gnina,0.50075118,0.1972018,2.5392821,0,0.99203035,3.3147542
5265,114,4533,647,2gzm_DGL_C_503,4,gnina,0.50375191,0.19706841,2.5562277,0,0.99337429,2.9386778
5266,115,11365,1623,5cyf_FLC_C_301,4,gnina,0.59921036,0.32567485,1.8399028,0,0.71267358,2.7308107
5267,115,6262,894,3qt8_FM0_A_328,4,gnina,0.59913301,0.3256328,1.8399028,0,0,4.2135393
5268,115,11358,1622,5cyf_FLC_A_301,4,gnina,0.59630718,0.32409695,1.8399028,0,0.14918866,2.7254405
5269,115,16625,2375,6pn9_OU7_A_803,0,surfdock,0.53722984,0.28532355,1.8828784,0,0,3.726505
5270,115,16632,2376,6pn9_OU7_B_803,0,surfdock,0.53722984,0.28339261,1.8957077,0,0.53555805,3.7540299
5271,115,16755,2393,6qdb_HWQ_A_1003,4,gnina,0.59779262,0.28137741,2.1245215,0,7.572648e-09,4.2193111
5272,115,15124,2160,6e2w_DP6_A_403,4,gnina,0.59735595,0.27851279,2.1448052,0,0.96630616,3.3580928
5273,115,1404,200,1jtk_THU_A_138,4,gnina,0.5058553,0.27493575,1.8399028,0,0.97278509,2.6432747
5274,115,9769,1395,4q3a_2YC_B_904,4,gnina,0.63877554,0.26627198,2.398958,0,0.97992052,4.1014986
5275,115,9762,1394,4q3a_2YC_A_904,4,gnina,0.63180951,0.26336821,2.398958,0,0.91490274,5.0307149
5276,115,12562,1794,5ioq_DUR_B_303,4,gnina,0.58228853,0.25093102,2.3205113,0,1.3671399e-09,3.7058795
5277,115,16352,2336,6nhd_KNV_B_803,0,surfdock,0.53722984,0.24863188,2.160743,0,0.61085218,3.7010077
5278,115,2671,381,1sep_BIO_A_801,4,gnina,0.5058553,0.24748904,2.0439494,0,0.82863904,2.036483
5279,115,53,7,1aer_TIA_B_700,4,gnina,0.44042303,0.23937287,1.8399028,0,0.19126473,2.307893
5280,115,7245,1035,4a8p_PAO_D_1340,0,surfdock,0.53722984,0.23820644,2.255311,0,0.88022415,3.155383
5281,115,6269,895,3qt8_FM0_B_328,4,gnina,0.5058553,0.23684951,2.1357658,0,0.002624238,4.5617171
5282,115,4337,619,2fib_GLY_B_2,4,gnina,0.5058553,0.23648338,2.1390724,0,0,7.9095678
5283,115,7231,1033,4a8p_PAO_A_1340,0,surfdock,0.53722984,0.23615091,2.2749419,0,0.98902869,3.4000536
5284,115,7238,1034,4a8p_PAO_B_1340,0,surfdock,0.53722984,0.23615091,2.2749419,0,0.98914774,3.270282
5285,115,7252,1036,4a8p_PAO_E_1338,0,surfdock,0.53722984,0.23615091,2.2749419,0,0.96495038,3.2936178
5286,115,9783,1397,4q3a_2YC_D_904,4,gnina,0.55977787,0.23180087,2.4149075,0,0.9687919,4.8185938
5287,115,9776,1396,4q3a_2YC_C_904,4,gnina,0.5534463,0.2289624,2.417192,0,0.94567573,5.7529853
5288,115,12121,1731,5gnx_BGC_B_503,4,gnina,0.44042303,0.22856208,1.9269286,0,0,2.3978883
5289,115,15579,2225,6hmw_FUL_C_203,4,gnina,0.49764581,0.22688384,2.1933937,0,3.7350092e-10,2.2994875
5290,115,10182,1454,4ur9_OAN_B_1718,4,gnina,0.56273355,0.22282212,2.5254824,0,0.038606106,6.1818399
5291,115,17647,2521,6zac_QDE_A_4000,0,surfdock,0.53722984,0.22169067,2.4233298,0,0,4.1168236
5292,115,5408,772,2ri1_GLP_A_234,4,gnina,0.59906615,0.22167189,2.7024894,0,0.32933184,2.3953408
5293,115,12569,1795,5ioq_DUR_C_302,4,gnina,0.51069716,0.22007949,2.3205113,0,9.8145322e-07,3.6211824
5294,115,17490,2498,6w0x_S6J_B_301,4,gnina,0.59269247,0.2192496,2.7032764,0,0.93755264,6.0635761
5295,115,8481,1211,4h4c_10D_A_402,4,gnina,0.5058553,0.21747449,2.3260434,0,0.80311995,4.0170773
5296,115,8635,1233,4i0b_CMP_A_302,4,gnina,0.59275519,0.217129,2.7299669,0,0.99580115,2.8533004
5297,115,10224,1460,4v2z_Y70_C_151,4,gnina,0.59732946,0.21591801,2.7664633,0,0.15754756,3.6569086
5298,115,8488,1212,4h4c_10D_B_402,4,gnina,0.5058553,0.21524112,2.3501787,0,0.040354752,3.4329845
5299,115,16345,2335,6nh0_KND_B_803,0,surfdock,0.53722984,0.21341402,2.5173118,0,0.94546941,3.8858747
5300,115,3861,551,2bf7_HBI_C_1290,4,gnina,0.5058553,0.20795697,2.4324989,0,0.011155367,3.0705113
5301,115,3847,549,2bf7_HBI_A_1290,4,gnina,0.5058553,0.20789452,2.4332297,0,7.8600228e-06,3.2494863
5302,115,3868,552,2bf7_HBI_D_1290,4,gnina,0.5058553,0.20773884,2.4350531,0,0.0015194765,2.9985872
5303,115,3854,550,2bf7_HBI_B_1290,4,gnina,0.5058553,0.20770768,2.4354184,0,9.0654154e-07,3.1139434
5304,115,6969,995,3wur_O4B_A_201,4,gnina,0.44207885,0.20733512,2.1321938,0,2.5142775e-07,2.689284
5305,115,8271,1181,4ejh_0QA_D_502,4,gnina,0.52254012,0.20533513,2.5448151,0,0.0047171411,21.767655
5306,115,16331,2333,6ngu_KMJ_A_803,0,surfdock,0.53722984,0.20306542,2.6455989,0,0.50490236,3.6459669
5307,115,16338,2334,6nh0_KND_A_803,0,surfdock,0.53722984,0.20235734,2.6548562,0,0.89640649,3.9052875
5308,115,10504,1500,4xzh_48I_A_402,4,gnina,0.60092878,0.20200447,2.9748282,0,0,4.2597093
5309,115,9419,1345,4n36_2F8_A_401,4,gnina,0.5058553,0.20178269,2.5069301,0,0.91606176,2.9203129
5310,115,9027,1289,4jzx_IPE_B_401,4,gnina,0.59741682,0.20147101,2.9652734,0,2.6341609e-09,2.8897138
5311,115,10511,1501,4xzh_48I_B_402,4,gnina,0.60065053,0.20110744,2.9867136,0,6.5610199e-07,4.2449728
5312,115,1698,242,1lfw_AEP_A_683,4,gnina,0.5058553,0.20024903,2.5261302,0,0.0002049184,3.3171116
5313,115,8089,1155,4dt8_ADN_A_401,4,gnina,0.5058553,0.20001941,2.5290301,0,0.00012771171,3.0188618
5314,115,15264,2180,6f77_PLP_A_600,4,gnina,0.5058553,0.19921259,2.5392728,0,0,7.3028052
5315,115,12898,1842,5kcj_6RM_B_302,4,gnina,0.5058553,0.19883125,2.544143,0,0.70238409,6.2444419
5316,116,2356,336,1pr0_NOS_C_1247,4,gnina,0.59388088,0.32216921,1.8433809,0,0.98695175,2.7472282
5317,116,14298,2042,5xj7_87O_A_309,4,gnina,0.58057571,0.3149514,1.8433809,0,0.85377942,6.8989222
5318,116,12233,1747,5h5k_C5P_B_203,4,gnina,0.59806905,0.30653248,1.9510779,0,0.50518412,3.4946386
5319,116,4841,691,2ntk_IMP_B_206,4,gnina,0.59735928,0.29682588,2.0124896,0,0.98638931,4.3099784
5320,116,9979,1425,4rvg_TYD_A_502,4,gnina,0.5933875,0.29412977,2.0174334,0,0.94773118,5.1706767
5321,116,2342,334,1pr0_NOS_A_1245,4,gnina,0.50417656,0.2735063,1.8433809,0,0.98120033,3.057119
5322,116,2349,335,1pr0_NOS_B_1246,4,gnina,0.50417656,0.2735063,1.8433809,0,0.022340558,2.7327091
5323,116,7361,1051,4aql_TXC_A_1452,4,gnina,0.50417656,0.2735063,1.8433809,0,0.93783965,7.6846685
5324,116,12383,1769,5i0m_UMP_B_201,0,surfdock,0.53675939,0.26619778,2.0163922,0,0,3.4771147
5325,116,5030,718,2pt6_S4M_C_503,4,gnina,0.57887436,0.26202243,2.209254,0,0.90183548,6.8762133
5326,116,12107,1729,5g6i_M85_A_904,4,gnina,0.58885458,0.25876145,2.2756648,0,4.55622e-06,3.7174605
5327,116,12226,1746,5h5k_C5P_A_206,4,gnina,0.50417656,0.25840911,1.9510779,0,0.54945172,3.8242975
5328,116,963,137,1h5r_THM_A_1292,4,gnina,0.60183649,0.25378702,2.3714225,0,1.6440774e-05,3.500051
5329,116,14543,2077,5ysh_5AD_D_605,4,gnina,0.60839625,0.25118175,2.4221346,0,0.0024414504,13.347835
5330,116,2804,400,1tf8_TRP_A_913,4,gnina,0.50417656,0.25068285,2.0112119,0,0.98903114,2.037163
5331,116,4848,692,2ntk_IMP_C_207,4,gnina,0.50417656,0.25052369,2.0124896,0,0.98463583,4.1454206
5332,116,4834,690,2ntk_IMP_A_205,4,gnina,0.50417656,0.247398,2.0379159,0,0.98009597,5.4591235
5333,116,14557,2079,5ysh_5AD_J_605,4,gnina,0.60511778,0.24669578,2.4528897,0,0.074807582,12.439989
5334,116,970,138,1h5r_THM_A_1293,4,gnina,0.56485308,0.24392807,2.3156533,0,0.56096788,3.5425287
5335,116,998,142,1h5r_THM_D_1292,4,gnina,0.56708025,0.24181545,2.3450942,0,0.37825773,3.2867332
5336,116,977,139,1h5r_THM_B_1292,4,gnina,0.55886159,0.23831084,2.3450942,0,3.9230732e-05,4.4224118
5337,116,13801,1971,5uim_TYD_B_403,4,gnina,0.50417656,0.23168519,2.1761267,0,0.3473614,6.7386802
5338,116,8579,1225,4hzf_CMP_A_302,4,gnina,0.55240296,0.23107969,2.3905292,0,0.99770562,3.6320901
5339,116,16643,2377,6pna_M16_A_803,4,gnina,0.59764787,0.23070948,2.5904772,0,1.2825517e-06,3.8257458
5340,116,7221,1031,4a7a_RGZ_B_601,4,gnina,0.59743145,0.23066389,2.5900509,0,0.026439241,4.5650125
5341,116,5016,716,2pt6_S4M_A_501,4,gnina,0.50417656,0.22950195,2.1968281,0,0.98863972,6.4535641
5342,116,13941,1991,5v31_ARG_A_401,4,gnina,0.50417656,0.2291352,2.2003443,0,2.2027105e-07,2.7105649
5343,116,3525,503,1zb6_GST_A_502,4,gnina,0.50417656,0.22883815,2.2032006,0,0.3985028,4.3346398
5344,117,11008,1572,5adi_TUE_A_800,4,gnina,0.60150201,0.32612483,1.844391,0,1.5762146e-06,4.1460885
5345,117,11015,1573,5adi_TUE_B_800,4,gnina,0.50579176,0.27423225,1.844391,0,2.8514416e-06,4.014409
5346,117,732,104,1gsi_TMP_A_1210,4,gnina,0.56623903,0.26299845,2.1530118,0,0.32520119,3.3977728
5347,117,6871,981,3wk1_O7E_A_301,4,gnina,0.59988269,0.26232827,2.2867625,0,0.98950946,3.1590527
5348,117,1985,283,1n5i_TMP_A_217,4,gnina,0.5685544,0.26188949,2.1709697,0,0.98917489,3.5444947
5349,117,12471,1781,5ice_2H4_A_402,4,gnina,0.50579176,0.2603157,1.9429927,0,0.77914328,3.3979973
5350,117,2055,293,1nmz_NYM_A_301,4,gnina,0.5944236,0.245829,2.418036,0,0.3615752,3.8429287
5351,117,15463,2209,6gck_EUB_D_302,0,surfdock,0.5374515,0.24421477,2.200732,0,0.99379371,3.3217421
5352,117,1572,224,1km6_OMP_A_2001,4,gnina,0.56581057,0.24149805,2.3429189,0,0.98694232,4.3966206
5353,117,10959,1565,5a86_D7E_A_1433,4,gnina,0.60122181,0.23408058,2.5684385,0,0.99174548,6.4000885
5354,117,15418,2202,6fw0_E92_A_602,4,gnina,0.4422508,0.23311675,1.8971206,0,0.99149301,3.9612437
5355,117,2979,425,1u2o_NEC_A_1001,4,gnina,0.59840824,0.22984065,2.6035779,0,0.87010244,3.7885364
5356,117,13962,1994,5ved_STU_A_601,4,gnina,0.59269794,0.22190035,2.6710086,0,0.85965169,4.0934048
5357,117,5485,783,2v60_C17_A_1503,4,gnina,0.60069752,0.21760651,2.7604749,0,0.99624544,5.3815696
5358,117,16846,2406,6qqs_JCZ_A_301,4,gnina,0.44355839,0.21627246,2.0509231,0,0.99681659,2.8413338
5359,117,480,68,1eow_U2G_A_130,4,gnina,0.50579176,0.21620091,2.3394516,0,0.57127266,3.1578841
5360,117,613,87,1g4s_TPS_A_2001,4,gnina,0.60086136,0.21477751,2.7975981,0,0.99070117,4.5405057
5361,117,4526,646,2gzm_DGL_B_502,4,gnina,0.50579176,0.21276326,2.3772504,0,0.99104021,4.4445594
5362,117,5492,784,2v60_C17_B_1498,4,gnina,0.60304957,0.21250614,2.8377974,0,0.99355552,4.4042875
5363,117,16363,2337,6nig_NAG_A_604,4,gnina,0.50579176,0.20881589,2.422189,0,1.3383661e-05,6.3544341
5364,117,10280,1468,4wdx_WDX_B_402,4,gnina,0.50579176,0.20854508,2.4253345,0,0.97232857,3.4888534
5365,117,1894,270,1mex_RAC_H_601,4,gnina,0.5877921,0.20758862,2.8315227,0,0.59110997,4.7480106
5366,117,16391,2341,6nig_NAG_D_602,4,gnina,0.505788,0.207552,2.4369209,0,1.6289119e-05,26.412912
5367,117,1565,223,1klz_U_A_2001,4,gnina,0.56298979,0.20706781,2.7188659,0,0.96808301,3.6072961
5368,117,9020,1288,4jzx_IPE_A_401,4,gnina,0.50579176,0.20599493,2.4553592,0,0.00027107356,3.5562462
5369,117,16384,2340,6nig_NAG_C_802,4,gnina,0.50228943,0.20425414,2.4591386,0,7.5100423e-07,8.5701382
5370,117,15460,2208,6gck_EUB_C_302,4,gnina,0.60154338,0.20384001,2.9510555,0,0.00070002957,3.7255522
5371,117,16377,2339,6nig_NAG_B_803,4,gnina,0.50579176,0.20382496,2.4814997,0,2.7718025e-08,6.1739542
5372,117,16370,2338,6nig_NAG_A_605,4,gnina,0.4949931,0.19947329,2.4814997,0,1.3892135e-08,8.5387275
5373,117,2909,415,1tsd_UMP_A_267,4,gnina,0.59016651,0.1972823,2.9914813,0,0.97223778,3.7072868
5374,117,10966,1566,5a86_D7E_B_1432,4,gnina,0.50579176,0.19692017,2.5685108,0,2.7101685e-06,5.4973562
5375,117,2013,287,1nf0_13P_B_1150,4,gnina,0.50579176,0.19508999,2.5926065,0,5.8260375e-08,2.0255284
5376,117,8614,1230,4i02_CMP_D_301,4,gnina,0.58902572,0.19316326,3.0493662,0,0.99357243,6.9819238
5377,117,15327,2189,6fld_DQ5_A_604,4,gnina,0.50579176,0.19298097,2.6209402,0,0,7.0687706
5378,117,8621,1231,4i02_CMP_D_302,4,gnina,0.57685851,0.19253491,2.9961233,0,0.99073737,10.520259
5379,117,4673,667,2ipf_FFA_B_4,4,gnina,0.60207219,0.19219044,3.1326845,0,0.87675954,2.455118
5380,117,5212,744,2qgw_EES_A_1,4,gnina,0.50579176,0.19031866,2.6576037,0,6.0958722e-07,3.2683801
5381,117,6811,973,3wca_FPS_B_401,0,surfdock,0.66485778,0.18975273,3.5038104,0,0,4.1531931
5382,117,6024,860,2z6j_TUI_B_502,4,gnina,0.55274316,0.18945134,2.9175987,0,1.5816314e-08,8.8037822
5383,117,13717,1959,5tvr_AKG_B_402,4,gnina,0.60436713,0.18917756,3.1947074,0,0.00055039333,2.343973
5384,117,14032,2004,5vv0_9OM_A_803,4,gnina,0.50579176,0.18857947,2.6821136,0,3.6093483e-13,5.1820098
5385,117,13076,1868,5lwy_OLB_A_406,0,surfdock,0.53062813,0.18846579,2.8155134,0,0,2.7366331
5386,117,13710,1958,5tvr_AKG_A_402,4,gnina,0.60169236,0.18839645,3.1937554,0,0.00053428109,3.027592
5387,117,4890,698,2o1o_RIS_B_400,4,gnina,0.57544842,0.18827235,3.0564671,0,0.89850276,3.5894562
5388,117,6825,975,3wca_FPS_C_402,0,surfdock,0.64743402,0.18767429,3.4497738,0,0,3.9739704
5389,117,5219,745,2qgw_EES_B_1,4,gnina,0.50579176,0.18739728,2.6990337,0,6.3747921e-07,2.9422494
5390,117,15523,2217,6gxk_FFW_B_402,4,gnina,0.60180958,0.18487925,3.2551484,0,0.00058527566,5.4079701
5391,117,4421,631,2fzb_TOL_A_700,4,gnina,0.55645506,0.18418147,3.0212317,0,2.1866441e-09,3.5983637
5392,117,10000,1428,4tq4_DMA_C_403,4,gnina,0.58866289,0.18354664,3.2071559,0,0.0060718716,4.8860553
5393,117,6818,974,3wca_FPS_C_401,0,surfdock,0.64150519,0.18308782,3.5038104,0,0.93488302,4.0652777
5394,118,16188,2312,6mry_FLC_I_102,4,gnina,0.5088637,0.27564139,1.8461068,0,0.47518284,2.2704
5395,118,11708,1672,5eso_ISC_B_602,4,gnina,0.5088637,0.26329637,1.9326642,0,0.96883954,8.1148637
5396,118,4176,596,2ef9_A5P_A_1269,4,gnina,0.5088637,0.25421938,2.0016706,0,0.14690924,2.6256854
5397,118,5345,763,2r4j_13P_A_1968,4,gnina,0.5088637,0.24786387,2.0529957,0,0.00018027954,2.69632
5398,118,5352,764,2r4j_13P_B_816,4,gnina,0.5088637,0.24786387,2.0529957,0,0.4924148,2.8604728
5399,118,7277,1039,4adm_SRT_C_1466,4,gnina,0.5088637,0.24087813,2.112535,0,0,5.001503
5400,118,2503,357,1qjc_PNS_B_1163,4,gnina,0.44020414,0.23844986,1.8461068,0,0.01416753,5.1179927
5401,118,5086,726,2qab_EI1_A_1,4,gnina,0.61119812,0.23645044,2.584888,0,0.97449855,5.4215955
5402,118,5093,727,2qab_EI1_B_1,4,gnina,0.61096635,0.23544378,2.5949554,0,0.23240095,4.9076606
5403,118,16076,2296,6lx5_C5F_A_503,4,gnina,0.50886364,0.22384797,2.2732546,0,0.16064342,3.2154492
5404,118,8670,1238,4i4v_NGA_B_201,4,gnina,0.5088637,0.21805649,2.3336315,0,0.86158138,2.1885873
5405,118,10112,1444,4ug6_H4B_A_902,4,gnina,0.4505409,0.21594425,2.086375,0,1.4144579e-07,2.1095587
5406,118,8684,1240,4i4v_NGA_D_202,4,gnina,0.5088637,0.21592171,2.3567038,0,0.81738689,2.3198687
5407,118,4344,620,2fkm_G16_X_464,4,gnina,0.45912905,0.215085,2.134639,0,7.0294861e-06,3.399908
5408,118,9664,1380,4p8c_2J3_A_504,4,gnina,0.5004328,0.21081781,2.3737681,0,0.011979095,3.0786021
5409,118,10609,1515,4z69_DIF_A_1007,4,gnina,0.61035932,0.2080609,2.9335599,0,0,4.9592257
5410,118,14004,2000,5vrj_R07_A_204,4,gnina,0.55669812,0.20763817,2.6810963,0,0.76275858,6.0344
5411,118,7602,1086,4can_M7K_B_800,0,surfdock,0.53776205,0.20762219,2.5900981,0,0,3.069955
5412,118,7382,1054,4b1f_DGL_B_1256,4,gnina,0.50857936,0.20732937,2.453001,0,0.98135004,2.1227191
5413,118,2923,417,1tt6_DES_B_128,4,gnina,0.47138218,0.20615063,2.2865901,0,0.10288742,2.5941737
5414,118,10616,1516,4z69_DIF_I_1006,4,gnina,0.6043915,0.20602658,2.9335599,0,6.2971082e-05,3.9592091
5415,118,17224,2460,6t5p_VD8_D_302,4,gnina,0.61085726,0.20598698,2.965513,0,0.99169574,3.4117349
5416,118,17203,2457,6t5p_VD8_A_302,4,gnina,0.60907172,0.20588317,2.9583356,0,0.98868421,3.611427
5417,118,7595,1085,4can_M7K_A_800,0,surfdock,0.53776205,0.20451581,2.6294391,0,0,3.1265138
5418,118,3924,560,2bxh_IOS_A_1001,4,gnina,0.61137674,0.20132704,3.0367334,0,0.96910126,3.5766462
5419,118,3679,525,1zpd_CIT_F_610,4,gnina,0.57088314,0.20077176,2.8434424,0,0.93513786,6.5132296
5420,118,13143,1877,5mdh_MAK_B_335,4,gnina,0.45011837,0.20048144,2.2451863,0,2.3498881e-07,2.4677277
5421,118,3791,541,2b04_CHO_A_200,4,gnina,0.5088637,0.19976601,2.5472977,0,1.1109683e-13,5.7355556
5422,118,15810,2258,6jws_PT1_B_801,4,gnina,0.6113706,0.1987446,3.0761611,0,0.9945555,5.7176016
5423,118,15803,2257,6jws_PT1_A_801,4,gnina,0.61055599,0.19736228,3.0935791,0,0.98923041,9.0083319
5424,118,11218,1602,5c8w_PCG_C_302,4,gnina,0.60704217,0.19581661,3.1000535,0,0.99725159,3.3852188
5425,118,2363,337,1pr6_XYA_A_1245,4,gnina,0.60796307,0.19451202,3.1255801,0,0.53011637,3.0768915
5426,118,15677,2239,6i4b_E2N_A_603,4,gnina,0.60897068,0.19337592,3.1491537,0,0.054876931,4.5321869
5427,118,11204,1600,5c8w_PCG_A_302,4,gnina,0.60938417,0.1918617,3.1761627,0,0.99748107,3.5445683
5428,118,2370,338,1pr6_XYA_B_1246,4,gnina,0.60724157,0.19054268,3.1869049,0,0.099527104,2.7675497
5429,118,4120,588,2e40_LGC_B_2001,4,gnina,0.44101709,0.18980973,2.3234684,0,0.037437316,2.270075
5430,118,17329,2475,6tor_PMP_B_504,4,gnina,0.5088637,0.18965394,2.683116,0,0.19892391,5.0009781
5431,118,16139,2305,6m9b_BTN_D_201,4,gnina,0.61008364,0.1890166,3.2276714,0,0.99107935,3.3436855
5432,118,16125,2303,6m9b_BTN_A_201,4,gnina,0.60945401,0.18882152,3.2276714,0,0.99416538,3.4638671
5433,118,1502,214,1kbq_936_A_703,4,gnina,0.61016896,0.18881544,3.2315619,0,6.7692787e-07,6.7067234
5434,118,17028,2432,6s4h_KUQ_A_901,4,gnina,0.60960559,0.18769315,3.2478831,0,0.55387147,4.6733957
5435,118,2377,339,1pr6_XYA_C_1247,4,gnina,0.59299447,0.18759612,3.1610157,0,0.048018603,2.9323943
5436,118,1495,213,1kar_HSM_A_502,4,gnina,0.44101145,0.18754618,2.351481,0,0.30388834,2.1414879
5437,118,16769,2395,6qde_HWW_A_503,4,gnina,0.5088637,0.1871217,2.7194254,0,0,5.9598357
5438,118,7774,1110,4clr_FDB_C_1270,4,gnina,0.49045487,0.18711881,2.6210871,0,0.94024436,2.3911399
5439,118,13136,1876,5m8d_UGI_B_501,4,gnina,0.60459702,0.18643141,3.2429988,0,0.99549744,11.320527
5440,118,12086,1726,5g4r_LF1_C_1739,4,gnina,0.60745366,0.18609295,3.2642477,0,0.99647359,4.8568879
5441,118,14305,2043,5xmq_PLG_A_501,4,gnina,0.5088637,0.1858012,2.7387526,0,0,5.8792859
5442,118,11232,1604,5c8w_PCG_E_302,4,gnina,0.57422016,0.18522905,3.1000535,0,0.99672699,3.7486739
5443,118,16258,2322,6nba_P1T_C_501,4,gnina,0.60613573,0.18504346,3.2756388,0,0.98811926,6.854348
5444,119,17721,2531,7bqu_EF2_A_501,4,gnina,0.53025245,0.28669185,1.8495544,0,0.99712986,2.6760591
5445,119,7228,1032,4a7x_UDP_B_1241,4,gnina,0.64174614,0.27037088,2.3735762,0,0.99593217,6.4434774
5446,119,14396,2056,5yaq_ISE_C_402,4,gnina,0.53932684,0.25380662,2.1249509,0,0.81138986,3.511549
5447,119,102,14,1amq_PMP_A_413,4,gnina,0.51210574,0.24591779,2.0824256,0,0.4671525,2.5934
5448,119,3283,469,1x7j_GEN_B_202,0,surfdock,0.68811756,0.23475628,2.9311988,0,0,3.7543114
5449,119,16965,2423,6rhk_K4B_A_302,4,gnina,0.51210574,0.22929001,2.2334402,0,0.6516732,3.6085345
5450,119,6458,922,3t3q_9PL_C_501,4,gnina,0.61434726,0.228038,2.6940556,0,0.0004643414,5.1064624
5451,119,17210,2458,6t5p_VD8_B_302,4,gnina,0.51210574,0.2275475,2.2505434,0,0.83411429,3.6964958
5452,119,60,8,1aia_PMP_A_411,4,gnina,0.44249121,0.2271042,1.9484051,0,0.95144949,3.2216116
5453,119,17217,2459,6t5p_VD8_C_302,4,gnina,0.51210574,0.22703069,2.2556665,0,0.99362511,3.6204005
5454,119,389,55,1e26_GPB_A_208,4,gnina,0.45693776,0.22427336,2.0374134,0,0.90321794,8.0515796
5455,119,5814,830,2xul_AKG_D_201,4,gnina,0.44249073,0.21908355,2.0197341,0,3.360094e-09,2.5705962
5456,119,14403,2057,5yaq_ISE_D_402,4,gnina,0.44249029,0.21110064,2.0961096,0,0.96639665,3.7346925
5457,119,5800,828,2xul_AKG_A_201,4,gnina,0.44249029,0.21068527,2.1002421,0,6.1139197e-08,2.1227151
5458,119,1327,189,1j3k_UMP_C_611,4,gnina,0.61300071,0.20979994,2.9218335,0,0.99479399,6.7147284
5459,119,6514,930,3ucc_2PG_B_601,4,gnina,0.51210574,0.20979264,2.4410081,0,0,2.3806948
5460,119,9650,1378,4p7q_NAG_A_704,4,gnina,0.44249029,0.20898738,2.1173053,0,1.6376658e-05,2.2576863
5461,119,4855,693,2nu7_COA_B_1325,4,gnina,0.51210574,0.20826783,2.4588797,0,2.279036e-08,6.5098415
5462,119,886,126,1h48_C5P_F_901,4,gnina,0.61801557,0.20526902,3.0107582,0,0.97576667,4.0291775
5463,119,879,125,1h48_C5P_E_901,4,gnina,0.61435737,0.20424112,3.0079994,0,0.95012735,4.4517401
5464,119,9398,1342,4mop_2H5_A_802,4,gnina,0.51074161,0.20298365,2.5161703,0,2.4594775e-06,7.3053959
5465,119,9643,1377,4p7q_NAG_A_703,4,gnina,0.4414358,0.20275729,2.1771626,0,0.0017362879,2.6947899
5466,119,10462,1494,4xti_IMP_A_601,4,gnina,0.60347109,0.2026986,2.9771833,0,0.93205912,4.5787503
5467,119,13129,1875,5m66_ADN_D_502,4,gnina,0.61229997,0.20264408,3.0215528,0,0.061282038,7.084786
5468,119,13122,1874,5m66_ADN_C_502,4,gnina,0.61507637,0.1993474,3.0854487,0,0.94776885,7.981757
5469,119,1295,185,1j3i_UMP_C_611,0,surfdock,0.53782752,0.19807677,2.7152469,0,0.95413995,3.4782145
5470,119,10084,1440,4uc9_ASP_D_1300,4,gnina,0.51210574,0.19693386,2.6003935,0,3.2324417e-09,5.290726
5471,119,13115,1873,5m66_ADN_B_502,4,gnina,0.61612516,0.19584844,3.1459274,0,0.99594017,10.391794
5472,119,6444,920,3t3q_9PL_A_501,4,gnina,0.51972138,0.19410939,2.6774654,0,0.037860187,5.3979653
5473,119,10077,1439,4uc9_ASP_B_1300,4,gnina,0.51210574,0.19286739,2.655221,0,2.8807033e-09,5.1517273
5474,119,6451,921,3t3q_9PL_B_501,4,gnina,0.51209198,0.19125991,2.6774654,0,0.13052166,5.1791387
5475,119,2139,305,1o28_UFP_D_718,4,gnina,0.51209399,0.19107325,2.6800916,0,0.97546343,4.1035026
5476,119,2146,306,1o29_UFP_A_803,4,gnina,0.51209089,0.19107209,2.6800916,0,7.9691224e-06,4.5643243
5477,119,2132,304,1o28_UFP_C_713,4,gnina,0.51210574,0.19094339,2.6819758,0,0.9507085,4.5425378
5478,119,2167,309,1o29_UFP_D_818,4,gnina,0.51210574,0.19094339,2.6819758,0,0.00030105738,4.057763
5479,119,2118,302,1o28_UFP_A_703,4,gnina,0.51210574,0.19054125,2.6876361,0,0.00034104143,6.1738447
5480,119,2125,303,1o28_UFP_B_708,4,gnina,0.51210574,0.19054125,2.6876361,0,1.0721248e-05,4.9811356
5481,119,2153,307,1o29_UFP_B_808,4,gnina,0.51210574,0.19047576,2.6885602,0,0.00043521144,4.1637584
5482,119,2160,308,1o29_UFP_C_813,4,gnina,0.51208173,0.19046683,2.6885602,0,0.97169727,4.4268935
5483,119,711,101,1gim_IMP_A_440,4,gnina,0.44249029,0.19040124,2.3239875,0,0.00023428362,3.9151268
5484,119,8887,1269,4itu_1HS_D_302,4,gnina,0.60142775,0.19005323,3.1645217,0,0.935659,2.9405659
5485,119,7557,1079,4bz6_SHH_B_700,4,gnina,0.65490955,0.18952874,3.455462,0,8.8375209e-09,6.2978183
5486,119,6787,969,3w7f_FPS_B_301,4,gnina,0.51210574,0.18951921,2.7021301,0,5.4395098e-05,5.8360184
5487,119,74,10,1aiq_UMP_A_265,4,gnina,0.61895084,0.18940644,3.2678437,0,0.90941846,3.4344387
5488,119,9412,1344,4mpr_TPP_A_602,4,gnina,0.60385524,0.18919622,3.1916866,0,0.066398459,8.4519269
5489,119,12492,1784,5ihe_D5M_A_701,4,gnina,0.51210574,0.18776971,2.7273066,0,2.2519875e-05,4.4518273
5490,119,8460,1208,4gt9_UMP_A_302,4,gnina,0.45055675,0.18747807,2.4032495,0,0,3.0829383
5491,119,15467,2209,6gck_EUB_D_302,4,gnina,0.6169965,0.18704259,3.2986944,0,0.00020704967,4.0539302
5492,119,3550,507,1zei_CRS_B_56,1,unimol,0.91020926,0.18654178,4.8793845,0,0.98598671,17.97
5493,119,6780,968,3w7f_FPS_A_301,4,gnina,0.51210574,0.18632933,2.7483895,0,1.0788732e-06,5.7709886
5494,120,12212,1744,5h24_LQG_A_501,4,gnina,0.62239741,0.23465006,2.6524484,0,3.2715486e-06,3.2653601
5495,120,8047,1149,4dd8_BAT_B_1000,4,gnina,0.59821875,0.22263035,2.6870484,0,3.0038879e-07,10.171913
5496,120,10707,1529,4zhd_4OZ_A_202,4,gnina,0.51284483,0.21872284,2.3447237,0,1.0505516e-06,4.4505676
5497,120,10714,1530,4zhd_4OZ_B_202,4,gnina,0.51060833,0.21502711,2.3746221,0,0.017091423,4.5692445
5498,120,5135,733,2qca_DGP_A_300,4,gnina,0.61341814,0.20498142,2.9925539,0,0.22357045,3.9196784
5499,120,14340,2048,5xvv_AKG_A_508,4,gnina,0.51284483,0.2026013,2.5312998,0,0.00089210218,8.9707861
5500,120,13881,1983,5unx_8F1_A_803,0,surfdock,0.53748826,0.19980011,2.690129,0,0.97968162,3.8866005
5501,120,11092,1584,5av2_KMP_A_300,4,gnina,0.5795212,0.19829556,2.9225113,0,6.8713438e-07,2.7777762
5502,120,14347,2049,5xvv_AKG_B_506,4,gnina,0.51284483,0.19828923,2.5863464,0,0.078857365,11.288606
5503,120,4512,644,2gyw_OBI_A_952,4,gnina,0.62031359,0.19402418,3.1970932,0,0.73773655,5.2067963
5504,120,5954,850,2z20_PLP_B_801,4,gnina,0.51284483,0.19162344,2.6763148,0,0.93804712,2.8053024
5505,120,13692,1956,5tm5_7EV_A_601,0,surfdock,0.53748826,0.19080741,2.8169141,0,0,4.2991157
5506,120,2867,409,1tl2_NDG_A_238,4,gnina,0.51280868,0.19066203,2.6896205,0,0.98335812,2.4517397
5507,120,13220,1888,5nh9_XLS_A_503,4,gnina,0.53302632,0.18993065,2.8064251,0,0.17136124,5.9546729
5508,120,10805,1543,4zu3_4SD_C_301,4,gnina,0.50902234,0.18969756,2.6833353,0,0.93362789,3.3884787
5509,120,1345,192,1j54_TMP_A_2000,1,unimol,0.89506991,0.18924335,4.7297287,0,0,17.48
5510,120,4386,626,2fu9_MP2_B_2410,4,gnina,0.59895899,0.18924044,3.1650677,0,0.51457615,4.3788307
5511,120,10812,1544,4zu3_4SD_D_301,4,gnina,0.49896278,0.18923542,2.6367295,0,0.89565204,3.15768
5512,120,13699,1957,5tm5_7EV_B_601,0,surfdock,0.53748826,0.18913818,2.8417747,0,0,4.2876879
5513,120,3119,445,1vkf_CIT_C_502,4,gnina,0.59475393,0.18894736,3.147722,0,0.00014464409,2.8184176
5514,120,13895,1985,5uo3_8EY_A_803,0,surfdock,0.53748826,0.18831405,2.8542113,0,0.99177634,3.6236615
5515,120,10721,1531,4zhd_4OZ_C_202,4,gnina,0.5109019,0.18828785,2.7134078,0,5.2323397e-07,4.3123367
5516,120,13577,1939,5tch_MLI_G_301,4,gnina,0.63176081,0.18790749,3.3620832,0,0.18721962,7.5308486
5517,120,14774,2110,6a7e_9QR_A_201,4,gnina,0.51284483,0.18653049,2.7493877,0,0.59023253,7.4332457
5518,120,13535,1933,5tch_MLI_A_301,4,gnina,0.62409099,0.18615236,3.3525808,0,0.88528734,7.5036774
5519,120,8040,1148,4dd8_BAT_A_1000,4,gnina,0.51284483,0.18552313,2.7643166,0,0.80441982,9.8537383
5520,120,13563,1937,5tch_MLI_E_301,4,gnina,0.62518377,0.18512322,3.3771214,0,0.22376891,7.3338954
5521,120,13867,1981,5unt_8J1_A_803,0,surfdock,0.53748826,0.18481577,2.9082372,0,0.99376867,3.4614495
5522,121,1992,284,1ne4_RP1_A_401,4,gnina,0.61127616,0.32962558,1.8544551,0,0.99409321,3.4710146
5523,121,697,99,1gey_PPE_A_413,4,gnina,0.59822426,0.32258746,1.8544551,0,0.36071842,6.6106097
5524,121,1995,285,1ne4_RP1_A_601,0,surfdock,0.53368122,0.28778316,1.8544551,0,0,3.7086809
5525,121,5919,845,2yjd_YJD_A_1498,4,gnina,0.62187662,0.2543495,2.444968,0,0.001734402,5.9974226
5526,121,2692,384,1sff_IK2_D_450,4,gnina,0.61848567,0.2475002,2.498929,0,0.98031553,8.5710482
5527,121,13465,1923,5r9u_JMM_A_401,4,gnina,0.61996727,0.23807832,2.6040466,0,0.94836922,2.1525923
5528,121,9496,1356,4nir_6DH_A_308,4,gnina,0.44115092,0.23788696,1.8544551,0,0.0076040251,2.8569076
5529,121,9503,1357,4nir_6DH_B_306,4,gnina,0.44115088,0.23788694,1.8544551,0,0.004971992,2.4373744
5530,121,1999,285,1ne4_RP1_A_601,4,gnina,0.43924394,0.23685864,1.8544551,0,0.91988095,3.8220049
5531,121,3126,446,1vkf_CIT_D_503,4,gnina,0.57951713,0.22677777,2.5554397,0,7.6385723e-06,2.6443028
5532,121,1575,225,1knu_YPA_A_1001,0,surfdock,0.53740997,0.22001153,2.4426436,0,0.98339956,4.53872
5533,121,5926,846,2yjd_YJD_B_1498,4,gnina,0.51163824,0.20926165,2.444968,0,0.0016560646,5.0063115
5534,121,11449,1635,5did_5CK_A_601,4,gnina,0.62233912,0.20741347,3.0004749,0,0.64527221,3.8857918
5535,121,2685,383,1sff_IK2_B_450,4,gnina,0.51163824,0.20478839,2.4983742,0,0.96711162,7.9478815
5536,121,2678,382,1sff_IK2_A_450,4,gnina,0.51163824,0.20442468,2.5028193,0,0.9751447,6.421024
5537,121,16594,2370,6paf_O6A_A_509,4,gnina,0.61746722,0.20228355,3.0524826,0,0.36933115,5.2656393
5538,121,781,111,1h0v_UN4_A_1299,4,gnina,0.51163824,0.20173062,2.5362439,0,0.97385433,2.4287675
5539,121,6465,923,3te7_TE7_B_1,4,gnina,0.51163824,0.19779047,2.5867679,0,0.00018748548,3.7570595
5540,121,9335,1333,4mig_G3F_B_802,4,gnina,0.66829257,0.19118226,3.4955773,0,0.47691941,7.5263404
5541,121,13689,1955,5tlg_7EG_A_601,4,gnina,0.6179564,0.1889899,3.2697845,0,0.98530216,5.5275683
5542,121,9349,1335,4mig_G3F_D_802,4,gnina,0.66456045,0.18816996,3.5317023,0,0.52596377,8.2696657
5543,121,11456,1636,5die_5CJ_A_601,4,gnina,0.62167923,0.18769,3.3122652,0,0.16329875,3.9511209
5544,121,10987,1569,5abz_Z47_A_201,4,gnina,0.57452993,0.18752822,3.0636976,0,0.91839536,6.7352339
5545,121,16531,2361,6ofr_BOG_A_807,4,gnina,0.53323494,0.18656514,2.8581693,0,2.4961561e-07,4.6866315
5546,121,9342,1334,4mig_G3F_C_802,4,gnina,0.65619003,0.18444296,3.5576844,0,0.0082861636,7.5365245
5547,121,14728,2104,6a2n_UMP_A_703,0,surfdock,0.53740997,0.18370329,2.9254229,0,0.98025962,3.5319359
5548,121,16517,2359,6ofr_BOG_A_805,4,gnina,0.51163824,0.1824257,2.8046381,0,2.2532843e-10,4.7311932
5549,121,5548,792,2vmp_PLP_A_501,4,gnina,0.62085816,0.18168022,3.4173119,0,1.1721139e-05,4.9923714
5550,121,12114,1730,5g6k_M94_A_904,4,gnina,0.51163824,0.18166116,2.8164418,0,9.852619e-06,4.0784482
5551,121,12520,1788,5ijz_AKG_D_502,4,gnina,0.62098734,0.18050968,3.4401877,0,0.55462288,29.454953
5552,121,5534,790,2vlf_PLI_A_1457,4,gnina,0.54703961,0.18011842,3.0371099,0,0.84343943,4.6083584
5553,121,1544,220,1ki2_GA2_A_1,4,gnina,0.60336895,0.17995138,3.3529544,0,0,3.597544
5554,121,11029,1575,5aew_BNL_I_462,4,gnina,0.62384652,0.17942608,3.4768989,0,0.99104103,202.31083
5555,121,17511,2501,6wiw_I14_A_601,4,gnina,0.61204144,0.17940765,3.4114559,0,0.12974085,5.1618245
5556,121,17518,2502,6wiw_I14_B_601,4,gnina,0.60321626,0.17919503,3.3662546,0,3.7073442e-06,5.2555571
5557,121,1509,215,1kbq_936_C_701,4,gnina,0.62100919,0.17790867,3.4906056,0,8.1288974e-08,5.532584
5558,121,16503,2357,6ofr_BOG_A_801,4,gnina,0.51163824,0.17761661,2.8805757,0,0.023062997,4.4711265
5559,121,16650,2378,6pna_M16_B_803,4,gnina,0.54563207,0.17748932,3.0741675,0,8.6516959e-07,3.5184237
5560,121,6864,980,3wjz_NUP_A_301,4,gnina,0.51163824,0.17687068,2.892724,0,0.22804329,3.6109306
5561,121,1516,216,1kbq_936_D_702,4,gnina,0.61773117,0.17686033,3.4927619,0,1.055005e-05,5.4072609
5562,121,16622,2374,6pmv_M16_A_803,4,gnina,0.51163824,0.17594982,2.9078636,0,4.6073657e-06,3.4957
5563,121,16461,2351,6o1s_7SD_E_803,4,gnina,0.59408491,0.17585382,3.3782873,0,0.31377997,7.8122605
5564,121,14714,2102,6a2m_UMP_B_703,0,surfdock,0.53740997,0.17501604,3.0706317,0,0.97735796,3.4903549
5565,121,12527,1789,5ijz_AKG_E_502,4,gnina,0.61507293,0.1735706,3.5436461,0,0,41.880045
5566,121,10343,1477,4wxb_CIT_A_501,4,gnina,0.53687025,0.17321381,3.0994647,0,0.76652937,4.4983541
5567,121,7868,1124,4cx6_Q16_A_800,0,surfdock,0.53740997,0.17317638,3.1032512,0,0,3.6778309
5568,121,12387,1769,5i0m_UMP_B_201,4,gnina,0.51033032,0.17306311,2.9488096,0,0.53329478,3.371054
5569,121,7767,1109,4clr_FDB_B_1270,4,gnina,0.49397193,0.1724429,2.8645527,0,0.98686323,2.4612267
5570,121,7760,1108,4clr_FDB_A_1270,4,gnina,0.49363983,0.17232696,2.8645527,0,0.96986567,3.6196229
5571,121,7788,1112,4cme_KTZ_B_1270,4,gnina,0.62006919,0.17208347,3.6033039,0,0.98978889,4.6275806
5572,122,14473,2067,5ybq_8T0_A_303,4,gnina,0.60267323,0.28467792,2.1170344,0,0.98904324,5.3887753
5573,122,4722,674,2j51_DKI_A_1314,4,gnina,0.51155165,0.27532148,1.8580148,0,0.66240364,5.1917702
5574,122,833,119,1h1i_QUE_D_1357,0,surfdock,0.52833856,0.23776589,2.2220948,0,0.99102434,3.9360502
5575,122,826,118,1h1i_QUE_B_1356,0,surfdock,0.52575978,0.23285029,2.2579296,0,0.99406393,3.8209774
5576,122,819,117,1h1i_QUE_A_1358,0,surfdock,0.68764106,0.22686226,3.0310941,0,0.99344516,3.9081627
5577,122,11778,1682,5f79_4V7_A_4000,4,gnina,0.60737668,0.22120064,2.7458169,0,0.00021057915,6.5118084
5578,122,6353,907,3roe_THM_D_265,4,gnina,0.51155165,0.22078093,2.3170092,0,0.98352505,9.8918127
5579,122,6360,908,3roe_THM_E_265,4,gnina,0.51155165,0.2176061,2.3508139,0,0.98448371,5.9358345
5580,122,14480,2068,5ybq_8T0_B_303,4,gnina,0.51155165,0.20443017,2.5023286,0,0.38189765,5.0117092
5581,122,15971,2281,6kxh_DY9_D_402,4,gnina,0.62312851,0.20329475,3.0651472,0,0,3.7902399
5582,122,15064,2152,6dl7_ONC_B_301,0,surfdock,0.53775954,0.19802704,2.7155855,0,0,4.4665608
5583,122,15092,2156,6dl7_ONC_G_301,0,surfdock,0.53775954,0.19578588,2.7466707,0,2.3043627e-07,4.5083476
5584,122,16657,2379,6png_OSG_A_802,4,gnina,0.62038891,0.19543414,3.1744132,0,8.5792804e-06,5.0574121
5585,122,7907,1129,4d06_NAR_E_301,4,gnina,0.62231051,0.19542234,3.184438,0,0.98659306,5.868262
5586,122,4330,618,2fhn_BNI_Y_502,4,gnina,0.59313201,0.19514809,3.0393934,0,0.99269362,5.0783954
5587,122,7438,1062,4b98_PXG_D_470,4,gnina,0.62180963,0.19438498,3.1988554,0,0.99261867,8.4283664
5588,122,6031,861,2z7s_P01_A_1,4,gnina,0.50665519,0.19412845,2.6098957,0,0.10142447,5.79237
5589,122,14039,2005,5vv5_9OJ_A_803,4,gnina,0.50355316,0.1935372,2.6018407,0,2.1060541e-08,5.414675
5590,122,13087,1869,5lwy_OLB_A_409,4,gnina,0.57963774,0.19233425,3.0136991,0,0,9.4281311
5591,122,15085,2155,6dl7_ONC_F_301,0,surfdock,0.53775954,0.19176604,2.8042471,0,0.93854984,4.5417522
5592,122,13066,1866,5lwy_OLB_A_403,4,gnina,0.44180854,0.19175127,2.30407,0,0,9.6932305
5593,122,15071,2153,6dl7_ONC_D_301,0,surfdock,0.53775954,0.19139895,2.8096254,0,0,4.389173
5594,122,7802,1114,4cme_KTZ_D_1270,4,gnina,0.60484065,0.19079162,3.1701627,0,0.95681769,4.4286532
5595,122,6346,906,3roe_THM_C_265,4,gnina,0.45504651,0.19045526,2.3892558,0,0.98966867,6.0684947
5596,122,14802,2114,6auq_BYJ_B_803,4,gnina,0.61928325,0.19000426,3.2593114,0,7.2020778e-06,4.2461472
5597,122,13059,1865,5lwy_OLB_A_402,4,gnina,0.51908223,0.18936678,2.7411463,0,0.0050600677,11.234698
5598,122,15078,2154,6dl7_ONC_E_301,0,surfdock,0.53775954,0.18934711,2.8400717,0,0.86878442,4.4735199
5599,122,6339,905,3roe_THM_A_265,4,gnina,0.44180854,0.18759938,2.355063,0,0.10150533,6.1004609
5600,122,4134,590,2e56_MYR_A_601,4,gnina,0.57604794,0.18748921,3.0724316,0,8.3647027e-10,4.6346502
5601,122,15838,2262,6jyg_FLC_C_401,4,gnina,0.62049457,0.18238214,3.4021664,0,0.026896269,5.3898483
5602,122,13080,1868,5lwy_OLB_A_406,4,gnina,0.44180854,0.18165905,2.4320745,0,7.6217506e-08,10.818552
5603,122,15831,2261,6jyg_FLC_B_401,4,gnina,0.60308459,0.18109409,3.3302269,0,0.61190516,5.4049761
5604,122,2699,385,1sjc_SMG_A_1000,4,gnina,0.63651587,0.17966581,3.5427759,0,0.22523458,5.0078313
5605,122,13871,1981,5unt_8J1_A_803,4,gnina,0.62212193,0.17927318,3.4702444,0,4.4516273e-06,5.2993163
5606,122,9986,1426,4tq4_DMA_A_403,4,gnina,0.60569675,0.1792253,3.3795261,0,0.00037300084,3.449683
5607,122,7900,1128,4d06_NAR_D_302,4,gnina,0.51155152,0.17868455,2.862874,0,5.4518072e-07,5.2473687
5608,122,13073,1867,5lwy_OLB_A_404,4,gnina,0.44180854,0.17760729,2.4875576,0,2.1533707e-15,10.346976
5609,122,921,131,1h48_GPP_C_904,4,gnina,0.61016925,0.17759083,3.4358141,0,0.08741935,4.1632337
5610,122,5660,808,2whq_HI6_A_1543,4,gnina,0.44178394,0.17735609,2.4909422,0,0.00020978055,3.0329267
5611,122,13899,1985,5uo3_8EY_A_803,4,gnina,0.62124912,0.17700767,3.5097289,0,5.8257169e-06,4.9549634
5612,122,8509,1215,4h9x_HL4_B_404,4,gnina,0.44294587,0.17466489,2.5359745,0,0.61854745,2.6419038
5613,122,5667,809,2whq_HI6_B_1545,4,gnina,0.44179516,0.17445744,2.5323942,0,0.001819943,4.2822221
5614,122,4995,713,2prg_BRL_A_1,4,gnina,0.62827188,0.17440255,3.6024227,0,0.033131172,5.4600369
5615,122,837,119,1h1i_QUE_D_1357,4,gnina,0.44319358,0.17153946,2.5836236,0,0,4.621351
5616,122,11750,1678,5ezp_IPJ_C_201,4,gnina,0.47067839,0.1711405,2.7502446,0,0.00029999675,2.8189389
5617,122,15957,2279,6kxh_DY9_B_402,4,gnina,0.5071777,0.17065596,2.9719298,0,0.99782159,3.7200828
5618,122,13402,1914,5oew_9TE_C_301,4,gnina,0.51568899,0.16955675,3.0413938,0,3.1051339e-09,4.1144386
5619,122,14018,2002,5vuu_9OJ_A_805,4,gnina,0.51153476,0.1681706,3.04176,0,0,5.3134771
5620,122,14795,2113,6auq_BYJ_A_803,4,gnina,0.54179183,0.16776209,3.2295239,0,9.6432322e-05,4.904144
5621,122,4414,630,2fzb_TOL_A_600,4,gnina,0.5781453,0.16758751,3.4498105,0,0.97854583,4.5774372
5622,123,1680,240,1lc8_33P_A_800,0,surfdock,0.53797298,0.28920611,1.8601706,0,0,4.0614858
5623,123,14238,2034,5x6r_7ZR_A_402,0,surfdock,0.53797298,0.28920611,1.8601706,0,0.87822792,4.5189668
5624,123,15222,2174,6f6a_CU5_A_301,4,gnina,0.50717862,0.27265153,1.8601706,0,5.0960845e-06,4.0754591
5625,123,17742,2534,7c7g_FJR_A_402,4,gnina,0.62034425,0.25019245,2.4794674,0,0.0017118082,3.088658
5626,123,942,134,1h5r_G1P_B_1294,4,gnina,0.61684783,0.23625879,2.610898,0,0.97336326,3.8675018
5627,123,15656,2236,6hsg_GM5_B_504,4,gnina,0.6227318,0.23332011,2.6690009,0,0.38165738,6.6613511
5628,123,16279,2325,6ncx_ADA_B_601,4,gnina,0.50926164,0.23298328,2.1858282,0,0.00091774808,6.4617554
5629,123,16293,2327,6ncx_ADA_D_601,4,gnina,0.50926164,0.23298328,2.1858282,0,0.00105751,7.4967684
5630,123,13304,1900,5o3f_9HT_A_501,4,gnina,0.50926164,0.23208494,2.194289,0,0.79377123,9.2734987
5631,123,16272,2324,6ncx_ADA_A_601,4,gnina,0.50926164,0.23108322,2.2038009,0,0.00069010586,6.3786462
5632,123,16286,2326,6ncx_ADA_C_601,4,gnina,0.50926164,0.23108322,2.2038009,0,0.00094015983,7.0166567
5633,123,10518,1502,4y14_C0A_A_407,4,gnina,0.61028199,0.23053061,2.6472917,0,0.9954446,5.5430532
5634,123,935,133,1h5r_G1P_A_1294,4,gnina,0.55533748,0.21254129,2.6128442,0,0.3542036,3.6449329
5635,123,4883,697,2o1o_RIS_A_400,4,gnina,0.50926164,0.20851423,2.4423342,0,0.16671777,3.4871184
5636,123,14242,2034,5x6r_7ZR_A_402,4,gnina,0.44041404,0.20577206,2.1402996,0,3.095097e-09,6.2468358
5637,123,12275,1753,5ha7_WY1_A_402,4,gnina,0.44365948,0.20559756,2.1579015,0,0.00050580634,4.9550675
5638,123,5852,836,2xyj_WLM_A_1442,0,surfdock,0.53698054,0.20509376,2.6182189,0,0,4.4595814
5639,123,13311,1901,5o3g_9J8_A_501,4,gnina,0.50926164,0.20343434,2.5033209,0,0.87278345,6.7122019
5640,123,15649,2235,6hsg_GM5_A_504,4,gnina,0.50926164,0.20014495,2.5444632,0,3.8754286e-06,6.7247013
5641,123,13927,1989,5urz_BOG_B_201,4,gnina,0.49044659,0.19993864,2.4529846,0,0.14810985,4.7393899
5642,123,1033,147,1h7q_TYD_A_1258,4,gnina,0.43754601,0.19588569,2.2336793,0,0.00012674876,6.5943719
5643,123,1103,157,1hot_16G_A_269,4,gnina,0.50921957,0.1958494,2.6000559,0,2.5018792e-08,3.1511857
5644,123,7550,1078,4bz6_SHH_A_700,4,gnina,0.65104955,0.19520443,3.3352182,0,1.3235952e-05,6.3955821
5645,123,949,135,1h5r_G1P_C_1294,4,gnina,0.50926164,0.19505222,2.610898,0,1.6174966e-05,3.2891252
5646,123,956,136,1h5r_G1P_D_1294,4,gnina,0.50926164,0.19371509,2.6289198,0,0,3.3175506
5647,123,15670,2238,6hsg_GM5_D_504,4,gnina,0.50926164,0.19104476,2.6656656,0,0.61323574,6.6920624
5648,123,5100,728,2qb3_PMP_A_700,4,gnina,0.50926164,0.1909135,2.6674984,0,0.24972116,4.1193097
5649,123,7564,1080,4bz6_SHH_C_700,4,gnina,0.6454635,0.19076604,3.3835337,0,0.063757479,6.468829
5650,123,1579,225,1knu_YPA_A_1001,4,gnina,0.61708086,0.19058179,3.2378786,0,2.0392343e-09,7.7216038
5651,123,4911,701,2o7b_HC4_G_701,4,gnina,0.68003375,0.1901228,3.5768123,0,0.99728374,17.271832
5652,123,4897,699,2o7b_HC4_C_701,4,gnina,0.67952583,0.1899808,3.5768123,0,0.97979032,16.394807
5653,123,13318,1902,5o3g_9J8_B_501,4,gnina,0.4842466,0.18964597,2.5534232,0,0.91711929,6.5023562
5654,123,1110,158,1hot_16G_B_271,4,gnina,0.47423823,0.18917565,2.5068662,0,4.3482707e-07,2.8319864
5655,123,3077,439,1v5g_HTL_A_1602,4,gnina,0.48667688,0.18872117,2.5788136,0,0.088541991,9.1215005
5656,123,14855,2122,6b6r_BEN_A_302,1,unimol,0.90366602,0.18613619,4.8548636,0,0.99287871,18.85
5657,123,13476,1925,5t3h_BEN_A_302,1,unimol,0.90361684,0.18612606,4.8548636,0,0.99452993,17.52
5658,123,15271,2181,6f77_PLP_D_600,4,gnina,0.50926164,0.18593463,2.7389274,0,0.98392027,7.3605864
5659,123,17095,2442,6sux_BEN_A_302,1,unimol,0.9037387,0.18590519,4.8612871,0,0.99561953,14.39
5660,123,10094,1442,4uch_OLW_B_800,0,surfdock,0.53797298,0.18551853,2.8998332,0,0,3.3878982
5661,123,15663,2237,6hsg_GM5_C_504,4,gnina,0.50926164,0.18514685,2.7505813,0,1.5175612e-08,7.9829933
5662,123,10087,1441,4uch_OLW_A_800,0,surfdock,0.53797298,0.18491008,2.9093752,0,0,3.5915554
5663,123,13388,1912,5ocm_9RH_F_302,4,gnina,0.51773377,0.18383641,2.8162735,0,0.73743566,3.9933813
5664,123,14501,2071,5yfj_RUB_A_401,4,gnina,0.57341514,0.18378612,3.1200123,0,0.85270405,4.0121388
5665,123,6570,938,3v7u_MTA_A_301,4,gnina,0.49022143,0.18241911,2.687335,0,0.18004913,3.5624839
5666,123,6115,873,2zut_A2G_D_4004,4,gnina,0.61616097,0.1823928,3.3782079,0,0.97842607,100.23682
5667,123,6108,872,2zut_A2G_C_4003,4,gnina,0.60320382,0.18184542,3.3171232,0,4.6275467e-05,13.582816
5668,123,5646,806,2wdq_TEO_E_1589,4,gnina,0.50926164,0.1814092,2.8072526,0,0.96847194,10.370341
5669,123,5653,807,2wdq_TEO_I_1589,4,gnina,0.50926164,0.1814092,2.8072526,0,0.98552239,14.012835
5670,123,13353,1907,5ocm_9RH_A_302,4,gnina,0.50904424,0.18075094,2.8162735,0,0.70145434,4.0199675
5671,123,13367,1909,5ocm_9RH_C_302,4,gnina,0.50904397,0.18075084,2.8162735,0,0.024758382,4.6200743
5672,124,16478,2354,6o5m_G8K_B_506,0,surfdock,0.53716937,0.21845371,2.458961,0,0.63976748,4.6066397
5673,124,1460,208,1jyx_IPT_D_2001,4,gnina,0.6223533,0.21478227,2.8975999,0,0.9817712,18.018544
5674,124,1446,206,1jyx_IPT_B_2001,4,gnina,0.62024813,0.21405575,2.8975999,0,0.98304585,18.006306
5675,124,8250,1178,4ea0_651_B_305,4,gnina,0.57550461,0.21123676,2.724452,0,9.1467988e-07,3.5022238
5676,124,8243,1177,4ea0_651_A_306,4,gnina,0.54774644,0.20190015,2.7129562,0,4.7640612e-07,3.9312205
5677,124,7816,1116,4cmk_FQW_D_1270,4,gnina,0.62218522,0.20151321,3.0875645,0,0.004571419,4.5179852
5678,124,12975,1853,5kxb_NGA_D_301,4,gnina,0.5083013,0.18638133,2.7272105,0,0.32640348,2.6119079
5679,124,5044,720,2pvy_ACP_A_802,4,gnina,0.62179209,0.18423365,3.3750181,0,0.85341808,5.157957
5680,124,5051,721,2pvy_ACP_D_802,4,gnina,0.6168508,0.18157501,3.397222,0,0.0014472393,5.5538189
5681,124,11463,1637,5die_5CJ_B_601,4,gnina,0.5083013,0.18084927,2.8106341,0,0.74149651,3.7127822
5682,124,15246,2178,6f76_CVK_C_203,0,surfdock,0.58977588,0.1798676,3.2789435,0,0.98460263,4.0931243
5683,124,1453,207,1jyx_IPT_C_2001,4,gnina,0.5083013,0.17542143,2.8975999,0,0.98479017,18.196277
5684,124,1467,209,1jyx_IPT_D_2002,4,gnina,0.50821939,0.17503616,2.9035099,0,0.010063584,18.506762
5685,124,4977,711,2pir_DHT_A_931,0,surfdock,0.53716937,0.17454031,3.0776227,0,0.99481516,3.7586699
5686,124,1439,205,1jyx_IPT_A_2001,4,gnina,0.5083013,0.17391524,2.9226947,0,0.64785474,26.090567
5687,124,823,117,1h1i_QUE_A_1358,4,gnina,0.68125954,0.17176145,3.9663112,0,0.99450636,4.7440247
5688,124,4792,684,2npq_BOG_A_1000,4,gnina,0.5083013,0.17037838,2.9833665,0,0.94715117,4.2800804
5689,124,228,32,1cgk_NAR_A_390,4,gnina,0.43523447,0.16702554,2.6057949,0,0,3.2945778
5690,124,13374,1910,5ocm_9RH_D_302,4,gnina,0.50806038,0.16687945,3.0444744,0,0.7368972,3.8438951
5691,124,15257,2179,6f76_CVK_F_203,4,gnina,0.60471016,0.16683677,3.6245606,0,0.21977916,5.6732053
5692,124,13360,1908,5ocm_9RH_B_302,4,gnina,0.50808572,0.16644626,3.0525501,0,0.74162006,3.8378174
5693,124,10126,1446,4ug7_1EV_A_904,4,gnina,0.60889713,0.16618687,3.6639295,0,7.4270546e-07,5.5785465
5694,124,7809,1115,4cmk_FQW_B_1270,4,gnina,0.5083013,0.16576905,3.0663211,0,0.072009048,4.6334466
5695,124,12604,1800,5iuy_BOG_C_503,4,gnina,0.59252564,0.16541283,3.5821011,0,0.00072106536,7.6985428
5696,124,3210,458,1w78_PD8_A_1421,4,gnina,0.5083013,0.16514778,3.0778563,0,0.93497985,4.886537
5697,124,17140,2448,6szt_M4Q_A_601,4,gnina,0.45531062,0.16493906,2.7604768,0,0.0045914643,3.24188
5698,124,15446,2206,6gck_EUB_A_302,4,gnina,0.54719904,0.164758,3.321228,0,0.00040353673,3.8875155
5699,124,8355,1193,4fa2_SB0_A_402,4,gnina,0.5083013,0.16411243,3.0972738,0,0,5.6381139
5700,125,15194,2170,6f2v_AMP_A_1001,4,gnina,0.50792831,0.23242511,2.1853409,0,0.03862551,6.3586307
5701,125,15201,2171,6f2v_AMP_B_1001,4,gnina,0.50792831,0.23242511,2.1853409,0,0.90041331,6.7190371
5702,125,7578,1082,4c2z_646_B_1498,4,gnina,0.50792831,0.21591048,2.352494,0,0.19502984,7.1202619
5703,125,11792,1684,5faj_DCS_C_401,4,gnina,0.50792831,0.21562028,2.3556602,0,0,6.9669172
5704,125,13696,1956,5tm5_7EV_A_601,4,gnina,0.50792831,0.2134217,2.3799272,0,0.9733016,5.9768533
5705,125,11785,1683,5faj_DCS_A_401,4,gnina,0.50792831,0.21248876,2.3903763,0,3.6731228e-07,6.4915077
5706,125,13703,1957,5tm5_7EV_B_601,4,gnina,0.50792831,0.21105415,2.4066246,0,0,5.9534922
5707,125,11519,1645,5dt0_SKE_A_401,4,gnina,0.61222227,0.20904776,2.928623,0,0,4.7680711
5708,125,13874,1982,5unt_8J1_B_803,0,surfdock,0.53723858,0.20270383,2.6503613,0,0.95879282,3.5334878
5709,125,14424,2060,5yb7_ORN_B_602,4,gnina,0.50792831,0.20046951,2.5336926,0,0.12745456,35.101254
5710,125,12849,1835,5jp9_DCM_A_401,4,gnina,0.50792831,0.19388931,2.6196809,0,0.97559846,3.7852568
5711,125,15292,2184,6fa1_D2Z_A_203,4,gnina,0.50763728,0.19031592,2.6673391,0,1.0133335e-11,6.1826053
5712,125,14438,2062,5yb7_ORN_C_603,4,gnina,0.50792831,0.18994889,2.6740253,0,8.4247704e-09,16.662712
5713,125,5415,773,2ri1_GLP_B_234,4,gnina,0.4883196,0.18934786,2.578954,0,0.12293717,2.3048183
5714,125,7165,1023,3zyx_MBT_B_601,4,gnina,0.43489662,0.18492527,2.3517416,0,0.82686467,3.2401432
5715,125,4981,711,2pir_DHT_A_931,4,gnina,0.62472972,0.18459741,3.3842812,0,0.99559318,2.1155757
5716,125,5002,714,2prg_BRL_B_2,4,gnina,0.58814181,0.18014291,3.2648613,0,0.48127914,5.3691954
5717,125,15936,2276,6krs_CIT_I_301,4,gnina,0.59022892,0.17999594,3.2791226,0,0.69429343,7.2534855
5718,125,15306,2186,6fa1_D2Z_F_203,4,gnina,0.49832494,0.17770077,2.8042915,0,5.9615987e-11,5.6661117
5719,125,11512,1644,5dr9_SKE_A_401,4,gnina,0.50792831,0.17747759,2.8619282,0,0,4.6891394
5720,125,15943,2277,6krs_CIT_J_301,4,gnina,0.57627092,0.17573931,3.2791226,0,0.014343283,7.1556868
5721,125,2916,416,1tt6_DES_A_129,4,gnina,0.44005595,0.17555225,2.5066941,0,0,2.4205983
5722,125,5289,755,2qvr_FDP_A_333,4,gnina,0.56752807,0.17399522,3.2617443,0,0.94848265,3.2298502
5723,125,14508,2072,5yfj_RUB_B_401,4,gnina,0.50792831,0.17342217,2.9288535,0,0.86307711,4.0290474
5724,125,14515,2073,5yfj_RUB_C_401,4,gnina,0.50792831,0.17342217,2.9288535,0,0.81605438,5.6760314
5725,125,9356,1336,4mju_27S_A_501,4,gnina,0.4811064,0.17139137,2.8070621,0,0.82674956,4.8758192
5726,125,15915,2273,6krs_CIT_F_301,4,gnina,0.57716096,0.17105978,3.3740299,0,0.0088533478,8.9745621
5727,125,15901,2271,6krs_CIT_B_301,4,gnina,0.57588895,0.17078521,3.3720062,0,0.016204057,7.5060709
5728,125,15922,2274,6krs_CIT_G_301,4,gnina,0.57545943,0.17065783,3.3720062,0,0.20518446,7.130599
5729,125,15929,2275,6krs_CIT_H_301,4,gnina,0.57516271,0.17056984,3.3720062,0,0.015114598,10.081079
5730,125,15299,2185,6fa1_D2Z_B_203,4,gnina,0.48984141,0.17018855,2.8782268,0,2.1235065e-07,5.5375984
5731,125,13675,1953,5tix_OQR_A_302,4,gnina,0.50792831,0.16770937,3.0286212,0,0.060977967,4.6633628
5732,125,15684,2240,6i4b_E2N_B_603,4,gnina,0.5079283,0.16388477,3.0993004,0,0.044683861,4.3706793
5733,125,12733,1819,5j61_A3G_F_501,0,surfdock,0.53723858,0.16382349,3.2793736,0,0,3.7475688
5734,125,7053,1007,3wzo_ZOE_D_201,4,gnina,0.60311087,0.16374018,3.6833398,0,0,6.5054417
5735,125,3476,496,1z11_8MO_A_501,4,gnina,0.66201533,0.16343517,4.0506287,0,0.86313496,5.4470897
5736,125,12719,1817,5j61_A3G_D_501,0,surfdock,0.53723858,0.16287586,3.2984533,0,0.97440373,3.7482396
5737,125,5152,736,2qd1_CHD_D_802,0,surfdock,0.52923842,0.16133282,3.2804129,0,6.2332991e-11,3.5661764
5738,125,18,2,1a49_OXL_D_2333,4,gnina,0.62512397,0.16101769,3.8823299,0,9.8789352e-05,17.972973
5739,125,12705,1815,5j61_A3G_B_501,0,surfdock,0.53723858,0.15820028,3.3959386,0,0.95025229,3.5619231
5740,125,17616,2516,6yaw_P9H_B_502,4,gnina,0.50792831,0.15786055,3.2175751,0,0.51745813,9.4899265
5741,125,844,120,1h1m_KMP_A_1360,4,gnina,0.60882025,0.1568848,3.8806825,0,0.98710826,4.8766871
5742,125,851,121,1h1m_KMP_B_1358,4,gnina,0.60945313,0.1567996,3.8868275,0,0,4.7012882
5743,125,858,122,1h1m_KMP_C_1358,4,gnina,0.60860717,0.15658195,3.8868275,0,0.99258705,4.7804437
5744,125,10840,1548,4zvv_GN0_B_404,4,gnina,0.54551659,0.15524725,3.5138557,0,0.99547552,10.169628
5745,125,14617,2088,5z9p_AX7_B_301,1,unimol,0.89716375,0.15458162,5.8038182,0,0,15.29
5746,125,9034,1290,4k5g_Q13_A_803,4,gnina,0.50518898,0.15393508,3.2818305,0,6.8728764e-13,7.6330832
5747,125,13549,1935,5tch_MLI_C_301,4,gnina,0.62546556,0.15368465,4.0697975,0,0.532318,19.180156
5748,125,12726,1818,5j61_A3G_E_501,0,surfdock,0.53723858,0.153485,3.5002668,0,0,3.9847741
5749,125,14732,2104,6a2n_UMP_A_703,4,gnina,0.61818455,0.15310105,4.0377541,0,0.98396917,4.7733843
5750,126,16895,2413,6r73_LMP_A_301,4,gnina,0.50694442,0.20134161,2.5178313,0,0,5.5082371
5751,126,11561,1651,5dzh_5KG_A_900,4,gnina,0.62569481,0.18776305,3.3323629,0,0,5.4543121
5752,126,12352,1764,5hss_64Z_E_402,4,gnina,0.58738558,0.18414428,3.1898108,0,0.35492486,4.77528
5753,126,17343,2477,6tt4_FT8_A_709,4,gnina,0.62694262,0.18010448,3.480993,0,0.98896537,9.7520074
5754,126,13500,1928,5t6b_TMP_B_504,4,gnina,0.50694442,0.17882114,2.8349235,0,0.92135352,9.0756045
5755,126,7641,1091,4cjs_L0Y_B_1217,4,gnina,0.67022574,0.17832854,3.7583752,0,0.00065909587,10.435569
5756,126,7095,1013,3zks_WZV_A_1398,4,gnina,0.50694442,0.17309683,2.9286745,0,0.0013204761,6.7521408
5757,126,5884,840,2y2f_YI1_A_1469,4,gnina,0.52668509,0.1708352,3.0829999,0,0.56709888,3.6295391
5758,126,14123,2017,5wct_GY4_A_303,4,gnina,0.50694442,0.16758567,3.0249858,0,6.8158649e-10,5.0095506
5759,126,3609,515,1zgj_P1S_A_0,4,gnina,0.50694442,0.16604952,3.0529704,0,0.97137338,2.6629903
5760,126,6804,972,3wca_FPS_A_501,0,surfdock,0.60301012,0.16430376,3.6700923,0,0,4.0993361
5761,126,6832,976,3wca_FPS_D_401,0,surfdock,0.57610559,0.16428083,3.5068331,0,0,3.7972246
5762,126,13514,1930,5t6b_TMP_D_503,4,gnina,0.43481952,0.1617058,2.6889534,0,1.5910565e-06,5.4191233
5763,126,2580,368,1rnd_DGP_A_126,4,gnina,0.50694442,0.15973369,3.1736841,0,1.2575528e-08,4.0959424
5764,126,12345,1763,5hss_64Z_D_403,4,gnina,0.50694442,0.15892613,3.1898108,0,0.19179703,7.7889055
5765,126,15131,2161,6e40_BBJ_A_502,4,gnina,0.63818546,0.15884378,4.0176916,0,1.5178846e-06,66.568288
5766,126,7634,1090,4cjs_L0Y_A_1217,4,gnina,0.59672985,0.15877332,3.7583752,0,0.000219282,7.9415662
5767,126,15250,2178,6f76_CVK_C_203,4,gnina,0.62973007,0.15701411,4.0106583,0,0,7.0498338
5768,126,11568,1652,5dzh_5KG_B_901,4,gnina,0.50694442,0.15463395,3.2783504,0,0.46381498,4.3554414
5769,126,1285,183,1j0y_BGC_C_3601,4,gnina,0.62919158,0.15346618,4.0998702,0,0.99471414,5.1669663
5770,126,5709,815,2wu4_HBP_B_1545,4,gnina,0.62298053,0.15227714,4.0910959,0,0.0018817005,6.8573732
5771,126,14151,2021,5wgr_PM7_A_711,4,gnina,0.50694442,0.15191236,3.3370838,0,0,3.1470697
5772,126,3287,469,1x7j_GEN_B_202,4,gnina,0.60002281,0.15013292,3.9966097,0,0.19292268,3.272362
5773,126,10234,1462,4v3w_E2Z_A_800,0,surfdock,0.5364538,0.15003997,3.5754049,0,0.0007964011,3.4884212
5774,126,14158,2022,5wgv_PM7_A_712,4,gnina,0.50694442,0.14866234,3.4100382,0,0,3.3350493
5775,126,6619,945,3vc3_C6P_C_501,4,gnina,0.58748031,0.14849866,3.956131,0,0.94894499,8.1998613
5776,126,6612,944,3vc3_C6P_B_501,4,gnina,0.58315439,0.14740519,3.956131,0,0.94751591,13.556924
5777,126,13241,1891,5nj0_8YW_A_301,4,gnina,0.62509831,0.14651406,4.2664723,0,0.98039207,3.9233466
5778,126,17595,2513,6xzx_O5H_A_302,4,gnina,0.57051327,0.14569056,3.9159238,0,0.83830471,5.1208513
5779,126,15138,2162,6e40_BBJ_B_502,4,gnina,0.57663113,0.14539981,3.9658306,0,9.0146057e-07,8.4822137
5780,126,4239,605,2exs_TRP_B_2100,4,gnina,0.43481952,0.14528384,2.9928958,0,0,3.0875896
5781,126,13878,1982,5unt_8J1_B_803,4,gnina,0.61163599,0.14425942,4.2398329,0,6.0379245e-06,4.7521292
5782,126,10602,1514,4z69_DIF_A_1006,4,gnina,0.50694442,0.14390228,3.5228369,0,0.82222964,7.1429264
5783,126,329,47,1dna_CB3_A_601,0,surfdock,0.52862788,0.14384781,3.6749098,0,0,4.999035
5784,126,15236,2176,6f76_CVK_A_203,4,gnina,0.58203041,0.14380648,4.0473161,0,0.22856339,6.9733956
5785,126,9405,1343,4mop_2H5_B_802,4,gnina,0.6547523,0.14362011,4.558917,0,0.011108163,7.150328
5786,126,336,48,1dna_CB3_B_602,0,surfdock,0.52862788,0.14225008,3.7161858,0,0.91066295,4.8442767
5787,126,11981,1711,5fqf_NGA_B_1586,4,gnina,0.4917164,0.14209891,3.4603803,0,3.8888974e-06,17.172556
5788,126,13147,1878,5mot_HBD_A_401,1,unimol,0.71667225,0.14159351,5.0614758,0,0.92876472,21.09
5789,126,6290,898,3qwi_CUE_D_272,4,gnina,0.5069439,0.14139581,3.5852814,0,6.3207392e-07,3.0645171
5790,126,5254,750,2qs2_UBF_A_603,4,gnina,0.50694442,0.14088664,3.5982423,0,0.69927724,4.9581718
5791,126,13154,1879,5mot_HBD_A_402,1,unimol,0.7078707,0.14077436,5.0284057,0,0.90821287,22.11
5792,126,6626,946,3vc3_C6P_F_501,4,gnina,0.55803029,0.14008555,3.9834955,0,0.93901863,8.8147631
5793,126,15726,2246,6ix8_B3O_B_408,4,gnina,0.57400762,0.13957777,4.1124563,0,0.97162843,3.2478596
5794,126,14172,2024,5wgw_MB5_A_714,4,gnina,0.50694442,0.13910176,3.6444132,0,0,4.7241431
5795,126,15243,2177,6f76_CVK_B_203,4,gnina,0.55722823,0.13818013,4.0326209,0,2.4457992e-09,5.821548
5796,126,2815,402,1thc_FL9_A_131,1,unimol,0.68889555,0.13804805,4.9902582,0,0.9819991,15.16
5797,126,2829,404,1thc_FL9_B_131,1,unimol,0.68896148,0.13724647,5.0198841,0,0.98618795,22.27
5798,126,16986,2426,6rq3_OUC_A_401,4,gnina,0.50319133,0.13713516,3.6693084,0,7.8062697e-06,4.3147429
5799,126,7606,1086,4can_M7K_B_800,4,gnina,0.50694442,0.13641687,3.7161407,0,7.1998869e-09,4.4789276
5800,127,17581,2511,6xu3_PLG_B_401,4,gnina,0.58219728,0.19546709,2.9784915,0,0.88567603,5.7518894
5801,127,7746,1106,4clo_XP0_B_1270,4,gnina,0.50487511,0.1895623,2.663372,0,0.0088290075,4.3315694
5802,127,12072,1724,5g4r_LF1_A_1739,4,gnina,0.60397998,0.18606942,3.2459917,0,0.6351329,4.6833859
5803,127,16601,2371,6pdd_O9S_A_803,4,gnina,0.62437958,0.18162266,3.4377837,0,4.2141736e-09,4.6106367
5804,127,15512,2216,6gxk_FFW_A_402,0,surfdock,0.53543664,0.1779436,3.0090234,0,0.98787049,4.2977756
5805,127,13920,1988,5uo5_M4R_B_803,4,gnina,0.62631673,0.17058376,3.6716073,0,0.88944907,7.997515
5806,127,13913,1987,5uo5_M4R_A_803,4,gnina,0.62418678,0.17009229,3.6696937,0,9.7530062e-05,7.6623359
5807,127,13654,1950,5thu_B3N_A_404,4,gnina,0.55378361,0.16984923,3.2604413,0,3.0764625e-06,6.4672746
5808,127,5499,785,2v7o_DRN_A_1303,4,gnina,0.60714145,0.16907486,3.5909615,0,0,7.6829124
5809,127,9993,1427,4tq4_DMA_B_403,4,gnina,0.50487511,0.16881784,2.9906492,0,0.36287912,3.6884295
5810,127,13902,1986,5uo3_8EY_B_804,0,surfdock,0.53543664,0.1668721,3.2086639,0,0.9837912,3.803672
5811,127,16328,2332,6ngp_KKY_B_803,4,gnina,0.61731311,0.16444425,3.7539346,0,2.9304963e-08,5.5126186
5812,127,4519,645,2gyw_OBI_B_953,4,gnina,0.61206056,0.16405085,3.7309189,0,0.88546444,4.6723281
5813,127,8649,1235,4i2p_G73_A_601,4,gnina,0.6254845,0.16115799,3.8811874,0,0.99336257,10.332049
5814,127,15845,2263,6jyg_FLC_E_401,4,gnina,0.50487511,0.1598786,3.1578646,0,0.32452613,6.0837207
5815,127,15852,2264,6jyg_FLC_E_402,4,gnina,0.50464905,0.15927397,3.168433,0,1.9979184e-06,6.3412933
5816,127,13661,1951,5thu_B3N_B_404,4,gnina,0.50487511,0.15653639,3.2252882,0,5.6350685e-07,5.420306
5817,127,5170,738,2qd4_CHD_A_802,4,gnina,0.61305526,0.15609622,3.927418,0,2.2153881e-08,4.1855827
5818,127,14165,2023,5wgv_PM7_A_713,4,gnina,0.43154236,0.15600444,2.7662175,0,2.8890057e-05,2.9933464
5819,127,12079,1725,5g4r_LF1_B_1739,4,gnina,0.50487511,0.15553797,3.2459917,0,0.57918902,5.0168445
5820,127,17539,2505,6xeb_V1P_A_411,4,gnina,0.50487511,0.15549417,3.246906,0,0.0066541823,11.743326
5821,127,13885,1983,5unx_8F1_A_803,4,gnina,0.6224431,0.15180203,4.1003599,0,8.3994277e-06,6.237691
5822,127,14564,2080,5z54_0HZ_A_303,4,gnina,0.47936768,0.15153724,3.1633646,0,0.99127067,3.6430501
5823,127,17336,2476,6tot_NRK_B_401,4,gnina,0.50487499,0.15095457,3.3445482,0,0.82665079,7.4333939
5824,127,3931,561,2bxh_IOS_A_1002,4,gnina,0.43074184,0.15087574,2.8549433,0,4.7310786e-06,3.410759
5825,127,16349,2335,6nh0_KND_B_803,4,gnina,0.60667338,0.15014795,4.040503,0,3.7608893e-09,5.5644585
5826,127,8593,1227,4i02_CMP_A_302,4,gnina,0.57536647,0.14721415,3.9083629,0,0.23888144,3.9561825
5827,127,5184,740,2qd4_CHD_B_926,4,gnina,0.5873716,0.14697476,3.9964104,0,7.7195174e-06,4.2280959
5828,127,3826,546,2b3f_GAL_F_3315,4,gnina,0.65854121,0.14685438,4.4843135,0,0.99735715,7.7191492
5829,127,17119,2445,6sxr_KHP_A_513,4,gnina,0.50487511,0.14642546,3.448,0,0.97360822,3.1340212
5830,127,7242,1034,4a8p_PAO_B_1340,4,gnina,0.6268064,0.14446553,4.3387947,0,0.69495888,6.6492991
5831,127,7235,1033,4a8p_PAO_A_1340,4,gnina,0.62675153,0.14445288,4.3387947,0,0.99657982,7.2479707
5832,127,15383,2197,6flu_DTK_B_406,4,gnina,0.48950213,0.14385336,3.4027846,0,3.4084104e-07,4.300279
5833,127,16342,2334,6nh0_KND_A_803,4,gnina,0.58405841,0.14355773,4.0684557,0,1.9893493e-08,5.88095
5834,127,16664,2380,6png_OSG_A_803,4,gnina,0.47664191,0.14308761,3.3311183,0,0.071864658,4.2746433
5835,127,3434,490,1y5x_E89_D_1500,4,gnina,0.43393426,0.14284727,3.0377488,0,0.93575804,4.3976203
5836,127,3427,489,1y5x_E89_A_500,4,gnina,0.43393426,0.14218448,3.0519092,0,0.98055976,4.5296764
5837,127,7256,1036,4a8p_PAO_E_1338,4,gnina,0.6156529,0.14189488,4.3387947,0,0.89500987,6.6766957
5838,127,7893,1127,4d06_NAR_C_301,4,gnina,0.50487511,0.14183417,3.5596147,0,0.99165115,26.565815
5839,127,9657,1379,4p7q_NAG_A_706,4,gnina,0.43272023,0.14129177,3.0625994,0,4.4280901e-06,2.2061889
5840,127,5037,719,2ptm_CMP_A_401,4,gnina,0.43393426,0.14079076,3.0821209,0,0,3.4528858
5841,127,16321,2331,6nga_KL7_B_804,4,gnina,0.50487511,0.14037696,3.5965657,0,4.6654064e-06,5.1512299
5842,127,9139,1305,4kux_FPS_A_704,4,gnina,0.61266328,0.14030484,4.3666573,0,0.46445401,6.9029256
5843,127,10357,1479,4wxb_CIT_D_501,4,gnina,0.50487511,0.13953241,3.6183348,0,0.018699635,7.3303185
5844,127,1299,185,1j3i_UMP_C_611,4,gnina,0.61066996,0.13947622,4.3783078,0,0.9705415,4.4498468
5845,127,15180,2168,6f2b_AKG_A_402,4,gnina,0.50487511,0.13903134,3.6313753,0,0.82883501,5.7769201
5846,127,7886,1126,4d06_NAR_A_301,4,gnina,0.50487511,0.1389606,3.633224,0,0.98609638,6.0349183
5847,127,15355,2193,6flu_DTK_A_401,4,gnina,0.48446221,0.13877019,3.4911106,0,3.7168075e-07,8.088573
5848,127,5163,737,2qd4_CHD_A_801,4,gnina,0.5862798,0.13744659,4.2655091,0,6.6848361e-08,4.0934455
5849,127,14781,2111,6ald_2FP_A_700,4,gnina,0.50487511,0.1368471,3.6893363,0,2.1624969e-06,7.1249077
5850,128,7001,1000,3wwc_BUA_A_402,1,unimol,0.68956137,0.24827285,2.7774327,0,0,15.67
5851,128,14886,2126,6bds_DJ4_A_302,4,gnina,0.57138768,0.22152775,2.5793042,0,0,6.1436521
5852,128,12800,1828,5jfx_6K4_A_4000,4,gnina,0.60627628,0.2033308,2.9817228,0,0,9.0303243
5853,128,14270,2038,5xdt_ZI7_A_403,4,gnina,0.52612147,0.17759668,2.96245,0,0.959208,5.2516496
5854,128,6696,956,3vnm_SDD_C_301,4,gnina,0.43840412,0.17226545,2.5449326,0,0.025921881,4.2678929
5855,128,17651,2521,6zac_QDE_A_4000,4,gnina,0.50413073,0.17077037,2.9520962,0,0.96881303,7.7968864
5856,128,2727,389,1sqk_LAR_A_378,4,gnina,0.50413073,0.17030166,2.9602211,0,0,3.0834133
5857,128,6689,955,3vnm_SDD_B_301,4,gnina,0.43101309,0.16537144,2.6063323,0,0,4.3401867
5858,128,6682,954,3vnm_SDD_A_301,4,gnina,0.43067103,0.1652402,2.6063323,0,0,4.8420542
5859,128,3448,492,1yee_PNB_H_551,4,gnina,0.62863485,0.16176486,3.8861017,0,0.16173101,5.5081153
5860,128,7599,1085,4can_M7K_A_800,4,gnina,0.50413073,0.16031416,3.1446416,0,5.735535e-12,4.4131267
5861,128,8810,1258,4i9n_1E6_A_401,4,gnina,0.62897812,0.15808955,3.9786181,0,0.84634554,12.978746
5862,128,7977,1139,4d5e_TPP_B_1590,4,gnina,0.50413073,0.15790832,3.1925523,0,0.99438554,7.6225723
5863,128,14718,2102,6a2m_UMP_B_703,4,gnina,0.62300127,0.15710231,3.9655759,0,0.98375005,4.3769662
5864,128,9307,1329,4m2c_DAR_D_402,4,gnina,0.43363463,0.15512068,2.7954652,0,0,5.2266432
5865,128,7403,1057,4b1y_LAB_B_1376,4,gnina,0.503893,0.15509226,3.2489877,0,0.99776604,3.4572329
5866,128,8817,1259,4i9n_1E6_D_401,4,gnina,0.60943995,0.15444422,3.9460189,0,0.69695683,12.993399
5867,128,15516,2216,6gxk_FFW_A_402,4,gnina,0.62788646,0.15279925,4.1092238,0,0.00042606784,5.3489017
5868,128,13619,1945,5tdt_MBN_A_502,4,gnina,0.44499687,0.15148029,2.9376543,0,0.11663416,19.554269
5869,128,15754,2250,6jk9_BU0_A_501,4,gnina,0.50413073,0.15103654,3.3378055,0,3.6679374e-05,8.5871187
5870,128,13626,1946,5tdt_MBN_A_503,4,gnina,0.44016684,0.15024642,2.9296319,0,0.19925902,9.2815363
5871,128,15761,2251,6jk9_BU0_B_501,4,gnina,0.50413073,0.14978047,3.3657966,0,0.9916343,8.1948233
5872,128,17654,2522,6zi7_QR8_A_502,0,surfdock,0.53533034,0.14849268,3.6050949,0,0,3.9709411
5873,128,8796,1256,4i9n_1E5_F_402,4,gnina,0.6043105,0.14805007,4.0817971,0,0.96253824,9.3802751
5874,128,7613,1087,4ccu_AWF_A_1500,4,gnina,0.62551649,0.14804737,4.2251096,0,0.9759741,6.9163847
5875,128,11589,1655,5edh_5MF_A_803,4,gnina,0.50413073,0.14781735,3.4104967,0,7.7184361e-05,8.6306142
5876,128,11603,1657,5edh_5MF_D_803,4,gnina,0.50413073,0.14780755,3.410723,0,1.1401345e-08,8.5422058
5877,128,3536,505,1zdq_MSM_C_1509,1,unimol,0.88502805,0.14766023,5.9936781,0,0.99510619,21.62
5878,129,7466,1066,4bq5_GAL_C_1,4,gnina,0.50432382,0.22351132,2.2563672,0,0.99531233,5.3109267
5879,129,10091,1441,4uch_OLW_A_800,4,gnina,0.50432382,0.22301227,2.2614164,0,1.6165646e-08,4.8628674
5880,129,10098,1442,4uch_OLW_B_800,4,gnina,0.50432382,0.22007377,2.2916117,0,1.0721144e-06,5.2067726
5881,129,16857,2408,6qrn_RIP_A_500,1,unimol,0.71469505,0.19949129,3.5825868,0,0,14.98
5882,129,16587,2369,6oph_6QB_A_401,4,gnina,0.50432382,0.1895345,2.6608541,0,0.5677005,6.5623391
5883,129,9286,1326,4lz7_1YW_C_804,4,gnina,0.50432382,0.18142268,2.7798269,0,4.1166882e-08,4.2767253
5884,129,9888,1412,4r2n_PLP_B_401,4,gnina,0.62822012,0.16682699,3.7656975,0,0.98075028,9.4628174
5885,129,8425,1203,4gim_PSU_A_400,4,gnina,0.50432382,0.16251841,3.1031787,0,0.22835766,3.8927796
5886,129,8880,1268,4itu_1HS_C_302,4,gnina,0.50432286,0.16109502,3.1305916,0,0.29394724,3.4312707
5887,129,8873,1267,4itu_1HS_B_302,4,gnina,0.50432283,0.16109501,3.1305916,0,0.48153044,4.2613559
5888,129,8866,1266,4itu_1HS_A_302,4,gnina,0.50432275,0.16109498,3.1305916,0,0,2.7460983
5889,129,11239,1605,5c8w_PCG_F_302,4,gnina,0.50432382,0.15980103,3.1559474,0,0.99769005,4.3455306
5890,129,11225,1603,5c8w_PCG_D_302,4,gnina,0.50432382,0.15833618,3.1851449,0,0.99516523,3.729611
5891,129,7690,1098,4cld_JUO_C_1270,4,gnina,0.43253872,0.15737072,2.7485328,0,0.0001313266,3.2532454
5892,129,7697,1099,4cld_JUO_D_1270,4,gnina,0.43253872,0.15737072,2.7485328,0,0.0016900192,3.4561772
5893,129,11211,1601,5c8w_PCG_B_303,4,gnina,0.50432382,0.15683364,3.2156601,0,0.99425099,3.6083582
5894,129,15208,2172,6f3s_CKW_A_902,4,gnina,0.63075189,0.15334549,4.1132722,0,0.54046421,7.0966508
5895,129,991,141,1h5r_THM_C_1293,4,gnina,0.50432382,0.15235392,3.3102114,0,0.00024132294,3.4453757
5896,129,4292,613,2fc0_DGP_A_239,1,unimol,0.68918566,0.15159504,4.5462275,0,0,18.09
5897,129,12712,1816,5j61_A3G_C_501,0,surfdock,0.53501859,0.15113013,3.5401177,0,0,3.9663754
5898,129,6927,989,3wsg_CIT_C_302,4,gnina,0.55924341,0.14979119,3.7334857,0,0.042814166,5.371531
5899,129,5198,742,2qd4_CHD_B_928,4,gnina,0.57356284,0.14938871,3.8393979,0,1.3717421e-07,4.391
5900,129,7627,1089,4cdt_M48_B_801,4,gnina,0.50432382,0.14736327,3.4223161,0,1.4228179e-13,5.4171681
5901,129,13906,1986,5uo3_8EY_B_804,4,gnina,0.6277467,0.14735083,4.2602172,0,1.8925637e-06,6.4837442
5902,129,7620,1088,4cdt_M48_A_801,4,gnina,0.49950818,0.14635571,3.4129727,0,3.4183517e-08,5.6012896
5903,129,13752,1964,5u8z_83D_B_602,4,gnina,0.50432378,0.14317958,3.5223155,0,1.5370638e-06,30.061559
5904,129,620,88,1g4s_TPS_B_2002,4,gnina,0.50432382,0.14262093,3.5361128,0,0,4.1829467
5905,129,13759,1965,5u8z_83D_C_602,4,gnina,0.50432379,0.14237663,3.5421801,0,3.5625618e-07,10.990908
5906,129,13787,1969,5ud3_P6F_A_404,4,gnina,0.50432382,0.14179273,3.556767,0,0.0083527538,4.6722262
5907,129,9811,1401,4qbz_D80_A_917,4,gnina,0.50431502,0.14125828,3.5701616,0,0.010785658,4.7324277
5908,129,13766,1966,5u8z_83D_D_602,4,gnina,0.49549093,0.14067189,3.5223155,0,4.3888664e-08,10.547421
5909,129,13745,1963,5u8z_83D_A_602,4,gnina,0.50432382,0.14043593,3.59113,0,0,10.229188
5910,129,15026,2146,6cqu_HI6_B_601,4,gnina,0.50432382,0.13995249,3.6035349,0,0.13503135,5.8452352
5911,129,6934,990,3wsg_CIT_D_302,4,gnina,0.5231987,0.13990378,3.7397029,0,0.1702115,9.4507052
5912,129,12051,1721,5g21_YN4_A_1002,4,gnina,0.61582668,0.13985106,4.4034457,0,0.89426831,9.2635589
5913,129,14998,2142,6cdy_EY1_B_501,4,gnina,0.43253872,0.1388074,3.116106,0,0.10458001,6.6577713
5914,129,9820,1402,4qbz_D80_B_901,6,smina,0.26048952,0.13859143,1.879549,0,0.21661766,1.828915
5915,129,12989,1855,5l1v_7PF_A_401,4,gnina,0.43253872,0.13659085,3.1666732,0,0.99431958,2.0518439
5916,129,14179,2025,5wgw_MB5_A_715,4,gnina,0.43128913,0.13586853,3.1743112,0,2.5172938e-07,2.408134
5917,129,6941,991,3wsg_CIT_E_302,4,gnina,0.50309032,0.1344948,3.740592,0,0.38587088,5.1593996
5918,129,8889,1269,4itu_1HS_D_302,6,smina,0.25139416,0.13375232,1.879549,0,1.8979311e-06,1.7480627
5919,129,1005,143,1h5r_THM_D_1293,4,gnina,0.44051454,0.13369923,3.2948163,0,0.9802655,3.5105537
5920,129,15019,2145,6cqu_HI6_A_601,4,gnina,0.50432382,0.1336739,3.7727911,0,0.0018079118,4.8749637
5921,129,7984,1140,4d6z_PK9_A_1600,4,gnina,0.50432269,0.13226857,3.8128679,0,1.8683987e-05,5.4231314
5922,129,10238,1462,4v3w_E2Z_A_800,4,gnina,0.50421667,0.1322214,3.813426,0,1.0010576e-10,5.1127406
5923,129,7872,1124,4cx6_Q16_A_800,4,gnina,0.50432382,0.13124463,3.8426235,0,1.8974404e-07,6.915329
5924,129,984,140,1h5r_THM_C_1292,4,gnina,0.43253872,0.13106006,3.3003082,0,0.16647514,3.3963155
5925,129,17357,2479,6u6c_P1T_B_502,4,gnina,0.62347067,0.13043102,4.7800789,0,0.97823644,9.9920726
5926,129,16307,2329,6ng5_KMD_B_803,4,gnina,0.50432382,0.13010324,3.8763347,0,3.2003711e-10,5.1660656
5927,129,12723,1817,5j61_A3G_D_501,4,gnina,0.62334868,0.12977621,4.8032575,0,0.8917282,6.4602092
5928,130,10252,1464,4w1v_3GS_B_502,4,gnina,0.50135102,0.26666715,1.880062,0,0.13109496,5.1254658
5929,130,10154,1450,4upd_7P9_A_1550,4,gnina,0.43113222,0.17280209,2.494947,0,0.76024999,12.875462
5930,130,15029,2147,6cut_FEJ_A_401,0,surfdock,0.53359753,0.1721546,3.0995243,0,0,3.2570074
5931,130,15036,2148,6cut_FEJ_B_401,0,surfdock,0.53359753,0.1721546,3.0995243,0,0,4.5701004
5932,130,14788,2112,6ald_2FP_B_700,4,gnina,0.50135102,0.17155792,2.9223416,0,3.3368578e-06,5.9183163
5933,130,15050,2150,6cut_FEJ_D_401,0,surfdock,0.53359753,0.16797395,3.1766675,0,0,4.7276658
5934,130,3266,466,1x29_PMG_A_413,4,gnina,0.62511018,0.16614986,3.7623265,0,0.92648083,8.9326482
5935,130,928,132,1h48_GPP_E_904,4,gnina,0.50135102,0.16470492,3.0439336,0,0.071346744,4.5912288
5936,130,16559,2365,6ooi_PGA_C_302,4,gnina,0.50135102,0.16167353,3.1010077,0,0.97204413,5.82451
5937,130,16573,2367,6ooi_PGA_G_301,4,gnina,0.50135102,0.16167353,3.1010077,0,0.97590874,5.6318671
5938,130,914,130,1h48_CDI_F_902,4,gnina,0.43113222,0.16157431,2.6683207,0,0.99193123,3.0821893
5939,130,893,127,1h48_CDI_A_201,4,gnina,0.43113222,0.16137705,2.6715822,0,0.99373842,5.9344193
5940,130,14928,2132,6br1_E3Y_B_505,4,gnina,0.50135102,0.15854544,3.1621904,0,0.023130243,8.7751442
5941,130,15400,2200,6fs7_E4Z_E_903,0,surfdock,0.53359753,0.15750254,3.3878653,0,0,4.4860731
5942,130,15407,2201,6fs7_E4Z_F_903,0,surfdock,0.53359753,0.15339218,3.4786479,0,0.00056997011,4.6432709
5943,130,16216,2316,6n0z_DP6_E_401,4,gnina,0.62697365,0.15223354,4.1184978,0,0.90992776,6.3833897
5944,130,3002,428,1uay_ADN_B_1002,6,smina,0.28516805,0.15168005,1.880062,0,0.99770735,2.3885509
5945,130,15386,2198,6fs7_E4Z_A_903,0,surfdock,0.53359753,0.15066607,3.5415895,0,0,4.3990724
5946,130,673,96,1g8z_GAL_G_104,1,unimol,0.80537211,0.14974322,5.3783536,0,0.95916607,18.52
5947,130,7529,1075,4bvh_OCZ_A_1393,4,gnina,0.43113206,0.14845575,2.9041107,0,0.99762243,3.048011
5948,130,13924,1989,5urz_BOG_B_201,1,unimol,0.69093607,0.14811712,4.6647944,0,0,22.59
5949,130,1765,252,1lti_GAL_H_104,1,unimol,0.88246344,0.143221,6.1615496,0,0.95699148,20.56
5950,130,1751,250,1lti_GAL_D_104,1,unimol,0.88341462,0.14299937,6.1777511,0,0.92993194,23.04
5951,130,4822,688,2nry_STU_C_503,6,smina,0.28552626,0.14288934,1.9982325,0,0.99782376,4.8165285
5952,130,1243,177,1iwe_IMP_B_1452,4,gnina,0.43113222,0.13875886,3.10706,0,0.00098386525,5.3405556
5953,130,13202,1886,5n8c_8Q8_A_403,0,surfdock,0.52720488,0.13832704,3.8112919,0,0,5.0410398
5954,130,14872,2124,6b9p_D0J_B_1001,4,gnina,0.47699147,0.1357253,3.5143878,0,1.8128942e-08,17.212237
5955,130,5933,847,2ynf_WHU_A_1563,4,gnina,0.50135102,0.13473012,3.7211492,0,0.99553311,9.600867
5956,130,1229,175,1iwe_IMP_A_460,4,gnina,0.43113222,0.13431828,3.2097797,0,0,4.1305645
5957,130,1758,251,1lti_GAL_E_104,1,unimol,0.82359678,0.13343333,6.1723456,0,0.96631519,20.05
5958,130,5870,838,2xyj_WLM_B_1442,4,gnina,0.602357,0.13333327,4.5176787,0,0.9293051,8.4520375
5959,130,12982,1854,5l1u_7PF_A_401,4,gnina,0.43113222,0.13291704,3.243618,0,0.99431735,2.6229356
5960,130,680,97,1g8z_GAL_H_104,1,unimol,0.70554988,0.132506,5.3246627,0,0.96128231,20.6
5961,130,11967,1709,5fqf_NGA_A_1589,4,gnina,0.43149096,0.13235853,3.2600152,0,3.0577442e-05,4.853524
5962,130,16006,2286,6l86_LMR_A_302,4,gnina,0.43430263,0.13212714,3.2870045,0,0.0059220457,3.7889123
5963,130,666,95,1g8z_GAL_D_104,1,unimol,0.70280657,0.13199079,5.3246627,0,0.97509055,21.37
5964,130,16335,2333,6ngu_KMJ_A_803,4,gnina,0.43282403,0.13174975,3.2851973,0,1.8426388e-06,7.1569991
5965,130,2545,363,1rf2_BV4_D_104,4,gnina,0.50135102,0.13114339,3.8229215,0,0.77020466,4.0644639
5966,130,2559,365,1rf2_BV4_F_106,4,gnina,0.50135102,0.13114339,3.8229215,0,0.45889408,4.5296868
5967,130,15597,2228,6hmw_FUL_F_202,1,unimol,0.88419878,0.13111819,6.7435241,0,0.96677423,17.71
5968,130,15950,2278,6kxh_DY9_A_401,4,gnina,0.50135102,0.13084259,3.8317101,0,0.99642073,3.8347298
5969,130,14011,2001,5vut_9OG_A_803,4,gnina,0.60428186,0.13080627,4.6196694,0,7.835862e-13,5.4715062
5970,130,2573,367,1rf2_BV4_H_108,4,gnina,0.49827206,0.130338,3.8229215,0,0.78308449,6.4210959
5971,130,2566,366,1rf2_BV4_G_107,4,gnina,0.49749654,0.13013514,3.8229215,0,0.66931281,4.4641744
5972,130,15964,2280,6kxh_DY9_C_402,4,gnina,0.49793475,0.13001568,3.8298044,0,0.00013810416,3.7042099
5973,130,11372,1624,5d41_57N_A_1103,4,gnina,0.50135102,0.12889347,3.8896532,0,0,5.7196652
5974,130,17661,2523,6zi7_QR8_B_502,0,surfdock,0.53359753,0.12862826,4.1483684,0,0.92980244,3.9360716
5975,130,15604,2229,6hmw_FUL_G_202,1,unimol,0.86706282,0.12857709,6.7435241,0,0.97047051,22.65
5976,130,16741,2391,6qa7_HTW_A_901,4,gnina,0.50135102,0.12762138,3.9284239,0,0.34310385,5.5152419
5977,130,5849,835,2xyj_WLM_A_1441,4,gnina,0.62867807,0.12705396,4.9481177,0,1.568986e-07,8.8206839
5978,131,7270,1038,4adl_LMR_D_1468,4,gnina,0.50091977,0.17772264,2.818547,0,0,6.6651585
5979,131,12328,1761,5hpu_IPH_A_101,1,unimol,0.88129729,0.17076057,5.1610107,0,0.98832659,18.52
5980,131,3133,447,1vzd_CB3_A_318,4,gnina,0.50091977,0.16734192,2.9933898,0,2.6442037e-08,10.689629
5981,131,16237,2319,6n9r_OHN_P_308,4,gnina,0.50091977,0.16393637,3.0555735,0,0.41667752,5.9291252
5982,131,16230,2318,6n9r_OHN_A_303,4,gnina,0.50091977,0.162791,3.0770719,0,0,6.4801741
5983,131,16244,2320,6n9r_OHN_X_305,4,gnina,0.50091977,0.16095081,3.112253,0,0,9.535105
5984,131,2930,418,1tvw_CB3_A_318,4,gnina,0.47594602,0.1568607,3.0341945,0,7.7561149e-11,10.72032
5985,131,5373,767,2r5e_QLP_A_430,4,gnina,0.50091977,0.15518899,3.2278039,0,3.0195434e-07,8.1944577
5986,131,12480,1782,5icf_SAU_A_402,6,smina,0.27796891,0.14767125,1.8823487,0,0,1.4883876
5987,131,17128,2446,6syz_M1E_B_601,6,smina,0.27617099,0.1467161,1.8823487,0,0.99606932,0.90434289
5988,131,8476,1210,4h0x_LAR_B_403,6,smina,0.27616213,0.14671139,1.8823487,0,0,2.6413725
5989,131,11479,1639,5dne_ASN_A_601,6,smina,0.2761494,0.14670463,1.8823487,0,0.99692051,1.2770631
5990,131,11493,1641,5dne_ASN_C_601,6,smina,0.27605426,0.14665409,1.8823487,0,0.99312344,1.0224762
5991,131,11500,1642,5dne_ASN_D_601,6,smina,0.27599184,0.14662092,1.8823487,0,0.34525333,1.116762
5992,131,11486,1640,5dne_ASN_B_601,6,smina,0.27598872,0.14661927,1.8823487,0,0.99323185,1.1494895
5993,131,1609,229,1kuj_MMA_G_504,6,smina,0.27592444,0.14658512,1.8823487,0,0.99496109,1.2220414
5994,131,9057,1293,4k5u_GAL_B_301,6,smina,0.27588641,0.14656492,1.8823487,0,0.98824991,0.81215222
5995,131,8322,1188,4evi_C9M_A_402,6,smina,0.27588015,0.14656159,1.8823487,0,0,2.9600474
5996,131,4283,611,2f78_BEZ_B_1004,6,smina,0.27561072,0.14641845,1.8823487,0,0.81331476,0.63823316
5997,131,3569,509,1zei_CRS_D_54,6,smina,0.27559922,0.14641235,1.8823487,0,0.41055306,0.53975712
5998,131,9071,1295,4k5u_GAL_D_301,6,smina,0.27552719,0.14637408,1.8823487,0,0.89615582,0.82900095
5999,131,2897,413,1toq_AMG_C_502,6,smina,0.27545593,0.14633622,1.8823487,0,0.99302866,0.93843021
6000,131,7377,1053,4b1f_DGL_A_1257,6,smina,0.27536806,0.14628954,1.8823487,0,0.96934558,1.4881355
6001,131,874,124,1h48_C5P_B_901,6,smina,0.27563867,0.14606861,1.8870484,0,0,3.1070158
6002,131,17023,2431,6s39_K5Z_A_301,6,smina,0.27494019,0.14606224,1.8823487,0,4.51464e-10,2.9668473
6003,131,1063,151,1h8p_PC_A_1110,6,smina,0.27485522,0.1460171,1.8823487,0,0,1.2094074
6004,131,830,118,1h1i_QUE_B_1356,4,gnina,0.5627744,0.14595751,3.8557403,0,0,4.6660092
6005,131,14809,2115,6av2_BY7_B_803,4,gnina,0.47375299,0.14593181,3.2463987,0,1.4010208e-12,6.1281796
6006,131,13173,1881,5mxh_GAL_A_402,6,smina,0.2744963,0.14582642,1.8823487,0,0.96641087,0.98548801
6007,131,13166,1880,5mxh_GAL_A_401,6,smina,0.27435172,0.14574961,1.8823487,0,0.98364106,0.7463849
6008,131,15777,2253,6jmd_ORO_A_402,6,smina,0.27416037,0.14564795,1.8823487,0,0,0.82667711
6009,131,3597,513,1zfj_IMP_A_500,6,smina,0.27414432,0.14563943,1.8823487,0,0,3.7023094
6010,131,13152,1878,5mot_HBD_A_401,6,smina,0.27384602,0.14548096,1.8823487,0,0,0.7662074
6011,131,7181,1025,3zzv_FUC_B_401,6,smina,0.27327864,0.14517953,1.8823487,0,0.99755056,0.60284298
6012,131,7132,1018,3zwe_FUC_A_110,6,smina,0.2732704,0.14517516,1.8823487,0,0.99729766,0.73598954
6013,131,7405,1057,4b1y_LAB_B_1376,6,smina,0.27326789,0.14517382,1.8823487,0,0,3.0296909
6014,131,12753,1821,5je1_TOF_A_302,6,smina,0.27324381,0.14516103,1.8823487,0,0,1.0571656
6015,131,12760,1822,5je1_TOF_B_302,6,smina,0.27323296,0.14515527,1.8823487,0,0,1.1039519
6016,131,9477,1353,4nf4_2JK_A_301,6,smina,0.27322443,0.14515073,1.8823487,0,0.99543615,1.4223105
6017,131,4717,673,2j1s_FUL_A_1153,6,smina,0.27322289,0.14514992,1.8823487,0,0.99149687,0.54461409
6018,131,11388,1626,5dav_58J_A_402,6,smina,0.27319006,0.14513248,1.8823487,0,0,3.4564371
6019,131,5438,776,2tio_BEN_A_247,6,smina,0.27317297,0.1451234,1.8823487,0,0.9935403,0.79607817
6020,131,14468,2066,5ybp_AKG_B_302,6,smina,0.27317057,0.14512212,1.8823487,0,0.31201769,1.2169334
6021,131,5676,810,2wj4_HQD_A_1281,6,smina,0.27304494,0.14505538,1.8823487,0,0.98978407,1.1730227
6022,131,5018,716,2pt6_S4M_A_501,6,smina,0.27302303,0.14504374,1.8823487,0,0.98876726,4.7757969
6023,131,16876,2410,6r5o_BGC_A_801,6,smina,0.27298371,0.14502285,1.8823487,0,0.93359819,0.85866813
6024,131,15714,2244,6ijp_IMP_A_402,6,smina,0.27298125,0.14502154,1.8823487,0,0,4.7288918
6025,131,1392,198,1jl0_PUT_A_401,6,smina,0.27296028,0.1450104,1.8823487,0,0.41996822,0.71532412
6026,131,1455,207,1jyx_IPT_C_2001,6,smina,0.27291344,0.14498552,1.8823487,0,0.97887138,1.6847287
6027,131,4850,692,2ntk_IMP_C_207,6,smina,0.27290905,0.14498319,1.8823487,0,0,5.0272396
6028,132,16267,2323,6nbw_LAB_A_403,6,smina,0.47439618,0.25707206,1.8453811,0,0,3.4402232
6029,132,3821,545,2b3f_GAL_E_3314,6,smina,0.47427903,0.25700858,1.8453811,0,0.99703009,1.3319096
6030,132,3800,542,2b3f_GAL_A_3310,6,smina,0.47427664,0.25700728,1.8453811,0,0.99726733,1.3528613
6031,132,3814,544,2b3f_GAL_D_3313,6,smina,0.47427214,0.25700484,1.8453811,0,0.99762187,1.2768968
6032,132,5739,819,2x0u_X0U_B_1291,6,smina,0.47425853,0.25699747,1.8453811,0,0,0.98144384
6033,132,3807,543,2b3f_GAL_C_3312,6,smina,0.47420637,0.25696921,1.8453811,0,0.99557411,1.3174211
6034,132,7657,1093,4cju_JNS_B_1214,6,smina,0.47393374,0.25682147,1.8453811,0,0,2.6201188
6035,132,12459,1779,5i9m_69K_C_302,6,smina,0.47365466,0.25667024,1.8453811,0,0.00061655009,1.8834787
6036,132,9701,1385,4pik_MAN_A_501,6,smina,0.47361414,0.25664828,1.8453811,0,0.27597947,0.80338053
6037,132,9715,1387,4pik_MAN_B_503,6,smina,0.47350776,0.25659063,1.8453811,0,0.72453528,0.78251133
6038,132,4332,618,2fhn_BNI_Y_502,6,smina,0.47326932,0.25646143,1.8453811,0,0,5.9163522
6039,132,7825,1117,4cno_9PY_B_301,6,smina,0.4731382,0.25639037,1.8453811,0,0.99297493,0.97987397
6040,132,8700,1242,4i6s_FUC_A_102,6,smina,0.47288861,0.25625512,1.8453811,0,0.99747106,0.59691822
6041,132,7650,1092,4cju_JNS_A_1217,6,smina,0.47266502,0.25613396,1.8453811,0,0,2.2761112
6042,132,6705,957,3vq4_0NX_A_304,6,smina,0.47258136,0.25608862,1.8453811,0,1.8473579e-05,1.1511078
6043,132,1973,281,1n3o_GYP_A_1001,6,smina,0.47205363,0.25580265,1.8453811,0,0.0021016581,1.1452795
6044,132,41,5,1ac4_TMT_A_296,6,smina,0.47173335,0.25562909,1.8453811,0,0,0.58272992
6045,132,12879,1839,5k2c_ZMA_A_1201,6,smina,0.4713708,0.25543263,1.8453811,0,0,3.8822784
6046,132,9218,1316,4lcq_URQ_A_603,6,smina,0.47120021,0.25534019,1.8453811,0,0.97387911,1.2139748
6047,132,8161,1165,4e7v_CRS_C_101,6,smina,0.47058514,0.25500688,1.8453811,0,0.96299322,0.5203239
6048,132,9372,1338,4mol_2FG_A_802,6,smina,0.4705594,0.25499294,1.8453811,0,0.17548204,1.0042456
6049,132,9946,1420,4rje_PYR_D_402,6,smina,0.46985773,0.25461271,1.8453811,0,0.94165,0.57605741
6050,132,1917,273,1mmx_FUC_B_348,6,smina,0.46955809,0.25445034,1.8453811,0,0.99457609,0.66029852
6051,132,13796,1970,5ud3_P6F_B_404,6,smina,0.46942269,0.25437696,1.8453811,0,0.48846927,7.2691
6052,132,139,19,1axg_ETF_A_404,6,smina,0.46919344,0.25425273,1.8453811,0,0.92999069,0.53828616
6053,132,3114,444,1vkf_CIT_A_501,6,smina,0.46801013,0.2536115,1.8453811,0,0.82759415,1.4395972
6054,132,15952,2278,6kxh_DY9_A_401,6,smina,0.46798493,0.25359785,1.8453811,0,0,1.3844764
6055,132,10744,1534,4zo7_BGC_A_801,6,smina,0.46773762,0.25346383,1.8453811,0,3.7122335e-06,0.90776496
6056,133,16134,2304,6m9b_BTN_B_201,6,smina,0.4927981,0.27063163,1.8209174,0,0,2.5581577
6057,133,4234,604,2ex1_C5P_A_1427,6,smina,0.49207152,0.27023261,1.8209174,0,0,4.0464171
6058,133,384,54,1dy3_87Y_A_201,6,smina,0.49164091,0.26999614,1.8209174,0,0.9870738,3.6605839
6059,133,5207,743,2qg6_NMN_A_301,6,smina,0.49130326,0.26981071,1.8209174,0,0,3.7111498
6060,133,1644,234,1kya_XYD_D_814,6,smina,0.49123742,0.26977455,1.8209174,0,0,0.68673723
6061,133,17429,2489,6vei_9UO_B_502,6,smina,0.49078777,0.26952761,1.8209174,0,0,5.3554515
6062,133,12914,1844,5kcp_PFB_A_378,6,smina,0.48973875,0.26895152,1.8209174,0,0.20405932,0.88081266
6063,133,12921,1845,5kcp_PFB_B_378,6,smina,0.48913495,0.26861993,1.8209174,0,1.9108277e-07,0.93938814
6064,133,202,28,1ca7_ENO_A_501,6,smina,0.48891569,0.26849952,1.8209174,0,0.53163124,1.1756886
6065,133,1630,232,1kwu_MMA_B_601,6,smina,0.4865326,0.26719079,1.8209174,0,0.029012238,0.99409237
6066,133,10982,1568,5a8k_TP7_D_554,6,smina,0.49169865,0.26710199,1.8408638,0,0.99555154,5.464519
6067,133,11241,1605,5c8w_PCG_F_302,6,smina,0.48515592,0.26643475,1.8209174,0,0,2.2297382
6068,133,9449,1349,4n6w_FLC_A_203,6,smina,0.48511286,0.26641111,1.8209174,0,0.99632401,1.4920637
6069,133,11227,1603,5c8w_PCG_D_302,6,smina,0.48499145,0.26634443,1.8209174,0,0,2.6538506
6070,133,7979,1139,4d5e_TPP_B_1590,6,smina,0.48494066,0.26631654,1.8209174,0,0.96079979,6.5056724
6071,133,11213,1601,5c8w_PCG_B_303,6,smina,0.48493189,0.26631172,1.8209174,0,0,2.5018498
6072,133,17219,2459,6t5p_VD8_C_302,6,smina,0.48489112,0.26628933,1.8209174,0,0.99316166,2.3804605
6073,133,4535,647,2gzm_DGL_C_503,6,smina,0.48487478,0.26628036,1.8209174,0,0.99347535,1.6097062
6074,133,3688,526,1zuw_DGL_A_1301,6,smina,0.48473892,0.26620574,1.8209174,0,0.9926218,1.3854461
6075,133,4528,646,2gzm_DGL_B_502,6,smina,0.48472274,0.26619686,1.8209174,0,0.99151646,1.4957585
6076,133,4542,648,2gzm_DGL_D_504,6,smina,0.48467684,0.26617165,1.8209174,0,0.99105671,1.6011136
6077,133,9750,1392,4pxd_1AL_A_502,6,smina,0.4851206,0.26605514,1.8233827,0,0.99719807,1.6253425
6078,133,6754,964,3vv5_SLZ_B_301,6,smina,0.48445281,0.26604862,1.8209174,0,0.87615467,2.1193262
6079,133,5655,807,2wdq_TEO_I_1589,6,smina,0.4843633,0.26599946,1.8209174,0,0.97456397,1.1120132
6080,133,3499,499,1z3n_3NA_A_320,6,smina,0.4841345,0.26587381,1.8209174,0,0.98143503,5.1733426
6081,133,1623,231,1kwu_MMA_A_501,6,smina,0.48413419,0.26587364,1.8209174,0,0.027213787,0.98898008
6082,133,5991,855,2z48_A2G_B_2005,6,smina,0.48411817,0.26586485,1.8209174,0,3.5234666e-07,1.4316511
6083,133,3695,527,1zuw_DGL_B_2301,6,smina,0.48408688,0.26584766,1.8209174,0,0.95160411,1.6602299
6084,133,2344,334,1pr0_NOS_A_1245,6,smina,0.48408175,0.26584485,1.8209174,0,0.98143408,2.2498082
6085,133,11696,1670,5eo8_TFU_A_405,6,smina,0.48405951,0.26583263,1.8209174,0,0.98951449,0.78186585
6086,133,14825,2117,6ayv_F6P_A_401,6,smina,0.48404106,0.2658225,1.8209174,0,0.86093906,2.2295127
6087,133,7384,1054,4b1f_DGL_B_1256,6,smina,0.48399802,0.26579887,1.8209174,0,0.97999946,1.4830837
6088,133,5368,766,2r4t_GLC_A_502,6,smina,0.48391934,0.26575565,1.8209174,0,0.11467481,0.87575412
6089,133,10065,1437,4ubp_HAE_C_800,6,smina,0.48389674,0.26574324,1.8209174,0,0.84384405,0.47185558
6090,133,5690,812,2wj4_HQD_C_1277,6,smina,0.48374083,0.26565762,1.8209174,0,0,1.24355
6091,133,12851,1835,5jp9_DCM_A_401,6,smina,0.48371684,0.26564444,1.8209174,0,0,3.0527157
6092,133,17121,2445,6sxr_KHP_A_513,6,smina,0.48358719,0.26557325,1.8209174,0,0,2.5655863
6093,133,1406,200,1jtk_THU_A_138,6,smina,0.48353357,0.2655438,1.8209174,0,0.97610867,1.5691375
6094,133,10282,1468,4wdx_WDX_B_402,6,smina,0.48350383,0.26552747,1.8209174,0,0,2.3209733
6095,133,3611,515,1zgj_P1S_A_0,6,smina,0.48344161,0.2654933,1.8209174,0,0,1.8457034
6096,133,11199,1599,5c7v_PYC_A_804,6,smina,0.4833656,0.26545156,1.8209174,0,1.7746324e-05,0.64460536
6097,133,17653,2521,6zac_QDE_A_4000,6,smina,0.48327483,0.2654017,1.8209174,0,0,4.7902657
6098,133,5648,806,2wdq_TEO_E_1589,6,smina,0.48325261,0.2653895,1.8209174,0,0.9623516,1.0322953
6099,133,6432,918,3sru_Q26_X_169,6,smina,0.48301018,0.26525637,1.8209174,0,0,7.500317
6100,133,11612,1658,5eo7_SFU_A_402,6,smina,0.48293409,0.26521458,1.8209174,0,0.97566781,0.85376501
6101,133,7321,1045,4ajj_MLI_D_1333,6,smina,0.48265581,0.26506175,1.8209174,0,0.95990453,0.65268193
6102,133,237,33,1cib_HDA_A_437,6,smina,0.48259928,0.26503071,1.8209174,0,0.956209,0.74021444
6103,133,1196,170,1isx_XYP_A_1461,6,smina,0.48249249,0.26497207,1.8209174,0,0.038516264,0.55558561
6104,133,17261,2465,6tfb_N6W_B_202,6,smina,0.48224628,0.26483685,1.8209174,0,0,1.6250366
6105,133,13453,1921,5r0j_RBJ_B_401,6,smina,0.48187766,0.26463442,1.8209174,0,0,0.85613338
6106,134,629,89,1g6n_CMP_A_621,6,smina,0.50595045,0.28524009,1.7737695,0,0,2.9825541
6107,134,636,90,1g6n_CMP_B_622,6,smina,0.50570536,0.28510192,1.7737695,0,0,2.9658383
6108,134,3401,485,1y2x_NAG_B_1144,6,smina,0.5055064,0.28498975,1.7737695,0,0.99305975,1.2423095
6109,134,8658,1236,4i4v_NGA_A_201,6,smina,0.504719,0.28454584,1.7737695,0,0.98213771,1.2492217
6110,134,3394,484,1y2x_NAG_A_144,6,smina,0.50460751,0.28448298,1.7737695,0,0.99018027,1.2877173
6111,134,8035,1147,4dch_GLC_A_501,6,smina,0.50387883,0.28407217,1.7737695,0,0.0049831128,0.84851139
6112,134,5683,811,2wj4_HQD_B_1278,6,smina,0.50284684,0.28349037,1.7737695,0,0.99122628,1.1210314
6113,134,5697,813,2wj4_HQD_D_1278,6,smina,0.50284448,0.28348904,1.7737695,0,0.99431803,1.1244735
6114,134,15959,2279,6kxh_DY9_B_402,6,smina,0.50233436,0.28320145,1.7737695,0,0,1.7818403
6115,134,2869,409,1tl2_NDG_A_238,6,smina,0.50229612,0.28317989,1.7737695,0,0.98017502,1.1909251
6116,134,16575,2367,6ooi_PGA_G_301,6,smina,0.50179802,0.28289907,1.7737695,0,0.051679523,1.1186382
6117,134,16561,2365,6ooi_PGA_C_302,6,smina,0.50153357,0.28274998,1.7737695,0,0.61582659,1.0785746
6118,134,6180,882,3mk1_NPO_A_912,6,smina,0.50074594,0.28230595,1.7737695,0,0,0.70002191
6119,134,16015,2287,6l86_LMR_C_302,6,smina,0.49947004,0.28158663,1.7737695,0,0.0041471852,0.89905396
6120,134,1420,202,1jw0_GUA_B_999,6,smina,0.49938231,0.28153717,1.7737695,0,2.5623888e-06,1.2318533
6121,134,2540,362,1r4s_MUA_A_800,6,smina,0.49926017,0.28146831,1.7737695,0,0,0.73466372
6122,134,818,116,1h18_PYR_A_1001,6,smina,0.49919737,0.2814329,1.7737695,0,0.048898879,0.60586928
6123,134,1476,210,1k5s_GRO_B_601,6,smina,0.4991367,0.2813987,1.7737695,0,0.94707091,1.0634992
6124,134,5620,802,2w5t_GP9_A_1644,6,smina,0.49844442,0.28100841,1.7737695,0,0.4486867,1.1456214
6125,134,2001,285,1ne4_RP1_A_601,6,smina,0.49838261,0.28097356,1.7737695,0,0,3.5189712
6126,134,9421,1345,4n36_2F8_A_401,6,smina,0.49770274,0.28059028,1.7737695,0,0.82176799,1.5965134
6127,134,4444,634,2g5v_22M_A_301,6,smina,0.49745582,0.28045107,1.7737695,0,0,1.7420287
6128,134,11325,1617,5cmb_GLY_A_301,6,smina,0.497162,0.28028542,1.7737695,0,0.99879427,0.599091
6129,134,17737,2533,7bzm_GIM_B_501,6,smina,0.49713799,0.28027189,1.7737695,0,0,1.0406108
6130,134,11171,1595,5bwd_FUM_A_901,6,smina,0.49687588,0.28012411,1.7737695,0,0,0.76679287
6131,134,3205,457,1w62_PYC_A_700,6,smina,0.4968717,0.28012176,1.7737695,0,0.99453936,0.68202383
6132,134,12991,1855,5l1v_7PF_A_401,6,smina,0.49685595,0.28011288,1.7737695,0,0.9942777,1.2548775
6133,134,12984,1854,5l1u_7PF_A_401,6,smina,0.4968558,0.2801128,1.7737695,0,1.8954547e-06,1.4338161
6134,134,7769,1109,4clr_FDB_B_1270,6,smina,0.49682172,0.28009358,1.7737695,0,0,0.80219091
6135,134,6257,893,3qss_MTG_B_405,6,smina,0.49679969,0.28008116,1.7737695,0,0.0018673786,0.59809029
6136,134,5984,854,2z48_A2G_B_2001,6,smina,0.49658738,0.27996147,1.7737695,0,0.90086712,1.4934126
6137,134,6075,867,2zka_AZA_A_302,6,smina,0.49626845,0.27978166,1.7737695,0,0.98636755,0.71347765
6138,134,3044,434,1uxi_FUM_A_1311,6,smina,0.49606375,0.27966626,1.7737695,0,0,0.79352868
6139,134,7762,1108,4clr_FDB_A_1270,6,smina,0.49555094,0.27937716,1.7737695,0,0,0.74761011
6140,134,16939,2419,6rgg_K3Q_B_405,6,smina,0.49906376,0.279092,1.7881684,0,0.00064653271,1.4530883
6141,134,7104,1014,3zp7_PRE_A_1118,6,smina,0.49500636,0.27907014,1.7737695,0,0,1.7782968
6142,134,14405,2057,5yaq_ISE_D_402,6,smina,0.49496003,0.27904402,1.7737695,0,0.08979739,1.0030998
6143,134,11577,1653,5e4o_L57_A_201,6,smina,0.49463074,0.27885837,1.7737695,0,0,2.9509948
6144,134,16862,2408,6qrn_RIP_A_500,6,smina,0.49422636,0.27863039,1.7737695,0,0.05173119,0.51966646
6145,134,8966,1280,4jh6_FCN_B_202,6,smina,0.49409777,0.2785579,1.7737695,0,0,0.62644235
6146,134,8672,1238,4i4v_NGA_B_201,6,smina,0.4939747,0.27848851,1.7737695,0,1.0038648e-10,1.444961
6147,134,6551,935,3v1m_HPK_A_288,6,smina,0.49323807,0.27807323,1.7737695,0,0.41910781,2.237549
6148,134,7776,1110,4clr_FDB_C_1270,6,smina,0.49309452,0.27799229,1.7737695,0,0,0.72663789
6149,134,12172,1738,5gwt_SIN_C_301,6,smina,0.49269738,0.2777684,1.7737695,0,0,0.81414823
6150,134,4451,635,2g8t_MI2_A_401,6,smina,0.49267971,0.27775844,1.7737695,0,0,1.7944721
6151,134,15182,2168,6f2b_AKG_A_402,6,smina,0.4917339,0.27722522,1.7737695,0,0.76210396,1.3526269
6152,134,12186,1740,5gwx_SAR_A_302,6,smina,0.49164445,0.27717479,1.7737695,0,0.82482136,0.68654303
6153,134,10604,1514,4z69_DIF_A_1006,6,smina,0.4912819,0.27697039,1.7737695,0,0,3.1687505
6154,134,8686,1240,4i4v_NGA_D_202,6,smina,0.49095051,0.27678357,1.7737695,0,0.00052865784,1.4241971
6155,134,7587,1083,4c67_L5S_A_1170,6,smina,0.503274,0.2763056,1.8214388,0,0,2.5477126
6156,135,13642,1948,5tdt_MBN_D_501,6,smina,0.47355075,0.27607439,1.7153003,0,0.93351141,0.61623162
6157,135,12067,1723,5g44_YTZ_A_1512,6,smina,0.47032158,0.27419182,1.7153003,0,0,1.467832
6158,135,7062,1008,3zbs_OVE_A_1380,6,smina,0.46796345,0.27281706,1.7153003,0,0.12104376,5.0645593
6159,135,4101,585,2dm5_ODI_A_312,6,smina,0.46501063,0.2710956,1.7153003,0,0.15456901,1.3862739
6160,135,16806,2400,6qo4_97T_A_301,6,smina,0.46486831,0.27101263,1.7153003,0,0.00093734222,1.1866945
6161,135,16750,2392,6qaw_HVE_A_402,6,smina,0.46380759,0.27039425,1.7153003,0,0,2.141834
6162,135,2806,400,1tf8_TRP_A_913,6,smina,0.46372793,0.2703478,1.7153003,0,0.98890516,1.5903544
6163,135,6362,908,3roe_THM_E_265,6,smina,0.46343854,0.27017909,1.7153003,0,0,2.0928902
6164,135,6355,907,3roe_THM_D_265,6,smina,0.46337753,0.27014352,1.7153003,0,0,3.1995304
6165,135,14762,2108,6a3j_SOE_D_401,6,smina,0.46325356,0.27007125,1.7153003,0,0.98158381,0.86766837
6166,135,7594,1084,4c7g_NGO_A_1495,6,smina,0.46321516,0.27004886,1.7153003,0,0.00072600716,1.0494616
6167,135,14748,2106,6a3j_SOE_B_401,6,smina,0.46318164,0.27002932,1.7153003,0,0.97903093,0.88262315
6168,135,14741,2105,6a3j_SOE_A_402,6,smina,0.46291883,0.26987611,1.7153003,0,0.98080315,0.98981478
6169,135,14993,2141,6c1x_DNX_A_203,6,smina,0.46291501,0.26987388,1.7153003,0,0,1.0194681
6170,135,2022,288,1ngp_NPA_H_302,6,smina,0.46262861,0.26970691,1.7153003,0,0.99043765,1.2879799
6171,135,10730,1532,4zib_4OG_A_512,6,smina,0.46147664,0.26903533,1.7153003,0,0,2.083165
6172,135,14118,2016,5w8q_BU4_B_400,6,smina,0.46122421,0.26888816,1.7153003,0,0.75503505,0.80036172
6173,135,11654,1664,5eo7_SFU_C_402,6,smina,0.46089959,0.26869891,1.7153003,0,0.98953764,0.79206083
6174,135,9099,1299,4kp7_1UQ_A_503,6,smina,0.46087652,0.26868546,1.7153003,0,0,2.751529
6175,135,5956,850,2z20_PLP_B_801,6,smina,0.46048354,0.26845636,1.7153003,0,0,1.4625388
6176,135,17079,2439,6sj8_44V_A_901,6,smina,0.45978587,0.26804963,1.7153003,0,0,0.76513313
6177,135,11675,1667,5eo7_SFU_C_405,6,smina,0.45966383,0.26797848,1.7153003,0,0.98015925,1.3072662
6178,135,601,85,1fwn_PEP_A_1268,6,smina,0.45917839,0.26769547,1.7153003,0,0.0030251786,1.3241013
6179,135,160,22,1axg_ETF_D_404,6,smina,0.45897694,0.26757803,1.7153003,0,0.91311732,0.53952607
6180,135,15987,2283,6l68_ALL_A_201,6,smina,0.45815944,0.26710144,1.7153003,0,0.92053352,0.7646829
6181,135,12998,1856,5l7u_NGA_A_601,6,smina,0.457953,0.26698109,1.7153003,0,0.81528177,1.3762272
6182,135,8497,1213,4h9g_14J_A_512,6,smina,0.45626216,0.26599535,1.7153003,0,0.0097244858,0.67101272
6183,135,8707,1243,4i6s_FUC_B_101,6,smina,0.45620211,0.26596034,1.7153003,0,0.99789244,0.60128224
6184,135,15938,2276,6krs_CIT_I_301,6,smina,0.45513381,0.26533754,1.7153003,0,0.81477041,1.5939465
6185,135,2512,358,1qmh_CIT_A_401,6,smina,0.45407802,0.26472202,1.7153003,0,0.016457058,1.5121148
6186,135,2673,381,1sep_BIO_A_801,6,smina,0.45352247,0.26439814,1.7153003,0,1.534551e-08,1.600964
6187,135,4962,708,2ot7_OGA_B_500,6,smina,0.45213209,0.26358757,1.7153003,0,0.0001279635,1.2295159
6188,135,17135,2447,6szl_M3E_B_604,6,smina,0.45176785,0.26337522,1.7153003,0,0,1.0539688
6189,135,5340,762,2r3d_ACM_A_303,6,smina,0.4509448,0.26289539,1.7153003,0,0.99373575,0.42243411
6190,135,17506,2500,6wdw_TWV_A_701,6,smina,0.45084643,0.26283804,1.7153003,0,0,4.4981514
6191,135,5151,735,2qcx_PF1_B_300,6,smina,0.45041128,0.26258436,1.7153003,0,0,1.9347204
6192,135,12473,1781,5ice_2H4_A_402,6,smina,0.45037403,0.26256264,1.7153003,0,0,2.8027787
6193,135,1378,196,1jhv_NIO_A_991,6,smina,0.4500809,0.26239175,1.7153003,0,0,0.71269103
6194,135,8721,1245,4i6s_FUC_C_101,6,smina,0.44908659,0.26181208,1.7153003,0,0.82584714,0.66331077
6195,135,1665,237,1l4n_NIO_A_991,6,smina,0.44887391,0.26168809,1.7153003,0,0,1.0023584
6196,135,9722,1388,4pik_MAN_C_503,6,smina,0.4487942,0.26164162,1.7153003,0,0.99424236,0.8916094
6197,135,6348,906,3roe_THM_C_265,6,smina,0.44808349,0.26122728,1.7153003,0,0,2.8767821
6198,135,4591,655,2i1v_FDP_B_710,6,smina,0.44756616,0.26092569,1.7153003,0,6.93364e-05,3.0237794
6199,135,706,100,1gim_HDA_A_438,6,smina,0.4468231,0.26049249,1.7153003,0,0.010349419,0.78473519
6200,135,5396,770,2rbx_3AY_X_2001,6,smina,0.44607832,0.26005829,1.7153003,0,0.67344959,0.70641437
6201,135,11990,1712,5fuv_THM_A_1388,6,smina,0.44592116,0.25996667,1.7153003,0,0,2.4007306
6202,135,6509,929,3ucc_2PG_A_601,6,smina,0.44585478,0.25992797,1.7153003,0,0.99496091,1.1839913
6203,135,12900,1842,5kcj_6RM_B_302,6,smina,0.44549266,0.25971686,1.7153003,0,0,6.2626357
6204,135,34,4,1a9r_HPA_A_290,6,smina,0.44546269,0.25969939,1.7153003,0,0.22012759,0.5928253
6205,135,13194,1884,5n5k_HAE_A_306,6,smina,0.44427374,0.25900624,1.7153003,0,2.4947079e-07,0.41766418
6206,136,2428,346,1q20_PLO_A_401,6,smina,0.46682193,0.27860398,1.6755743,0,0,1.5976871
6207,136,3359,479,1xkw_188_A_1001,6,smina,0.45155665,0.27188074,1.660862,0,0,1.339908
6208,136,6649,949,3vmg_9CA_B_2001,6,smina,0.45132105,0.27173889,1.660862,0,0.93328234,1.0237432
6209,136,9582,1368,4ocj_NDG_A_401,6,smina,0.45092344,0.27149949,1.660862,0,0.98846261,2.2433905
6210,136,783,111,1h0v_UN4_A_1299,6,smina,0.4499592,0.27091893,1.660862,0,1.0691243e-08,2.1174041
6211,136,6656,950,3vmg_9CA_C_2002,6,smina,0.4480656,0.2697788,1.660862,0,0.91755955,1.0463699
6212,136,10807,1543,4zu3_4SD_C_301,6,smina,0.44632614,0.26873147,1.660862,0,0.91737285,1.0318125
6213,136,3898,556,2bk3_FOF_B_1498,6,smina,0.44596582,0.26851452,1.660862,0,3.0404468e-10,2.6419462
6214,136,14566,2080,5z54_0HZ_A_303,6,smina,0.44576374,0.26839285,1.660862,0,0,2.1459679
6215,136,8924,1274,4j5h_1K4_A_303,6,smina,0.44540055,0.26817418,1.660862,0,0.92141415,5.1191271
6216,136,17408,2486,6uvj_QJ1_A_205,6,smina,0.4431637,0.26682738,1.660862,0,0,1.4857788
6217,136,13999,1999,5vl0_BNF_D_404,6,smina,0.44307041,0.26677121,1.660862,0,0,0.98487798
6218,136,3842,548,2bdg_PBZ_B_302,6,smina,0.44215753,0.26622157,1.660862,0,0,0.82759347
6219,136,17702,2528,7bp1_CAQ_A_401,6,smina,0.44212571,0.26620241,1.660862,0,0.99601565,0.64247058
6220,136,7664,1094,4cjv_IV2_A_1212,6,smina,0.44211748,0.26619745,1.660862,0,0.0012211086,0.81754316
6221,136,272,38,1d6u_HY1_A_2001,6,smina,0.44205307,0.26615867,1.660862,0,0.0063647831,0.9322478
6222,136,8343,1191,4f06_PHB_A_401,6,smina,0.44198013,0.26611476,1.660862,0,0,1.0944909
6223,136,8756,1250,4i7n_1DJ_A_202,6,smina,0.44191965,0.26607834,1.660862,0,0.99493901,1.1290076
6224,136,17100,2442,6sux_BEN_A_302,6,smina,0.44190479,0.26606939,1.660862,0,0.99528147,0.70780964
6225,136,2232,318,1ov5_2LP_A_403,6,smina,0.44190176,0.26606757,1.660862,0,0.99529623,1.0684163
6226,136,17709,2529,7bp1_CAQ_C_401,6,smina,0.44188743,0.26605894,1.660862,0,0.1892896,0.63304373
6227,136,8175,1167,4e7v_CRS_G_101,6,smina,0.44186904,0.26604787,1.660862,0,0.92393251,0.51680816
6228,136,3541,505,1zdq_MSM_C_1509,6,smina,0.44184794,0.26603516,1.660862,0,0,0.3801145
6229,136,8336,1190,4evq_PHB_A_406,6,smina,0.44182803,0.26602318,1.660862,0,0,1.0504672
6230,136,7965,1137,4d4u_FUC_B_950,6,smina,0.44182362,0.26602052,1.660862,0,0.99713997,0.88443533
6231,136,8763,1251,4i7n_1DJ_B_203,6,smina,0.441815,0.26601533,1.660862,0,0.99523392,1.2199692
6232,136,13481,1925,5t3h_BEN_A_302,6,smina,0.44176318,0.26598413,1.660862,0,0.99472224,0.67457602
6233,136,14860,2122,6b6r_BEN_A_302,6,smina,0.44165445,0.26591867,1.660862,0,0.99484727,0.63332224
6234,137,4549,649,2hi4_BHF_A_800,6,smina,0.46344705,0.28407061,1.6314492,0,0,1.405068
6235,137,9064,1294,4k5u_GAL_C_301,6,smina,0.46288313,0.28372495,1.6314492,0,0.9111077,0.90646787
6236,137,4276,610,2f78_BEZ_B_1002,6,smina,0.46281762,0.2836848,1.6314492,0,0.98852637,0.9257424
6237,137,3555,507,1zei_CRS_B_56,6,smina,0.46249376,0.28348629,1.6314492,0,1.311009e-06,0.56940806
6238,137,4262,608,2f78_BEZ_A_1001,6,smina,0.46248033,0.28347806,1.6314492,0,0.99368829,0.7158328
6239,137,15609,2229,6hmw_FUL_G_202,6,smina,0.46244756,0.28345798,1.6314492,0,0.99605066,0.89304499
6240,137,8203,1171,4e7v_CRS_O_101,6,smina,0.46240913,0.28343442,1.6314492,0,0.80527909,0.57448593
6241,137,5473,781,2v32_BEZ_C_1222,6,smina,0.46240703,0.28343313,1.6314492,0,0.088719752,0.74383492
6242,137,8196,1170,4e7v_CRS_M_101,6,smina,0.46219727,0.28330456,1.6314492,0,0.22714645,0.58019137
6243,137,17303,2471,6tog_NQH_A_201,6,smina,0.46219046,0.28330038,1.6314492,0,0,1.4958205
6244,137,12333,1761,5hpu_IPH_A_101,6,smina,0.46217375,0.28329014,1.6314492,0,0,0.41955432
6245,137,7881,1125,4cxr_2BG_A_502,6,smina,0.46214803,0.28327437,1.6314492,0,0.98467477,1.0305407
6246,137,2309,329,1pbd_PAB_A_396,6,smina,0.46200203,0.28318489,1.6314492,0,0,0.85283526
6247,137,15161,2165,6e43_BEZ_B_502,6,smina,0.46191825,0.28313353,1.6314492,0,0.067339126,0.78914416
6248,137,3366,480,1xl0_OX2_A_998,6,smina,0.46175903,0.28303594,1.6314492,0,0.71233137,1.7238157
6249,137,5844,834,2xya_7L4_A_1181,6,smina,0.46135656,0.28278924,1.6314492,0,5.118026e-06,1.2425404
6250,137,4220,602,2eus_ABN_A_400,6,smina,0.46135194,0.28278641,1.6314492,0,0,0.6211307
6251,137,146,20,1axg_ETF_B_404,6,smina,0.46132122,0.28276758,1.6314492,0,0.97820694,0.71939019
6252,137,6712,958,3vq4_0NX_A_305,6,smina,0.46122861,0.28271081,1.6314492,0,0.9723803,0.98660088
6253,137,8189,1169,4e7v_CRS_K_101,6,smina,0.46114724,0.28266094,1.6314492,0,0.98171348,0.80518463
6254,137,1637,233,1kya_XYD_B_612,6,smina,0.46108457,0.28262252,1.6314492,0,0,0.69265223
6255,137,5459,779,2v32_BEZ_A_1222,6,smina,0.46092701,0.28252595,1.6314492,0,0.052244784,0.74054089
6256,137,17569,2509,6xp1_T2C_A_401,6,smina,0.46090207,0.28251066,1.6314492,0,0,0.64282036
6257,137,15602,2228,6hmw_FUL_F_202,6,smina,0.46089378,0.28250558,1.6314492,0,0.99518184,0.59617447
6258,137,195,27,1bqp_MAN_B_401,6,smina,0.46087829,0.28249609,1.6314492,0,0.99227775,0.76984829
6259,137,8714,1244,4i6s_FUC_B_102,6,smina,0.46079392,0.28244437,1.6314492,0,0.99635898,0.63762483
6260,137,10373,1481,4x36_CHT_A_409,6,smina,0.46076816,0.28242858,1.6314492,0,0,0.58411179
6261,137,4108,586,2e1a_MSE_D_301,6,smina,0.46072589,0.28240267,1.6314492,0,0.25578773,1.5261753
6262,137,15168,2166,6e43_BEZ_D_502,6,smina,0.46072192,0.28240024,1.6314492,0,0.12612577,0.84994349
6263,137,6327,903,3r51_MMA_A_200,6,smina,0.46057032,0.28230732,1.6314492,0,0.99344042,0.93529013
6264,137,3779,539,2aiq_BEN_A_401,6,smina,0.46051865,0.28227565,1.6314492,0,0.00035627015,0.6691384
6265,137,10205,1457,4uzi_IMD_B_1456,6,smina,0.46042824,0.28222023,1.6314492,0,0,0.37657917
6266,137,4703,671,2iyq_SKM_A_201,6,smina,0.4603908,0.28219728,1.6314492,0,0.0097245743,0.85961833
6267,137,2890,412,1toq_AMG_A_501,6,smina,0.46030632,0.28214549,1.6314492,0,0.99724082,0.88260839
6268,137,1602,228,1kuj_MMA_E_503,6,smina,0.46025759,0.28211563,1.6314492,0,0.99216742,1.0546822
6269,137,15154,2164,6e43_BEZ_A_502,6,smina,0.46022133,0.2820934,1.6314492,0,0.10446788,0.7632519
6270,137,8364,1194,4fra_GAL_A_402,6,smina,0.46022061,0.28209296,1.6314492,0,4.1850984e-06,1.0584717
6271,137,8133,1161,4dwv_PFB_B_378,6,smina,0.46018548,0.28207143,1.6314492,0,0.97443221,1.1952748
6272,137,1770,252,1lti_GAL_H_104,6,smina,0.45972938,0.28179186,1.6314492,0,0.98904427,0.73105582
6273,137,1588,226,1kuj_MMA_A_501,6,smina,0.45969495,0.28177076,1.6314492,0,0.994993,1.053496
6274,137,8126,1160,4dwv_PFB_A_378,6,smina,0.45937551,0.28157496,1.6314492,0,0.98385887,0.95186132
6275,137,8693,1241,4i6s_FUC_A_101,6,smina,0.45926758,0.2815088,1.6314492,0,0.99697048,0.87503813
6276,137,2876,410,1tl2_NDG_A_239,6,smina,0.45911909,0.28141778,1.6314492,0,0.98124082,1.2203831
6277,137,1413,201,1jtk_THU_B_1138,6,smina,0.45865523,0.28113346,1.6314492,0,0.96875062,1.7456616
6278,137,9603,1371,4ovl_1TD_A_308,6,smina,0.45859579,0.28109702,1.6314492,0,0,1.8726454
6279,137,4381,625,2fu9_MP2_A_1410,6,smina,0.45856545,0.28107843,1.6314492,0,5.2404979e-05,4.2897312
6280,137,11556,1650,5dz2_212_B_404,6,smina,0.45848004,0.28102608,1.6314492,0,0,1.8974159
6281,137,1595,227,1kuj_MMA_C_502,6,smina,0.45847082,0.28102042,1.6314492,0,0.99043813,1.0329455
6282,137,2904,414,1toq_AMG_G_504,6,smina,0.45843861,0.28100068,1.6314492,0,0.99399425,1.0623412
6283,137,16995,2427,6rum_TOP_A_301,6,smina,0.45843524,0.28099862,1.6314492,0,0.0077059447,3.1120373
6284,138,6201,885,3qfx_CP6_B_702,6,smina,0.49803305,0.31838934,1.5642256,0,0,1.5815582
6285,138,6194,884,3qfx_CP6_A_602,6,smina,0.49796429,0.31834539,1.5642256,0,0,1.6859594
6286,138,5606,800,2w1a_TSA_C_1091,6,smina,0.49780399,0.3182429,1.5642256,0,0.092288641,1.1816213
6287,138,1140,162,1if4_FBS_A_555,6,smina,0.49762626,0.31812928,1.5642256,0,0,1.2879787
6288,138,1294,184,1j0y_BGC_D_4601,6,smina,0.49686516,0.31764272,1.5642256,0,0.99561829,0.93180391
6289,138,2190,312,1o68_KIV_D_275,6,smina,0.49681905,0.31761324,1.5642256,0,0.99047589,0.74524271
6290,138,5879,839,2y00_Y00_B_601,6,smina,0.49677491,0.31758502,1.5642256,0,0,6.253308
6291,138,9211,1315,4l91_X29_A_301,6,smina,0.49656436,0.31745042,1.5642256,0,0,2.5569527
6292,138,5424,774,2rtn_IMI_B_300,6,smina,0.49608366,0.31714311,1.5642256,0,0.98855135,2.6002111
6293,138,6404,914,3se2_3AB_C_4,6,smina,0.49581883,0.31697381,1.5642256,0,0,0.76117958
6294,138,727,103,1gkc_NFH_A_1448,6,smina,0.49522762,0.31659585,1.5642256,0,0,3.8918299
6295,138,5431,775,2rtn_IMI_D_300,6,smina,0.49518776,0.31657036,1.5642256,0,0.30624612,3.5231492
6296,138,2666,380,1s6h_4BZ_A_1,6,smina,0.49474122,0.3162849,1.5642256,0,0,0.86943671
6297,138,2316,330,1pfw_MF3_A_553,6,smina,0.49419605,0.31593637,1.5642256,0,0.89847451,1.9405595
6298,138,3198,456,1w55_C_A_1373,6,smina,0.49410389,0.31587745,1.5642256,0,0,3.212182
6299,138,3408,486,1y2x_NAG_D_3144,6,smina,0.49393605,0.31577015,1.5642256,0,0.99071689,1.230388
6300,138,17051,2435,6s9g_L1Q_A_305,6,smina,0.49286579,0.31508595,1.5642256,0,0.99433744,2.2672804
6301,138,902,128,1h48_CDI_B_902,6,smina,0.49252199,0.31486616,1.5642256,0,0.9614032,1.649782
6302,138,6411,915,3se2_3AB_D_3,6,smina,0.49232733,0.31474171,1.5642256,0,0,0.86259574
6303,138,7230,1032,4a7x_UDP_B_1241,6,smina,0.49194629,0.31449812,1.5642256,0,0,4.8293425
6304,138,9050,1292,4k5u_GAL_A_301,6,smina,0.49137993,0.31413605,1.5642256,0,0.88534041,0.83694541
6305,138,1280,182,1j0y_BGC_B_2601,6,smina,0.49135663,0.31412115,1.5642256,0,0.99200104,0.98735226
6306,138,7839,1119,4cno_9PY_D_301,6,smina,0.4910821,0.31394565,1.5642256,0,0.96551874,1.047493
6307,138,13600,1942,5tde_2HP_B_901,6,smina,0.49038068,0.31349723,1.5642256,0,0.98793898,0.51995532
6308,138,1756,250,1lti_GAL_D_104,6,smina,0.48992959,0.31320885,1.5642256,0,0.98758186,0.84560292
6309,138,153,21,1axg_ETF_C_404,6,smina,0.48952014,0.3129471,1.5642256,0,0.93178758,0.53518158
6310,138,6915,987,3wr4_GDE_B_502,6,smina,0.48946898,0.31291439,1.5642256,0,0.0047040027,0.90329416
6311,138,16778,2396,6qhu_FAH_A_401,6,smina,0.48909602,0.31267596,1.5642256,0,0.63294804,0.50972549
6312,138,11619,1659,5eo7_SFU_A_405,6,smina,0.48788022,0.3118987,1.5642256,0,0.93485937,0.90480183
6313,138,14657,2093,5zgr_ZZ7_A_303,6,smina,0.48782337,0.31186236,1.5642256,0,0.033785488,4.9443504
6314,138,8749,1249,4i6y_MEV_B_1001,6,smina,0.48771305,0.31179183,1.5642256,0,0.48466494,1.0876596
6315,138,7846,1120,4cpp_ADM_A_422,6,smina,0.48749304,0.31165118,1.5642256,0,0,0.45441978
6316,138,14643,2091,5zge_ZZ7_A_301,6,smina,0.48646344,0.31099297,1.5642256,0,0.031455512,5.4213225
6317,138,5466,780,2v32_BEZ_B_1220,6,smina,0.48620756,0.31082938,1.5642256,0,0.99193351,0.63929723
6318,138,2197,313,1o68_KIV_E_275,6,smina,0.48606582,0.31073877,1.5642256,0,0.63647904,0.69919028
6319,138,12641,1805,5j4k_6FZ_A_404,6,smina,0.48465667,0.30983791,1.5642256,0,0.77373321,0.68254634
6320,138,3310,472,1xc7_GL6_A_998,6,smina,0.4837285,0.30924454,1.5642256,0,0.81519252,2.3580226
6321,138,3478,496,1z11_8MO_A_501,6,smina,0.4834332,0.30905575,1.5642256,0,0,0.95607333
6322,138,1959,279,1msv_PUT_B_355,6,smina,0.48292021,0.3087278,1.5642256,0,0.98670242,0.71380387
6323,138,14650,2092,5zge_ZZ7_B_302,6,smina,0.48250184,0.30846034,1.5642256,0,3.3937472e-07,5.0585256
6324,138,12942,1848,5kjw_53C_A_800,6,smina,0.48204069,0.30816553,1.5642256,0,0,0.83265762
6325,138,8350,1192,4f8n_GAL_A_204,6,smina,0.48155337,0.30785399,1.5642256,0,0.80339719,0.71091127
6326,138,3492,498,1z11_8MO_D_501,6,smina,0.48119281,0.30762349,1.5642256,0,0,0.99423707
6327,138,3485,497,1z11_8MO_B_501,6,smina,0.48069362,0.30730435,1.5642256,0,0,1.0046579
6328,138,2183,311,1o68_KIV_B_275,6,smina,0.48060419,0.30724719,1.5642256,0,0.65560804,0.69853849
6329,138,8665,1237,4i4v_NGA_A_202,6,smina,0.47906461,0.30626294,1.5642256,0,0.98645358,1.6176807
6330,138,10632,1518,4za7_4LV_A_606,6,smina,0.47837328,0.30582098,1.5642256,0,0,0.97751068
6331,138,1371,195,1jho_NIO_A_991,6,smina,0.47787383,0.30550168,1.5642256,0,0,0.85862586
6332,138,8469,1209,4gy9_ZIP_A_201,6,smina,0.47695035,0.30491131,1.5642256,0,0.0031092819,1.1414113
6333,138,8147,1163,4e7v_CRS_3_101,6,smina,0.47688021,0.30486647,1.5642256,0,0.29191525,0.44460855
6334,139,6537,933,3uud_EST_B_600,6,smina,0.50762737,0.33786822,1.5024409,0,0,1.7784511
6335,139,4773,681,2no7_LDC_A_401,6,smina,0.50663728,0.33720924,1.5024409,0,0,2.5268879
6336,139,3828,546,2b3f_GAL_F_3315,6,smina,0.50650004,0.33711789,1.5024409,0,0.99748793,1.6632268
6337,139,12417,1773,5i7r_68W_A_402,6,smina,0.50420327,0.3355892,1.5024409,0,0,3.9077711
6338,139,6530,932,3uud_EST_A_600,6,smina,0.50384166,0.33534852,1.5024409,0,0,1.9198191
6339,139,14090,2012,5w3k_9TY_A_401,6,smina,0.50011264,0.33286655,1.5024409,0,0,0.73162983
6340,139,6726,960,3vq5_MMJ_A_1007,6,smina,0.50003373,0.33281402,1.5024409,0,0.00092565632,1.6636025
6341,139,10415,1487,4xh4_PPI_A_504,6,smina,0.49779463,0.33132372,1.5024409,0,0,0.50855817
6342,139,14097,2013,5w3k_9TY_B_401,6,smina,0.49534747,0.32969493,1.5024409,0,0,0.74527296
6343,139,8371,1195,4fxr_BMP_A_301,6,smina,0.49525847,0.3296357,1.5024409,0,0,3.3741438
6344,139,3030,432,1uqx_MMA_A_1116,6,smina,0.49389304,0.32872689,1.5024409,0,0.01502514,0.89557124
6345,139,8378,1196,4fxr_BMP_B_301,6,smina,0.49336352,0.32837444,1.5024409,0,0,2.9453205
6346,139,209,29,1ca7_ENO_C_701,6,smina,0.49165976,0.32724045,1.5024409,0,0.96569604,1.2533392
6347,139,475,67,1ei6_PPF_D_412,6,smina,0.49051905,0.32648122,1.5024409,0,0.99170829,0.71986785
6348,139,5893,841,2y4j_LAC_A_400,6,smina,0.48594491,0.32343674,1.5024409,0,0.00064166763,0.85423541
6349,139,9127,1303,4kqx_HIO_A_402,6,smina,0.48448464,0.32246481,1.5024409,0,0.005095586,0.82364087
6350,139,9428,1346,4n36_2F8_D_401,6,smina,0.4843275,0.32236022,1.5024409,0,0.82354371,1.5200455
6351,139,3387,483,1xuz_PEP_A_2001,6,smina,0.48135248,0.3203801,1.5024409,0,0.94619993,0.99857274
6352,139,5480,782,2v32_BEZ_D_1221,6,smina,0.47990777,0.31941852,1.5024409,0,0.072497837,0.73931623
6353,139,2204,314,1o6g_SIN_A_724,6,smina,0.47971614,0.31929098,1.5024409,0,2.8431668e-08,3.3850285
6354,139,13971,1995,5vjg_0BP_A_403,6,smina,0.47693033,0.31743679,1.5024409,0,0.00684306,0.75010783
6355,139,8560,1222,4hon_AKG_B_401,6,smina,0.47657164,0.31719805,1.5024409,0,0.94454028,1.0511665
6356,139,13824,1974,5uio_LG3_A_201,6,smina,0.47644421,0.31711324,1.5024409,0,0,0.612557
6357,139,9827,1403,4qck_ASD_A_404,6,smina,0.47634667,0.31704832,1.5024409,0,0,1.3754795
6358,139,11997,1713,5fuv_THM_B_1385,6,smina,0.47619274,0.31694586,1.5024409,0,0,2.4283086
6359,139,8504,1214,4h9x_HL4_A_404,6,smina,0.47594997,0.31678428,1.5024409,0,0,1.2534985
6360,139,16813,2401,6qo4_97T_B_301,6,smina,0.47557815,0.3165368,1.5024409,0,0.00094564925,1.1759156
6361,139,14622,2088,5z9p_AX7_B_301,6,smina,0.4755695,0.31653105,1.5024409,0,0,0.61882223
6362,139,9246,1320,4lol_1YE_A_401,6,smina,0.49838209,0.31622808,1.57602,0,0,1.7074406
6363,139,1567,223,1klz_U_A_2001,6,smina,0.47501057,0.31615903,1.5024409,0,0,3.0355493
6364,139,8182,1168,4e7v_CRS_I_101,6,smina,0.47398649,0.31547742,1.5024409,0,0.010759305,0.56379253
6365,139,3254,464,1wq4_TYR_A_501,6,smina,0.47288938,0.3147472,1.5024409,0,2.2285523e-06,1.4709873
6366,139,6215,887,3qhd_795_A_167,6,smina,0.47277754,0.31467276,1.5024409,0,0,0.92672351
6367,139,7146,1020,3zwe_FUC_C_110,6,smina,0.47258728,0.31454613,1.5024409,0,0.9977935,0.62513258
6368,139,510,72,1f5f_DHT_A_253,6,smina,0.4725636,0.31453037,1.5024409,0,0,1.3851088
6369,139,1119,159,1hq2_PH2_A_181,6,smina,0.47255558,0.31452503,1.5024409,0,0,0.89347501
6370,139,8553,1221,4hon_AKG_A_401,6,smina,0.47254996,0.31452129,1.5024409,0,0.99503453,1.1242094
6371,139,6096,870,2ztl_3HL_C_301,6,smina,0.47253493,0.31451129,1.5024409,0,0.00029793126,0.70586192
6372,139,9113,1301,4kqk_PCR_A_403,6,smina,0.47250198,0.31448935,1.5024409,0,0,0.54557588
6373,139,10758,1536,4zo7_GLC_A_806,6,smina,0.47248551,0.31447839,1.5024409,0,0.99504636,0.93845347
6374,139,10737,1533,4zjz_BEZ_B_601,6,smina,0.47248044,0.31447502,1.5024409,0,8.4606511e-07,0.66189356
6375,139,10107,1443,4udc_DEX_A_1778,6,smina,0.47247156,0.31446911,1.5024409,0,0,3.3007592
6376,139,9120,1302,4kqk_PCR_B_703,6,smina,0.47246444,0.31446437,1.5024409,0,0,0.61925031
6377,139,7482,1068,4bu7_25F_C_2165,6,smina,0.47245394,0.31445738,1.5024409,0,0,1.5496769
6378,139,13831,1975,5uio_LG3_B_201,6,smina,0.47241639,0.31443239,1.5024409,0,0,0.64738792
6379,139,13838,1976,5uio_LG3_C_201,6,smina,0.47238274,0.31440999,1.5024409,0,0,0.83122077
6380,139,6901,985,3wlf_FEH_D_401,6,smina,0.47237677,0.31440602,1.5024409,0,0.019366173,0.83106404
6381,139,6082,868,2ztl_3HL_A_301,6,smina,0.47237497,0.31440482,1.5024409,0,0.00033717621,0.6843413
6382,139,9736,1390,4ptx_BGC_A_501,6,smina,0.47234192,0.31438282,1.5024409,0,0.14621366,0.95536807
6383,139,15217,2173,6f66_CUT_A_300,6,smina,0.47233601,0.31437889,1.5024409,0,0,1.4136241
6384,140,12550,1792,5in3_G1P_B_418,6,smina,0.52600821,0.36260916,1.4506193,0,0.021391389,1.5579718
6385,140,9631,1375,4oxy_1TN_D_302,6,smina,0.536653,0.36230968,1.4811988,0,0,2.60135
6386,140,4269,609,2f78_BEZ_A_1003,6,smina,0.50982701,0.35145449,1.4506193,0,0.94535438,0.59274627
6387,140,8140,1162,4e7v_CRS_1_101,6,smina,0.5038784,0.34735375,1.4506193,0,0.27925035,0.46011247
6388,140,5144,734,2qcx_PF1_A_300,6,smina,0.50346611,0.34706954,1.4506193,0,0,2.2601057
6389,140,8315,1187,4ekr_0R0_B_203,6,smina,0.50094989,0.34533495,1.4506193,0,0.99016093,0.9767278
6390,140,4395,627,2fyd_BGC_D_530,6,smina,0.5005042,0.34502771,1.4506193,0,0.38487729,0.85892049
6391,140,9456,1350,4n94_2HO_A_401,6,smina,0.49822284,0.34345503,1.4506193,0,0,1.0463051
6392,140,5529,789,2vjb_CCD_B_1540,6,smina,0.49747473,0.34293931,1.4506193,0,0,1.3166006
6393,140,16827,2403,6qol_JB5_B_301,6,smina,0.49715494,0.34271886,1.4506193,0,0,0.78555618
6394,140,8217,1173,4e7v_CRS_S_101,6,smina,0.49704684,0.34264434,1.4506193,0,0.047936036,0.52871998
6395,140,7027,1003,3wxo_NIZ_A_803,6,smina,0.49690151,0.34254416,1.4506193,0,0,0.85347963
6396,140,12305,1757,5hfa_FP1_A_608,6,smina,0.49663756,0.3423622,1.4506193,0,0,1.000826
6397,140,12298,1756,5hfa_FP1_A_607,6,smina,0.49659349,0.34233183,1.4506193,0,0,0.88361223
6398,140,6236,890,3qhd_MSR_A_166,6,smina,0.49642712,0.34221714,1.4506193,0,0,0.78437588
6399,140,17576,2510,6xu3_GAB_B_402,6,smina,0.49632982,0.34215006,1.4506193,0,0,0.77038088
6400,140,7083,1011,3zjq_NCA_A_300,6,smina,0.49569551,0.34171279,1.4506193,0,0,0.80082425
6401,140,12312,1758,5hfa_FP1_B_609,6,smina,0.49524967,0.34140545,1.4506193,0,0,1.1152803
6402,140,8168,1166,4e7v_CRS_E_101,6,smina,0.49449716,0.3408867,1.4506193,0,0.049165754,0.5885503
6403,140,6,0,19gs_BSP_A_210,6,smina,0.49447942,0.34087447,1.4506193,0,3.9076459e-06,0.7027723
6404,140,496,70,1eyw_PEL_A_404,6,smina,0.4937009,0.34033778,1.4506193,0,0,0.65063999
6405,140,2834,404,1thc_FL9_B_131,6,smina,0.49353349,0.34022238,1.4506193,0,1.2601285e-09,0.79699283
6406,140,2820,402,1thc_FL9_A_131,6,smina,0.49338442,0.34011962,1.4506193,0,7.6225485e-07,0.55800475
6407,140,10429,1489,4xp2_TT4_A_401,6,smina,0.49315704,0.33996287,1.4506193,0,7.968525e-05,1.0136026
6408,140,14188,2026,5wqp_NCA_A_302,6,smina,0.49314519,0.3399547,1.4506193,0,0,0.66879156
6409,140,8574,1224,4hrq_AZG_A_201,6,smina,0.49309321,0.33991887,1.4506193,0,0.040063501,0.63738286
6410,140,4864,694,2nz5_226_A_431,6,smina,0.49299408,0.33985053,1.4506193,0,4.3509303e-07,0.98398604
6411,140,9729,1389,4pik_MAN_D_503,6,smina,0.49273522,0.33967209,1.4506193,0,0.07149762,0.7929748
