query_order,round,flat_index,row_index,row_label,algorithm_index,algorithm,utility,acquisition,predicted_runtime_mean,predicted_runtime_sd,score,runtime
1,0,12779,1825,5jeh_EVF_B_302,4,gnina,,,,,0.94396135,1.6561746
2,0,11435,1633,5di7_5CQ_A_601,4,gnina,,,,,0.60352761,3.0542424
3,0,14081,2011,5vys_GMP_B_303,4,gnina,,,,,0.0031482846,3.3987547
4,0,16101,2300,6m5m_NAG_A_202,1,unimol,,,,,0.96336168,14.03
5,0,16859,2408,6qrn_RIP_A_500,3,diffdock_l,,,,,0.021190856,8.0869434
6,0,14763,2109,6a6s_FSA_A_502,0,surfdock,,,,,0,3.2258419
7,0,6925,989,3wsg_CIT_C_302,2,diffdock,,,,,0,36.585605
8,0,10032,1433,4u2a_A2G_A_303,1,unimol,,,,,0.92950045,21.92
9,0,5870,838,2xyj_WLM_B_1442,4,gnina,,,,,0.9293051,8.4520375
10,0,14860,2122,6b6r_BEN_A_302,6,smina,,,,,0.99484727,0.63332224
11,0,8694,1242,4i6s_FUC_A_102,0,surfdock,,,,,0,2.3759845
12,0,9876,1410,4r2n_PHE_C_402,6,smina,,,,,1.0080883e-05,1.4827296
13,0,13043,1863,5lqs_NTM_A_302,2,diffdock,,,,,0,17.60374
14,0,10539,1505,4ynu_LGC_A_603,4,gnina,,,,,2.5022509e-07,1.9269279
15,0,2392,341,1pt8_OXL_B_801,5,autodock,,,,,9.9719391e-05,4.9143469
16,0,12896,1842,5kcj_6RM_B_302,2,diffdock,,,,,0.99295956,39.183266
17,0,723,103,1gkc_NFH_A_1448,2,diffdock,,,,,0,18.58859
18,0,5463,780,2v32_BEZ_B_1220,3,diffdock_l,,,,,0.9967599,23.209037
19,0,5169,738,2qd4_CHD_A_802,3,diffdock_l,,,,,1.5539262e-20,12.466552
20,0,7100,1014,3zp7_PRE_A_1118,2,diffdock,,,,,0,32.325947
21,0,4017,573,2c6q_IMP_F_1337,6,smina,,,,,0,3.4426006
22,0,450,64,1e8m_P0H_A_724,2,diffdock,,,,,0.99009784,40.828517
23,0,10928,1561,5a2r_MLT_A_1615,1,unimol,,,,,0.90303237,20.35
24,0,3994,570,2c6q_IMP_A_1337,4,gnina,,,,,0.93292619,10.264015
25,0,5638,805,2wdq_TEO_A_1589,3,diffdock_l,,,,,0,28.001163
26,0,3996,570,2c6q_IMP_A_1337,6,smina,,,,,0,3.5069571
27,0,10117,1445,4ug6_XFJ_A_904,2,diffdock,,,,,0,27.312166
28,0,12200,1742,5gzz_GSH_E_301,6,smina,,,,,5.2959235e-09,6.3995065
29,0,2942,420,1u18_HSM_B_402,2,diffdock,,,,,6.6754921e-45,13.869487
30,0,5589,798,2vzu_PNJ_B_1904,3,diffdock_l,,,,,0,44.017802
31,0,15677,2239,6i4b_E2N_A_603,4,gnina,,,,,0.054876931,4.5321869
32,0,17297,2471,6tog_NQH_A_201,0,surfdock,,,,,0.97943118,2.6880132
33,0,10565,1509,4yu7_DHC_A_204,2,diffdock,,,,,0.005383885,14.732046
34,0,14156,2022,5wgv_PM7_A_712,2,diffdock,,,,,0.98901957,33.726043
35,0,6532,933,3uud_EST_B_600,1,unimol,,,,,0.99303972,25.61
36,0,9417,1345,4n36_2F8_A_401,2,diffdock,,,,,0,19.504597
37,0,13933,1990,5ut1_7DZ_A_905,3,diffdock_l,,,,,0,21.316479
38,0,3165,452,1w3t_3GR_A_1297,1,unimol,,,,,0.98621475,16.38
39,0,16342,2334,6nh0_KND_A_803,4,gnina,,,,,1.9893493e-08,5.88095
40,0,8813,1259,4i9n_1E6_D_401,0,surfdock,,,,,0.94817512,4.0885962
41,0,703,100,1gim_HDA_A_438,3,diffdock_l,,,,,0,16.85139
42,0,17637,2519,6ypv_AKG_A_302,4,gnina,,,,,0.85743381,1.8119239
43,0,8709,1244,4i6s_FUC_B_102,1,unimol,,,,,0.96207217,14.8
44,0,12271,1753,5ha7_WY1_A_402,0,surfdock,,,,,0.59192995,3.2768745
45,0,11373,1624,5d41_57N_A_1103,5,autodock,,,,,0,110.69735
46,0,4341,620,2fkm_G16_X_464,1,unimol,,,,,0.32133086,22.14
47,0,565,80,1fs5_16G_A_1267,5,autodock,,,,,4.6027592e-08,10.730087
48,0,16245,2320,6n9r_OHN_X_305,5,autodock,,,,,0,10.242488
49,0,7808,1115,4cmk_FQW_B_1270,3,diffdock_l,,,,,1.06654e-49,46.630215
50,0,2949,421,1u1g_BBB_A_3300,2,diffdock,,,,,0,57.062369
51,0,7602,1086,4can_M7K_B_800,0,surfdock,,,,,0,3.069955
52,0,13092,1870,5m0t_AKG_B_302,2,diffdock,,,,,0,29.745042
53,0,16290,2327,6ncx_ADA_D_601,1,unimol,,,,,0,23.41
54,0,15767,2252,6jmd_BVO_A_408,3,diffdock_l,,,,,0.79448743,28.147725
55,0,9964,1423,4rp9_ASC_A_501,3,diffdock_l,,,,,0.0047800268,52.153245
56,0,1744,249,1lro_PEP_B_2268,1,unimol,,,,,0.9731796,18.95
57,0,17171,2453,6t0a_M58_A_601,0,surfdock,,,,,0.0026412827,2.5095316
58,0,8113,1159,4dvw_0M4_A_512,0,surfdock,,,,,0.74357877,3.6476084
59,0,6750,964,3vv5_SLZ_B_301,2,diffdock,,,,,1.0541514e-37,22.343337
60,0,1875,267,1m7p_G3H_B_6401,6,smina,,,,,0,1.0401925
61,0,1412,201,1jtk_THU_B_1138,5,autodock,,,,,0.96836954,10.260316
62,0,14529,2075,5ykt_PMP_B_501,4,gnina,,,,,0.12230085,4.0278002
63,0,16259,2322,6nba_P1T_C_501,5,autodock,,,,,2.3489833e-06,63.628566
64,0,14038,2005,5vv5_9OJ_A_803,3,diffdock_l,,,,,3.8058398e-11,45.057507
65,0,9510,1358,4nkw_PLO_A_601,4,gnina,,,,,2.1286123e-07,9.8472804
66,0,6992,998,3wur_O4B_B_202,6,smina,,,,,0,0.79318039
67,0,11880,1697,5fkl_TDC_A_222,1,unimol,,,,,0.93251321,16.52
68,0,13372,1910,5ocm_9RH_D_302,2,diffdock,,,,,0.54885239,41.802632
69,0,7242,1034,4a8p_PAO_B_1340,4,gnina,,,,,0.69495888,6.6492991
70,0,11119,1588,5b4o_6DQ_B_202,3,diffdock_l,,,,,4.583909e-40,38.986871
71,0,5703,814,2wu4_HBP_A_1544,5,autodock,,,,,0,15.387074
72,0,14414,2059,5yb7_ORN_A_603,1,unimol,,,,,0.91716583,25.72
73,0,2824,403,1thc_FL9_B_130,3,diffdock_l,,,,,8.1366343e-24,23.081751
74,0,4028,575,2ci0_1CM_A_1450,3,diffdock_l,,,,,9.768287e-28,21.518941
75,0,14738,2105,6a3j_SOE_A_402,3,diffdock_l,,,,,7.8008224e-52,39.442043
76,0,17015,2430,6s37_SAL_A_601,5,autodock,,,,,0.31959997,25.209019
77,0,122,17,1aua_BOG_A_1,3,diffdock_l,,,,,0,19.148901
78,0,11696,1670,5eo8_TFU_A_405,6,smina,,,,,0.98951449,0.78186585
79,0,10038,1434,4u7g_K17_A_303,0,surfdock,,,,,0,2.5175371
80,0,2206,315,1o8a_NXA_A_702,1,unimol,,,,,0,22.33
81,0,1231,175,1iwe_IMP_A_460,6,smina,,,,,0,3.138003
82,0,4560,651,2ht8_G39_A_800,3,diffdock_l,,,,,0.98783646,25.801824
83,0,14427,2061,5yb7_ORN_C_602,0,surfdock,,,,,0.985926,2.4821416
84,0,8516,1216,4hey_4MZ_A_303,4,gnina,,,,,0,1.3941344
85,0,14442,2063,5ybl_AKG_A_302,1,unimol,,,,,0.91683579,20.28
86,0,11297,1613,5ci9_549_A_401,6,smina,,,,,0,1.5641601
87,0,4302,614,2fcu_AKG_B_898,4,gnina,,,,,0.00022896457,1.9822186
88,0,7638,1091,4cjs_L0Y_B_1217,1,unimol,,,,,0.96678194,23.5
89,0,577,82,1fsa_F6P_B_338,3,diffdock_l,,,,,0.95619859,26.642463
90,0,3493,499,1z3n_3NA_A_320,0,surfdock,,,,,0,4.0551085
91,0,5110,730,2qb4_DSM_A_802,0,surfdock,,,,,0.97363166,3.1255423
92,0,11653,1664,5eo7_SFU_C_402,5,autodock,,,,,0.98974494,16.989994
93,0,15105,2157,6dqt_LEU_B_1,6,smina,,,,,0,2.7188249
94,0,8632,1233,4i0b_CMP_A_302,1,unimol,,,,,0.97654145,21.22
95,0,4522,646,2gzm_DGL_B_502,0,surfdock,,,,,0,2.5897945
96,0,9703,1386,4pik_MAN_A_502,1,unimol,,,,,0.97879827,17.9
97,0,10517,1502,4y14_C0A_A_407,3,diffdock_l,,,,,1.7355343e-72,55.730937
98,0,15584,2226,6hmw_FUL_D_204,2,diffdock,,,,,2.9307699e-77,24.265364
99,0,11250,1607,5cga_KP6_A_301,1,unimol,,,,,0.98172379,23.47
100,0,9825,1403,4qck_ASD_A_404,4,gnina,,,,,0.99830789,2.3668869
101,0,9099,1299,4kp7_1UQ_A_503,6,smina,,,,,0,2.751529
102,0,17341,2477,6tt4_FT8_A_709,2,diffdock,,,,,0,55.878028
103,0,6972,996,3wur_O4B_A_202,0,surfdock,,,,,0.97220594,2.8915291
104,0,376,53,1dxy_COI_A_404,5,autodock,,,,,2.555098e-06,4.4661153
105,0,5452,778,2uza_HTL_B_1236,6,smina,,,,,0,7.8538352
106,0,9321,1331,4m72_M72_A_402,4,gnina,,,,,0.30300305,3.8251696
107,0,2825,403,1thc_FL9_B_130,4,gnina,,,,,1.7245159e-08,2.6749357
108,0,17043,2434,6s7u_KZK_C_501,5,autodock,,,,,0,8.4073962
109,0,15672,2238,6hsg_GM5_D_504,6,smina,,,,,0,4.0619296
110,0,5517,788,2vjb_CCD_B_1539,1,unimol,,,,,0,24.2
111,0,2237,319,1ovk_NYL_A_405,4,gnina,,,,,0.99258249,2.0166419
112,0,4296,613,2fc0_DGP_A_239,5,autodock,,,,,0,7.1426566
113,0,14579,2082,5z54_0HZ_C_303,5,autodock,,,,,0,13.389362
114,0,8620,1231,4i02_CMP_D_302,3,diffdock_l,,,,,0.99392057,31.888961
115,0,14181,2025,5wgw_MB5_A_715,6,smina,,,,,0,1.888515
116,0,10846,1549,4zvv_GN0_C_403,3,diffdock_l,,,,,3.7963848e-07,52.060005
117,0,435,62,1e7h_PLM_A_1007,1,unimol,,,,,0.96956467,21.49
118,0,859,122,1h1m_KMP_C_1358,5,autodock,,,,,0,526.38658
119,0,14525,2075,5ykt_PMP_B_501,0,surfdock,,,,,0.99295307,3.457541
120,0,17478,2496,6vv1_RMJ_A_501,6,smina,,,,,0,5.7602744
121,0,11220,1602,5c8w_PCG_C_302,6,smina,,,,,0,2.3667202
122,0,7177,1025,3zzv_FUC_B_401,2,diffdock,,,,,4.2725195e-43,12.269949
123,0,1926,275,1moo_4MZ_A_264,1,unimol,,,,,0,18.15
124,0,12990,1855,5l1v_7PF_A_401,5,autodock,,,,,0.99422414,6.4998893
125,0,2332,333,1pl6_572_D_411,1,unimol,,,,,0.95630496,25.19
126,0,16022,2288,6l86_LMR_D_302,6,smina,,,,,0.0046149491,0.90781528
127,0,1098,156,1ho5_ADN_B_2604,6,smina,,,,,0.11377593,2.8643298
128,0,3619,517,1zha_R5P_A_1269,0,surfdock,,,,,0.51672359,6.5832868
129,0,10215,1459,4v2z_Y70_B_151,2,diffdock,,,,,0,16.856519
130,0,17115,2445,6sxr_KHP_A_513,0,surfdock,,,,,0,3.2260952
131,0,13201,1885,5n63_8OW_A_401,6,smina,,,,,0,5.0591537
132,0,16003,2286,6l86_LMR_A_302,1,unimol,,,,,0.063331167,21.38
133,0,7803,1114,4cme_KTZ_D_1270,5,autodock,,,,,0,10.963824
134,0,589,84,1fuq_CIT_B_1002,1,unimol,,,,,0.9669304,37.81
135,0,8223,1174,4e7v_CRS_U_101,5,autodock,,,,,0.21048884,23.266535
136,0,8515,1216,4hey_4MZ_A_303,3,diffdock_l,,,,,0.24828796,12.971986
137,0,5138,734,2qcx_PF1_A_300,0,surfdock,,,,,0,3.1470956
138,0,10531,1504,4yjs_4DN_A_701,3,diffdock_l,,,,,0,18.836597
139,0,11261,1608,5cga_KP6_B_301,5,autodock,,,,,0,5.1266785
140,0,12397,1771,5i5s_NVU_B_402,0,surfdock,,,,,0.99564549,5.8898586
141,0,5353,764,2r4j_13P_B_816,5,autodock,,,,,0.34234293,8.2773848
142,0,6551,935,3v1m_HPK_A_288,6,smina,,,,,0.41910781,2.237549
143,0,12149,1735,5gto_MYR_A_502,4,gnina,,,,,0,4.2408337
144,0,11828,1689,5fe1_12Q_A_901,5,autodock,,,,,0,27.828864
145,0,251,35,1ck6_SHA_A_900,6,smina,,,,,1.881675e-09,0.79640531
146,0,5255,750,2qs2_UBF_A_603,5,autodock,,,,,0,13.93706
147,0,16801,2400,6qo4_97T_A_301,1,unimol,,,,,0.99258974,19.93
148,0,8283,1183,4ejh_0QA_F_502,2,diffdock,,,,,0,30.149476
149,0,9593,1370,4ofu_DHT_A_1001,3,diffdock_l,,,,,0.99154601,42.471123
150,0,9083,1297,4kcf_FMN_A_502,4,gnina,,,,,1.5124636e-05,5.7890952
151,0,15340,2191,6fld_NAG_A_602,3,diffdock_l,,,,,0,28.001163
152,0,8716,1245,4i6s_FUC_C_101,1,unimol,,,,,0.96938942,32.22
153,0,15983,2283,6l68_ALL_A_201,2,diffdock,,,,,0.0066050463,11.421713
154,0,12805,1829,5jg5_EVF_B_301,2,diffdock,,,,,0.99777049,17.013965
155,0,12361,1765,5hss_650_B_402,6,smina,,,,,1.2159889e-05,0.87128772
156,0,4815,687,2nry_STU_B_502,6,smina,,,,,0.91855967,3.9170438
157,0,13209,1887,5n8c_8Q8_B_403,0,surfdock,,,,,0.78343251,5.8373082
158,0,4119,588,2e40_LGC_B_2001,3,diffdock_l,,,,,0,28.81022
159,0,13375,1910,5ocm_9RH_D_302,5,autodock,,,,,0,8.11393
160,0,16269,2324,6ncx_ADA_A_601,1,unimol,,,,,0,24.92
161,0,12178,1739,5gwt_SIN_D_301,5,autodock,,,,,0,5.8355387
162,0,13908,1986,5uo3_8EY_B_804,6,smina,,,,,2.1373913e-06,5.8841974
163,0,3871,553,2bgc_DTT_F_1238,0,surfdock,,,,,0.36626258,2.4071066
164,0,12814,1830,5jj2_MLI_A_302,4,gnina,,,,,7.2630691e-05,1.4919656
165,0,1386,198,1jl0_PUT_A_401,0,surfdock,,,,,0.045505925,2.3731277
166,0,9837,1405,4qya_LU2_A_201,2,diffdock,,,,,8.0477025e-24,17.334731
167,0,5791,827,2xta_TPP_D_2001,2,diffdock,,,,,0,30.149476
168,0,12373,1767,5i0d_GLC_B_1122,4,gnina,,,,,1.8145499e-05,5.9337364
169,0,739,105,1gsq_GDN_A_203,4,gnina,,,,,1.0867999e-07,11.528214
170,0,4344,620,2fkm_G16_X_464,4,gnina,,,,,7.0294861e-06,3.399908
171,0,1918,274,1mmy_G6D_A_348,0,surfdock,,,,,0.060535724,2.3685495
172,0,9135,1305,4kux_FPS_A_704,0,surfdock,,,,,0.86740178,4.359318
173,0,16233,2319,6n9r_OHN_P_308,0,surfdock,,,,,0,4.9715103
174,0,3593,513,1zfj_IMP_A_500,2,diffdock,,,,,0,32.883079
175,0,9091,1298,4kfj_1R0_A_202,5,autodock,,,,,2.4011398e-05,14.884833
176,0,7483,1069,4buf_F36_A_2162,0,surfdock,,,,,0.97707337,3.5109731
177,0,15493,2213,6gpn_OGA_B_402,2,diffdock,,,,,0,24.274341
178,0,2609,372,1rvt_NDG_H_742,5,autodock,,,,,0.0011155813,8.2045679
179,0,1033,147,1h7q_TYD_A_1258,4,gnina,,,,,0.00012674876,6.5943719
180,1,5461,780,2v32_BEZ_B_1220,1,unimol,0.95286283,0.99960293,1.491042,0,0.96973012,22.2
181,1,16234,2319,6n9r_OHN_P_308,1,unimol,0.86526235,0.99897896,1.491042,0,0,25.66
182,1,1387,198,1jl0_PUT_A_401,1,unimol,0.85030212,0.99863861,1.491042,0,0.90215522,17.63
183,1,14428,2061,5yb7_ORN_C_602,1,unimol,0.79897781,0.99846843,1.491042,0,0,25.22
184,1,17634,2519,6ypv_AKG_A_302,1,unimol,1.0429776,0.99841251,1.5258304,0,0.95992978,25.72
185,1,5111,730,2qb4_DSM_A_802,1,unimol,0.79735747,0.99829826,1.491042,0,0.97583341,18.78
186,1,4026,575,2ci0_1CM_A_1450,1,unimol,0.77419483,0.99753247,1.491042,0,0,19.31
187,1,13931,1990,5ut1_7DZ_A_905,1,unimol,0.77419483,0.99753247,1.491042,0,0,20.27
188,1,15338,2191,6fld_NAG_A_602,1,unimol,0.77419483,0.99753247,1.491042,0,0.71453914,19.94
189,1,13210,1887,5n8c_8Q8_B_403,1,unimol,0.76884226,0.99688014,1.491042,0,0.97325276,30.83
190,1,14526,2075,5ykt_PMP_B_501,1,unimol,0.74293686,0.99670997,1.491042,0,0.99484012,21.01
191,1,246,35,1ck6_SHA_A_900,1,unimol,0.73744024,0.9958591,1.491042,0,0.98775244,18.91
192,1,12195,1742,5gzz_GSH_E_301,1,unimol,0.73744024,0.99580237,1.491042,0,0.92094639,31.46
193,1,9871,1410,4r2n_PHE_C_402,1,unimol,0.73743864,0.99568892,1.491042,0,0.8765809,23.55
194,1,6546,935,3v1m_HPK_A_288,1,unimol,0.73488343,0.99551875,1.491042,0,0.44562483,18.3
195,1,16241,2320,6n9r_OHN_X_305,1,unimol,0.7162514,0.99497986,1.491042,0,0.52429221,21.81
196,1,16255,2322,6nba_P1T_C_501,1,unimol,0.7162514,0.99455443,1.491042,0,0,20.14
197,1,372,53,1dxy_COI_A_404,1,unimol,0.7162514,0.9944977,1.491042,0,0.94556853,21.86
198,1,2948,421,1u1g_BBB_A_3300,1,unimol,0.71625066,0.99376028,1.491042,0,0.9690152,29.51
199,1,8,1,1a49_OXL_A_533,1,unimol,0.71624985,0.99307958,1.491042,0,0.93781074,28.33
200,1,9094,1299,4kp7_1UQ_A_503,1,unimol,0.73744024,0.99262332,1.5712003,0,0,19.88
201,1,9822,1403,4qck_ASD_A_404,1,unimol,1.0395553,0.99027778,1.7004058,0,0,20.43
202,1,7239,1034,4a8p_PAO_B_1340,1,unimol,0.993476,0.98960518,1.7142879,0,0.98281577,29.39
203,1,5636,805,2wdq_TEO_A_1589,1,unimol,0.77419483,0.98942457,1.6709261,0,0.6876402,25.86
204,1,17039,2434,6s7u_KZK_C_501,1,unimol,0.7162514,0.98843438,1.6362911,0,0,55.22
205,1,9962,1423,4rp9_ASC_A_501,1,unimol,0.77299218,0.9880572,1.6896647,0,0.93065976,21.65
206,1,7484,1069,4buf_F36_A_2162,1,unimol,0.79781107,0.98683893,1.7476506,0,0,22.89
207,1,1870,267,1m7p_G3H_B_6401,1,unimol,0.73744024,0.98650811,1.7081354,0,0.96292308,17.14
208,1,5139,734,2qcx_PF1_A_300,1,unimol,0.86526235,0.98618464,1.7765073,0,0.97400987,19.95
209,1,1093,156,1ho5_ADN_B_2604,1,unimol,0.71947483,0.98278467,1.7735895,0,0.97888497,21.86
210,1,9836,1405,4qya_LU2_A_201,1,unimol,0.71625066,0.97932861,1.8155776,0,0,21.11
211,1,9416,1345,4n36_2F8_A_401,1,unimol,0.71625066,0.97707103,1.8676524,0,0.97125361,17.08
212,1,9318,1331,4m72_M72_A_402,1,unimol,0.71946205,0.96978861,2.074832,0,0,15.41
213,1,5790,827,2xta_TPP_D_2001,1,unimol,0.71625066,0.96585779,2.131727,0,0.97076316,29.21
214,1,5587,798,2vzu_PNJ_B_1904,1,unimol,0.77419483,0.96229748,2.306179,0,0.92848602,28.02
215,1,11691,1670,5eo8_TFU_A_405,1,unimol,0.78887683,0.96152538,2.3377655,0,0.84348533,16.48
216,1,9136,1305,4kux_FPS_A_704,1,unimol,0.78239957,0.96147096,2.3377609,0,0.92710586,24.42
217,1,4523,646,2gzm_DGL_B_502,1,unimol,0.86526235,0.95515228,2.5171766,0,0.98339294,19.32
218,1,575,82,1fsa_F6P_B_338,1,unimol,0.94877587,0.95479322,2.5356858,0,0.97265526,23.86
219,1,2234,319,1ovk_NYL_A_405,1,unimol,1.0396944,0.95111078,2.6381893,0,0.98703406,18.5
220,1,15492,2213,6gpn_OGA_B_402,1,unimol,0.71625066,0.95027834,2.5142636,0,0.92691014,22.52
221,1,1,0,19gs_BSP_A_210,1,unimol,0.71624985,0.94913121,2.5253987,0,0.98557239,13.75
222,1,120,17,1aua_BOG_A_1,1,unimol,0.77419483,0.94699507,2.6888549,0,0,21.57
223,1,12398,1771,5i5s_NVU_B_402,1,unimol,0.80025885,0.94666375,2.7215147,0,0.99177946,15.1
224,1,16017,2288,6l86_LMR_D_302,1,unimol,0.7367107,0.94578413,2.6722686,0,0.030345472,17.82
225,1,17298,2471,6tog_NQH_A_201,1,unimol,0.79812181,0.93488368,3.0270936,0,0.99100723,20.3
226,1,9087,1298,4kfj_1R0_A_202,1,unimol,0.7162514,0.93385418,2.9554114,0,0.31133906,22.65
227,1,7799,1114,4cme_KTZ_D_1270,1,unimol,0.7162514,0.93230897,3.0100152,0,0,18.61
228,1,8282,1183,4ejh_0QA_F_502,1,unimol,0.71625066,0.93100938,3.0142102,0,0,27.66
229,1,29,4,1a9r_HPA_A_290,1,unimol,0.71624985,0.93035484,3.0118163,0,0,23.95
230,2,8618,1231,4i02_CMP_D_302,1,unimol,1.0004708,1,1.7184743,0,0.98902808,22.42
231,2,9591,1370,4ofu_DHT_A_1001,1,unimol,1.0004677,0.99994311,1.7184743,0,0.99453362,13.74
232,2,15765,2252,6jmd_BVO_A_408,1,unimol,1.0002479,0.99982934,1.7184743,0,0.99350664,17.12
233,2,12986,1855,5l1v_7PF_A_401,1,unimol,0.94864457,0.99977246,1.7184743,0,0,22.28
234,2,8621,1231,4i02_CMP_D_302,4,gnina,0.80986211,0.9996018,1.7184743,0,0.99073737,10.520259
235,2,5464,780,2v32_BEZ_B_1220,4,gnina,0.79674037,0.99943114,1.7184743,0,0.85883692,2.140546
236,2,14855,2122,6b6r_BEN_A_302,1,unimol,0.76533539,0.99931737,1.7184743,0,0.99287871,18.85
237,2,4810,687,2nry_STU_B_502,1,unimol,0.75467338,0.9992036,1.7184743,0,0.92595381,22.3
238,2,6973,996,3wur_O4B_A_202,1,unimol,0.73442438,0.99914671,1.7184743,0,0.38204476,28.43
239,2,8814,1259,4i9n_1E6_D_401,1,unimol,0.73043674,0.99908982,1.7184743,0,0.98167436,28.69
240,2,12776,1825,5jeh_EVF_B_302,1,unimol,0.72239435,0.99903294,1.7184743,0,0.9302559,20.98
241,2,5867,838,2xyj_WLM_B_1442,1,unimol,0.72052938,0.99897605,1.7184743,0,0.94354713,23.17
242,2,3991,570,2c6q_IMP_A_1337,1,unimol,0.71041459,0.99886228,1.7184743,0,0,27.44
243,2,12804,1829,5jg5_EVF_B_301,1,unimol,0.70567085,0.99874851,1.7184743,0,0.98036964,19.29
244,2,12895,1842,5kcj_6RM_B_302,1,unimol,0.70521636,0.99869162,1.7184743,0,0.99481248,20.38
245,2,8114,1159,4dvw_0M4_A_512,1,unimol,0.69552203,0.99852096,1.7184743,0,0.98815446,24.86
246,2,8513,1216,4hey_4MZ_A_303,1,unimol,0.69321475,0.99846408,1.7184743,0,0,17.94
247,2,11432,1633,5di7_5CQ_A_601,1,unimol,0.68095087,0.99840719,1.7184743,0,0,21.16
248,2,15768,2252,6jmd_BVO_A_408,4,gnina,0.67603323,0.9983503,1.7184743,0,0.99707209,7.8086095
249,2,12272,1753,5ha7_WY1_A_402,1,unimol,0.66926635,0.99829342,1.7184743,0,0.97798684,18.63
250,2,17636,2519,6ypv_AKG_A_302,3,diffdock_l,0.66902103,0.99823653,1.7184743,0,0.010750994,13.9138
251,2,10536,1505,4ynu_LGC_A_603,1,unimol,0.66194312,0.99789522,1.7184743,0,0,21.65
252,2,12370,1767,5i0d_GLC_B_1122,1,unimol,0.6619417,0.99778144,1.7184743,0,0.99150468,24.85
253,2,12811,1830,5jj2_MLI_A_302,1,unimol,0.66193737,0.99772456,1.7184743,0,0.86098166,22.18
254,2,12778,1825,5jeh_EVF_B_302,3,diffdock_l,0.65555234,0.99732636,1.7184743,0,0,16.585877
255,2,3993,570,2c6q_IMP_A_1337,3,diffdock_l,0.65443323,0.99726947,1.7184743,0,0,71.472682
256,2,8512,1216,4hey_4MZ_A_303,0,surfdock,0.65203448,0.99721258,1.7184743,0,0.8082825,2.1426542
257,2,722,103,1gkc_NFH_A_1448,1,unimol,0.64696774,0.99681438,1.7184743,0,0.97566059,23.24
258,2,2941,420,1u18_HSM_B_402,1,unimol,0.64696774,0.99681438,1.7184743,0,0,21.72
259,2,10214,1459,4v2z_Y70_B_151,1,unimol,0.64696774,0.99681438,1.7184743,0,0.99131937,22.96
260,2,13042,1863,5lqs_NTM_A_302,1,unimol,0.64696774,0.99681438,1.7184743,0,0.94638099,17.99
261,2,17340,2477,6tt4_FT8_A_709,1,unimol,0.64696774,0.99681438,1.7184743,0,0.93501598,25.78
262,2,15982,2283,6l68_ALL_A_201,1,unimol,0.64690878,0.99635929,1.7184743,0,0,20.94
263,2,5869,838,2xyj_WLM_B_1442,3,diffdock_l,0.64628453,0.99630241,1.7184743,0,4.5082874e-29,34.108638
264,2,7176,1025,3zzv_FUC_B_401,1,unimol,0.64696774,0.9950646,1.7551515,0,0.97359332,20.95
265,2,10564,1509,4yu7_DHC_A_204,1,unimol,0.64691968,0.9946639,1.7552208,0,0.88076034,18.71
266,2,17011,2430,6s37_SAL_A_601,1,unimol,0.70629742,0.989746,1.9101032,0,0.9883116,17.74
267,2,449,64,1e8m_P0H_A_724,1,unimol,0.70494601,0.98668016,1.9725044,0,0.88926204,22.99
268,2,14155,2022,5wgv_PM7_A_712,1,unimol,0.70484414,0.98269353,2.0580609,0,0,19.08
269,2,2821,403,1thc_FL9_B_130,0,surfdock,0.65931835,0.98140054,2.0630903,0,0,3.0624764
270,2,16339,2334,6nh0_KND_A_803,1,unimol,0.66194313,0.96551792,2.4328511,0,0.98166553,24.56
271,2,2236,319,1ovk_NYL_A_405,3,diffdock_l,0.7600585,0.96490375,2.4737351,0,0.9959169,24.309909
272,2,2822,403,1thc_FL9_B_130,1,unimol,0.64558808,0.96142515,2.4869266,0,0.94444694,15.81
273,2,14078,2011,5vys_GMP_B_303,1,unimol,0.6616932,0.96030847,2.5424385,0,0,22.49
274,2,22,3,1a59_CIT_A_379,1,unimol,0.6454149,0.95956613,2.5290372,0,0.93714712,20.12
275,2,9594,1370,4ofu_DHT_A_1001,4,gnina,0.8082667,0.95827184,2.6354043,0,0.99005079,2.1080136
276,2,15583,2226,6hmw_FUL_D_204,1,unimol,0.64696774,0.935804,3.1214633,0,0.963058,22.22
277,2,4558,651,2ht8_G39_A_800,1,unimol,1.0004628,0.9290297,3.3685682,0,0.95885985,23.47
278,2,43,6,1aej_NVI_A_296,1,unimol,0.6454149,0.92886399,1.7184743,0,0.98628294,15.89
279,2,57,8,1aia_PMP_A_411,1,unimol,0.6454149,0.92886399,1.7184743,0,0,25.11
280,3,17172,2453,6t0a_M58_A_601,1,unimol,0.68399289,0.99908723,1.9230866,0,0.99388745,16.55
281,3,1772,253,1luq_BTN_A_5100,1,unimol,0.66387801,0.92974499,1.9230866,0,0,22.33
282,3,1779,254,1luq_BTN_B_5200,1,unimol,0.66387801,0.92974499,1.9230866,0,0.96500406,22.61
283,3,2199,314,1o6g_SIN_A_724,1,unimol,0.66387801,0.92974499,1.9230866,0,0.91780026,21.2
284,3,2269,324,1p2s_ETF_A_400,1,unimol,0.66387801,0.92974499,1.9230866,0,0.7009665,20.72
285,3,3060,437,1v3v_5OP_A_1360,1,unimol,0.66387801,0.92974499,1.9230866,0,0.98622764,20.61
286,3,3067,438,1v3v_5OP_B_2360,1,unimol,0.66387801,0.92974499,1.9230866,0,0.98491371,15.9
287,3,3368,481,1xny_BTN_B_5602,1,unimol,0.66387801,0.92974499,1.9230866,0,0.96439152,20
288,3,3382,483,1xuz_PEP_A_2001,1,unimol,0.66387801,0.92974499,1.9230866,0,0.84420816,22.81
289,3,3466,495,1yw9_A84_A_482,1,unimol,0.66387801,0.92974499,1.9230866,0,0.96938546,24.85
290,3,4243,606,2f64_12Q_A_472,1,unimol,0.66387801,0.92974499,1.9230866,0,1.3388283e-33,16.95
291,3,4250,607,2f64_12Q_B_471,1,unimol,0.66387801,0.92974499,1.9230866,0,1.1648884e-33,13.49
292,3,4334,619,2fib_GLY_B_2,1,unimol,0.66387801,0.92974499,1.9230866,0,0,20.67
293,3,4705,672,2izf_BTN_B_300,1,unimol,0.66387801,0.92974499,1.9230866,0,0.28789159,21.21
294,3,4712,673,2j1s_FUL_A_1153,1,unimol,0.66387801,0.92974499,1.9230866,0,0.95944846,18.52
295,3,5384,769,2rbu_273_X_4001,1,unimol,0.66387801,0.92974499,1.9230866,0,0.9861965,21.2
296,3,5419,774,2rtn_IMI_B_300,1,unimol,0.66387801,0.92974499,1.9230866,0,0.98033077,19.19
297,3,5426,775,2rtn_IMI_D_300,1,unimol,0.66387801,0.92974499,1.9230866,0,0.97334573,19.76
298,3,5496,785,2v7o_DRN_A_1303,1,unimol,0.66387801,0.92974499,1.9230866,0,0.90259409,21.17
299,3,5944,849,2z1z_MLT_A_433,1,unimol,0.66387801,0.92974499,1.9230866,0,0,18.11
300,3,6028,861,2z7s_P01_A_1,1,unimol,0.66387801,0.92974499,1.9230866,0,0.95488661,19.5
301,3,6077,868,2ztl_3HL_A_301,1,unimol,0.66387801,0.92974499,1.9230866,0,0.96113066,17.87
302,3,6084,869,2ztl_3HL_B_301,1,unimol,0.66387801,0.92974499,1.9230866,0,0.9548612,21.95
303,3,6091,870,2ztl_3HL_C_301,1,unimol,0.66387801,0.92974499,1.9230866,0,0.96795015,18.5
304,3,6168,881,3kt7_AKG_A_702,1,unimol,0.66387801,0.92974499,1.9230866,0,0.98618209,20.29
305,3,6553,936,3v1s_0LH_B_401,1,unimol,0.66387801,0.92974499,1.9230866,0,0.99579135,24.28
306,3,7036,1005,3wzo_ZOE_B_201,1,unimol,0.66387801,0.92974499,1.9230866,0,0.96949058,24.6
307,3,7043,1006,3wzo_ZOE_C_201,1,unimol,0.66387801,0.92974499,1.9230866,0,0,27.75
308,3,7050,1007,3wzo_ZOE_D_201,1,unimol,0.66387801,0.92974499,1.9230866,0,0.95271276,25.14
309,3,7155,1022,3zyx_MBT_A_601,1,unimol,0.66387801,0.92974499,1.9230866,0,0,19.41
310,3,7204,1029,4a78_JZ3_A_1296,1,unimol,0.66387801,0.92974499,1.9230866,0,0.98732924,18.3
311,3,7323,1046,4al9_GLA_A_1123,1,unimol,0.66387801,0.92974499,1.9230866,0,0.982636,21.23
312,3,7330,1047,4al9_GLA_B_1123,1,unimol,0.66387801,0.92974499,1.9230866,0,0.97171405,20.26
313,3,7337,1048,4al9_GLA_C_1123,1,unimol,0.66387801,0.92974499,1.9230866,0,0.97494753,20.87
314,3,7344,1049,4al9_GLA_D_1123,1,unimol,0.66387801,0.92974499,1.9230866,0,0.96796943,21.84
315,3,7351,1050,4al9_GLA_G_1123,1,unimol,0.66387801,0.92974499,1.9230866,0,0.96471079,21.49
316,3,7463,1066,4bq5_GAL_C_1,1,unimol,0.66387801,0.92974499,1.9230866,0,0.6310171,23.02
317,3,8296,1185,4ekr_0R0_A_202,1,unimol,0.66387801,0.92974499,1.9230866,0,0.99177384,22.58
318,3,8303,1186,4ekr_0R0_A_203,1,unimol,0.66387801,0.92974499,1.9230866,0,0.94166089,20.78
319,3,8310,1187,4ekr_0R0_B_203,1,unimol,0.66387801,0.92974499,1.9230866,0,0.99207739,21.16
320,3,8471,1210,4h0x_LAR_B_403,1,unimol,0.66387801,0.92974499,1.9230866,0,0.98401795,22.49
321,3,8499,1214,4h9x_HL4_A_404,1,unimol,0.66387801,0.92974499,1.9230866,0,0.9850088,18.77
322,3,8506,1215,4h9x_HL4_B_404,1,unimol,0.66387801,0.92974499,1.9230866,0,0.69167149,16.48
323,3,8751,1250,4i7n_1DJ_A_202,1,unimol,0.66387801,0.92974499,1.9230866,0,0.99635442,20.03
324,3,8758,1251,4i7n_1DJ_B_203,1,unimol,0.66387801,0.92974499,1.9230866,0,0.99500498,18.97
325,3,9542,1363,4nv0_MG7_A_403,1,unimol,0.66387801,0.92974499,1.9230866,0,0,22.13
326,3,9549,1364,4nv0_MG7_B_402,1,unimol,0.66387801,0.92974499,1.9230866,0,0,19.34
327,3,9647,1378,4p7q_NAG_A_704,1,unimol,0.66387801,0.92974499,1.9230866,0,0,20.33
328,3,9745,1392,4pxd_1AL_A_502,1,unimol,0.66387801,0.92974499,1.9230866,0,0.97824081,25.58
329,3,9752,1393,4pxd_1AL_B_502,1,unimol,0.66387801,0.92974499,1.9230866,0,0.98657202,23.58
330,4,10039,1434,4u7g_K17_A_303,1,unimol,0.7542438,0.99974255,2.0531905,0,0.95633956,18.23
331,4,1919,274,1mmy_G6D_A_348,1,unimol,0.74533569,0.99954231,2.0531905,0,0,20.08
332,4,9507,1358,4nkw_PLO_A_601,1,unimol,0.72753584,0.99937067,2.0531905,0,0.99535151,28.56
333,4,9080,1297,4kcf_FMN_A_502,1,unimol,0.7275338,0.99931346,2.0531905,0,0,24.36
334,4,4299,614,2fcu_AKG_B_898,1,unimol,0.72750453,0.99919904,2.0531905,0,0.9798058,17.66
335,4,15674,2239,6i4b_E2N_A_603,1,unimol,0.72002943,0.99914183,2.0531905,0,0,31.24
336,4,13371,1910,5ocm_9RH_D_302,1,unimol,0.71228779,0.99908462,2.0531905,0,0.9926915,20.66
337,4,4117,588,2e40_LGC_B_2001,1,unimol,0.70476358,0.99882716,2.0531905,0,0,22.06
338,4,16857,2408,6qrn_RIP_A_500,1,unimol,0.70319556,0.99845529,2.0531905,0,0,14.98
339,4,3872,553,2bgc_DTT_F_1238,1,unimol,0.70034679,0.99839808,2.0531905,0,0,34.54
340,4,855,122,1h1m_KMP_C_1358,1,unimol,0.69955982,0.99811202,2.0531905,0,0.98772055,21.3
341,4,5699,814,2wu4_HBP_A_1544,1,unimol,0.69955982,0.99793988,2.056406,0,0.97444016,25.74
342,4,9824,1403,4qck_ASD_A_404,3,diffdock_l,0.69768938,0.99765433,2.0531905,0,0.94062223,11.410433
343,4,7099,1014,3zp7_PRE_A_1118,1,unimol,0.6884302,0.99745409,2.0531905,0,0,20.61
344,4,11824,1689,5fe1_12Q_A_901,1,unimol,0.69955982,0.99581651,2.0962141,0,0.99322233,17.18
345,4,11257,1608,5cga_KP6_B_301,1,unimol,0.69955982,0.99543174,2.1034544,0,0.98382462,20.2
346,4,5167,738,2qd4_CHD_A_802,1,unimol,0.70476358,0.99508944,2.1233478,0,0.97158938,40.13
347,4,10116,1445,4ug6_XFJ_A_904,1,unimol,0.6884302,0.99126034,2.1700397,0,0.97219741,23.27
348,4,736,105,1gsq_GDN_A_203,1,unimol,0.72753586,0.98759165,2.2779613,0,0.95409597,27.67
349,4,5251,750,2qs2_UBF_A_603,1,unimol,0.69955982,0.98126871,2.3759341,0,0.98507909,20.04
350,4,14736,2105,6a3j_SOE_A_402,1,unimol,0.70476358,0.97378297,2.5388167,0,0,19.57
351,4,10529,1504,4yjs_4DN_A_701,1,unimol,0.70476358,0.96841594,2.6478195,0,0,22.53
352,4,4561,651,2ht8_G39_A_800,4,gnina,1.0007957,0.95669283,2.9161992,0,0.9840305,3.597251
353,4,13091,1870,5m0t_AKG_B_302,1,unimol,0.6884302,0.95299924,2.9431043,0,0.92740159,22.23
354,4,14575,2082,5z54_0HZ_C_303,1,unimol,0.69955982,0.94050563,3.2300327,0,0.97021343,21.81
355,4,11117,1588,5b4o_6DQ_B_202,1,unimol,0.70476358,0.94046325,3.2460291,0,0.94140142,19.91
356,4,162,23,1bcs_ARG_A_426,1,unimol,0.68803758,0.93100292,2.0531905,0,0,20.35
357,4,260,37,1d3g_ORO_A_399,1,unimol,0.68803758,0.93100292,2.0531905,0,0,17.3
358,5,701,100,1gim_HDA_A_438,1,unimol,0.69024336,0.99942697,2.1340394,0,0.95115893,13.94
359,5,4292,613,2fc0_DGP_A_239,1,unimol,0.69774201,0.97435371,2.6242609,0,0,18.09
360,5,1030,147,1h7q_TYD_A_1258,1,unimol,0.70692623,0.94489562,3.2450302,0,0,19.81
361,5,232,33,1cib_HDA_A_437,1,unimol,0.67074721,0.93261131,2.1340394,0,0.93051469,21.74
362,5,239,34,1cib_IMP_A_440,1,unimol,0.67074721,0.93261131,2.1340394,0,0,15.34
363,5,344,49,1dpm_EBP_A_900,1,unimol,0.67074721,0.93261131,2.1340394,0,0.74387868,20.91
364,5,351,50,1dpm_EBP_A_901,1,unimol,0.67074721,0.93261131,2.1340394,0,0.9780366,19.09
365,5,358,51,1dpm_EBP_B_902,1,unimol,0.67074721,0.93261131,2.1340394,0,0.91797723,21.44
366,5,456,65,1ei6_PPF_A_410,1,unimol,0.67074721,0.93261131,2.1340394,0,0.83340009,24.62
367,5,463,66,1ei6_PPF_C_413,1,unimol,0.67074721,0.93261131,2.1340394,0,0.85570918,22.07
368,5,470,67,1ei6_PPF_D_412,1,unimol,0.67074721,0.93261131,2.1340394,0,0.88534888,20.28
369,5,708,101,1gim_IMP_A_440,1,unimol,0.67074721,0.93261131,2.1340394,0,0,18.85
370,5,729,104,1gsi_TMP_A_1210,1,unimol,0.67074721,0.93261131,2.1340394,0,0,17.44
371,5,743,106,1gz5_G6P_A_901,1,unimol,0.67074721,0.93261131,2.1340394,0,0.97877921,19.39
372,5,750,107,1gz5_G6P_B_901,1,unimol,0.67074721,0.93261131,2.1340394,0,0.9722514,19.8
373,5,757,108,1gz5_G6P_D_901,1,unimol,0.67074721,0.93261131,2.1340394,0,0.97549452,23.21
374,5,1114,159,1hq2_PH2_A_181,1,unimol,0.67074721,0.93261131,2.1340394,0,0.96316756,18.5
375,5,1121,160,1hsb_ALA_C_1,1,unimol,0.67074721,0.93261131,2.1340394,0,0,18.11
376,5,1156,165,1iki_REY_A_400,1,unimol,0.67074721,0.93261131,2.1340394,0,0,18.93
377,5,1478,211,1k8z_IAG_A_501,1,unimol,0.67074721,0.93261131,2.1340394,0,0.96225639,21.73
378,5,1485,212,1kae_HSO_A_1001,1,unimol,0.67074721,0.93261131,2.1340394,0,0,15.62
379,5,1492,213,1kar_HSM_A_502,1,unimol,0.67074721,0.93261131,2.1340394,0,0,32.35
380,5,1534,219,1kfc_IPL_A_674,1,unimol,0.67074721,0.93261131,2.1340394,0,0.94924874,21.32
381,5,1562,223,1klz_U_A_2001,1,unimol,0.67074721,0.93261131,2.1340394,0,0,24.37
382,5,1569,224,1km6_OMP_A_2001,1,unimol,0.67074721,0.93261131,2.1340394,0,0,15.8
383,5,1611,230,1kwc_BPY_B_401,1,unimol,0.67074721,0.93261131,2.1340394,0,0.99116452,15.83
384,5,1709,244,1lo3_AN1_Y_500,1,unimol,0.67074721,0.93261131,2.1340394,0,0.97975166,18.98
385,5,1716,245,1lqp_FCN_A_4002,1,unimol,0.67074721,0.93261131,2.1340394,0,0,21.4
386,5,1723,246,1lqp_FCN_A_4004,1,unimol,0.67074721,0.93261131,2.1340394,0,0,20.6
387,5,1730,247,1lqp_FCN_B_4001,1,unimol,0.67074721,0.93261131,2.1340394,0,0,18.33
388,5,1800,257,1m3u_KPL_A_265,1,unimol,0.67074721,0.93261131,2.1340394,0,0.84788602,24.01
389,5,1807,258,1m3u_KPL_B_265,1,unimol,0.67074721,0.93261131,2.1340394,0,0.89648717,24.95
390,5,1814,259,1m3u_KPL_C_265,1,unimol,0.67074721,0.93261131,2.1340394,0,0.88688332,21.45
391,5,1821,260,1m3u_KPL_D_265,1,unimol,0.67074721,0.93261131,2.1340394,0,0.90010893,24.29
392,5,1828,261,1m3u_KPL_E_265,1,unimol,0.67074721,0.93261131,2.1340394,0,0.96072578,26.19
393,5,1835,262,1m3u_KPL_F_265,1,unimol,0.67074721,0.93261131,2.1340394,0,0.83831478,24.87
394,5,1842,263,1m3u_KPL_H_265,1,unimol,0.67074721,0.93261131,2.1340394,0,0.87787079,24.82
395,5,1849,264,1m3u_KPL_I_265,1,unimol,0.67074721,0.93261131,2.1340394,0,0.88935954,21.86
396,5,1856,265,1m3u_KPL_J_265,1,unimol,0.67074721,0.93261131,2.1340394,0,0.93830312,25.41
397,5,1982,283,1n5i_TMP_A_217,1,unimol,0.67074721,0.93261131,2.1340394,0,0,23.9
398,5,2171,310,1o68_KIV_A_275,1,unimol,0.67074721,0.93261131,2.1340394,0,0.96902026,18.94
399,5,2178,311,1o68_KIV_B_275,1,unimol,0.67074721,0.93261131,2.1340394,0,0.97842617,19.4
400,5,2185,312,1o68_KIV_D_275,1,unimol,0.67074721,0.93261131,2.1340394,0,0.99160496,19.07
401,5,2192,313,1o68_KIV_E_275,1,unimol,0.67074721,0.93261131,2.1340394,0,0.9215331,18.84
402,5,2276,325,1p5g_G6P_X_658,1,unimol,0.67074721,0.93261131,2.1340394,0,0.89572445,22.63
403,5,2318,331,1pke_2FD_C_448,1,unimol,0.67074721,0.93261131,2.1340394,0,0,22.56
404,5,2339,334,1pr0_NOS_A_1245,1,unimol,0.67074721,0.93261131,2.1340394,0,0,22.42
405,5,2346,335,1pr0_NOS_B_1246,1,unimol,0.67074721,0.93261131,2.1340394,0,0,26.39
406,5,2353,336,1pr0_NOS_C_1247,1,unimol,0.67074721,0.93261131,2.1340394,0,0,21.66
407,5,2360,337,1pr6_XYA_A_1245,1,unimol,0.67074721,0.93261131,2.1340394,0,0,18.09
408,6,578,82,1fsa_F6P_B_338,4,gnina,1.0017484,1,2.2763004,0,0.9842941,3.447132
409,6,12146,1735,5gto_MYR_A_502,1,unimol,0.67394454,0.99994253,2.2763004,0,0.91446168,24.16
410,6,561,80,1fs5_16G_A_1267,1,unimol,0.66357756,0.99954026,2.2763004,0,0.97451995,28.28
411,6,2388,341,1pt8_OXL_B_801,1,unimol,0.66356632,0.99948279,2.2763004,0,0.9804017,16.93
412,6,2605,372,1rvt_NDG_H_742,1,unimol,0.66345177,0.99942532,2.2763004,0,0,22.22
413,6,8695,1242,4i6s_FUC_A_102,1,unimol,0.64985957,0.99925292,2.2763004,0,0.92303043,20.62
414,6,14764,2109,6a6s_FSA_A_502,1,unimol,0.64985957,0.99925292,2.2763004,0,0.96672292,17.5
415,6,3620,517,1zha_R5P_A_1269,1,unimol,0.64702788,0.99908051,2.2763004,0,0,22.74
416,6,12174,1739,5gwt_SIN_D_301,1,unimol,0.66357757,0.9412563,3.4004965,0,0.48420553,18.51
417,6,7806,1115,4cmk_FQW_B_1270,1,unimol,0.66389142,0.94006068,3.4303076,0,0.95095874,27
418,6,36,5,1ac4_TMT_A_296,1,unimol,0.6463455,0.93394058,2.2763004,0,0.98176216,17.91
419,6,50,7,1aer_TIA_B_700,1,unimol,0.6463455,0.93394058,2.2763004,0,0,21.82
420,6,64,9,1aiq_CB3_A_266,1,unimol,0.6463455,0.93394058,2.2763004,0,0,23.16
421,6,71,10,1aiq_UMP_A_265,1,unimol,0.6463455,0.93394058,2.2763004,0,0.81022196,15.39
422,6,78,11,1aiq_UMP_B_266,1,unimol,0.6463455,0.93394058,2.2763004,0,0,24.56
423,6,85,12,1aj8_CIT_A_1000,1,unimol,0.6463455,0.93394058,2.2763004,0,0.93700491,18.15
424,6,92,13,1ajs_PLA_A_415,1,unimol,0.6463455,0.93394058,2.2763004,0,0.96056931,23.23
425,6,99,14,1amq_PMP_A_413,1,unimol,0.6463455,0.93394058,2.2763004,0,0,21.37
426,6,134,19,1axg_ETF_A_404,1,unimol,0.6463455,0.93394058,2.2763004,0,0.95193289,21.96
427,6,141,20,1axg_ETF_B_404,1,unimol,0.6463455,0.93394058,2.2763004,0,0.98447323,24.92
428,6,148,21,1axg_ETF_C_404,1,unimol,0.6463455,0.93394058,2.2763004,0,0.96246439,19.85
429,6,155,22,1axg_ETF_D_404,1,unimol,0.6463455,0.93394058,2.2763004,0,0.97108532,22.04
430,6,183,26,1bo8_U_A_318,1,unimol,0.6463455,0.93394058,2.2763004,0,0,22.23
431,6,190,27,1bqp_MAN_B_401,1,unimol,0.6463455,0.93394058,2.2763004,0,0.96333196,23.29
432,6,253,36,1cq1_BGC_B_455,1,unimol,0.6463455,0.93394058,2.2763004,0,0.94477314,20.24
433,6,281,40,1d7a_AIR_A_300,1,unimol,0.6463455,0.93394058,2.2763004,0,0.96195378,21.78
434,6,288,41,1d7a_AIR_B_350,1,unimol,0.6463455,0.93394058,2.2763004,0,0.88806388,19.49
435,6,295,42,1d7a_AIR_C_400,1,unimol,0.6463455,0.93394058,2.2763004,0,0.9257566,17.58
436,6,302,43,1d7a_AIR_D_450,1,unimol,0.6463455,0.93394058,2.2763004,0,0.91292722,20.09
437,6,330,47,1dna_CB3_A_601,1,unimol,0.6463455,0.93394058,2.2763004,0,0,28.43
438,6,337,48,1dna_CB3_B_602,1,unimol,0.6463455,0.93394058,2.2763004,0,0,29.86
439,6,365,52,1duc_DUD_A_201,1,unimol,0.6463455,0.93394058,2.2763004,0,0,25.95
440,6,379,54,1dy3_87Y_A_201,1,unimol,0.6463455,0.93394058,2.2763004,0,0.97766173,23.26
441,6,386,55,1e26_GPB_A_208,1,unimol,0.6463455,0.93394058,2.2763004,0,0.98369541,28.71
442,6,393,56,1e2j_THM_A_500,1,unimol,0.6463455,0.93394058,2.2763004,0,0,20.92
443,6,400,57,1e2j_THM_B_500,1,unimol,0.6463455,0.93394058,2.2763004,0,0,17.99
444,6,407,58,1e2s_CSN_P_701,1,unimol,0.6463455,0.93394058,2.2763004,0,0.29911644,24.01
445,6,414,59,1e48_13P_P_302,1,unimol,0.6463455,0.93394058,2.2763004,0,0,19.05
446,6,421,60,1e5f_PLP_A_405,1,unimol,0.6463455,0.93394058,2.2763004,0,0,21.47
447,6,428,61,1e5f_PLP_B_405,1,unimol,0.6463455,0.93394058,2.2763004,0,0,22.52
448,6,484,69,1euu_GAL_A_2,1,unimol,0.6463455,0.93394058,2.2763004,0,0.74695083,22.85
449,6,491,70,1eyw_PEL_A_404,1,unimol,0.6463455,0.93394058,2.2763004,0,0.96758981,17.15
450,6,498,71,1eyw_TEN_A_403,1,unimol,0.6463455,0.93394058,2.2763004,0,0,24.08
451,6,519,74,1fds_EST_A_350,1,unimol,0.6463455,0.93394058,2.2763004,0,0.83103234,21.76
452,6,533,76,1foi_14W_A_810,1,unimol,0.6463455,0.93394058,2.2763004,0,0.99540042,18.25
453,6,540,77,1foi_14W_B_810,1,unimol,0.6463455,0.93394058,2.2763004,0,0.99301916,22.3
454,6,568,81,1fsa_F6P_A_338,1,unimol,0.6463455,0.93394058,2.2763004,0,0.91052122,21.28
455,6,582,83,1fuq_CIT_A_1001,1,unimol,0.6463455,0.93394058,2.2763004,0,0.89260135,21.99
456,6,638,91,1g6t_S3P_A_601,1,unimol,0.6463455,0.93394058,2.2763004,0,0.96177999,20.1
457,6,645,92,1g72_PQQ_A_701,1,unimol,0.6463455,0.93394058,2.2763004,0,0,25.13
458,7,14036,2005,5vv5_9OJ_A_803,1,unimol,0.65186736,0.99848253,2.3887403,0,0.97378209,29.55
459,7,1128,161,1hsr_BHO_A_800,1,unimol,0.63681436,0.93547922,2.368217,0,0.99188539,21.33
460,7,1296,185,1j3i_UMP_C_611,1,unimol,0.63681436,0.93547922,2.368217,0,0,22.05
461,7,1303,186,1j3i_UMP_D_711,1,unimol,0.63681436,0.93547922,2.368217,0,0,27.58
462,7,1310,187,1j3i_WRA_A_609,1,unimol,0.63681436,0.93547922,2.368217,0,0.99015522,23.9
463,7,1317,188,1j3i_WRA_B_709,1,unimol,0.63681436,0.93547922,2.368217,0,0.99489507,28
464,7,1324,189,1j3k_UMP_C_611,1,unimol,0.63681436,0.93547922,2.368217,0,0,17.7
465,7,1331,190,1j3k_WRA_A_609,1,unimol,0.63681436,0.93547922,2.368217,0,0.9934278,21.93
466,7,1338,191,1j3k_WRA_B_709,1,unimol,0.63681436,0.93547922,2.368217,0,0.99566085,26.18
467,7,1632,233,1kya_XYD_B_612,1,unimol,0.63681436,0.93547922,2.368217,0,0.9752551,22.22
468,7,1639,234,1kya_XYD_D_814,1,unimol,0.63681436,0.93547922,2.368217,0,0.97004199,20.24
469,7,2038,291,1nmm_NAG_B_403,1,unimol,0.63681436,0.93547922,2.368217,0,0.97401938,20.97
470,7,2045,292,1nmm_NAG_D_527,1,unimol,0.63681436,0.93547922,2.368217,0,0.97198781,24.96
471,7,2311,330,1pfw_MF3_A_553,1,unimol,0.63681436,0.93547922,2.368217,0,0.99201225,16.52
472,7,2458,351,1q4g_BFL_A_701,1,unimol,0.63681436,0.93547922,2.368217,0,0.9863461,23.75
473,7,2465,352,1q4g_BFL_B_1701,1,unimol,0.63681436,0.93547922,2.368217,0,0.9888112,18.84
474,7,2759,394,1t87_CAM_A_1422,1,unimol,0.63681436,0.93547922,2.368217,0,0.98911503,19.79
475,7,2766,395,1t87_CAM_B_2422,1,unimol,0.63681436,0.93547922,2.368217,0,0.97759823,16.62
476,7,3095,442,1vje_MSE_A_301,1,unimol,0.63681436,0.93547922,2.368217,0,0.96711162,18.29
477,7,3102,443,1vje_MSE_A_401,1,unimol,0.63681436,0.93547922,2.368217,0,0.89802039,18.57
478,7,3543,506,1zei_CRS_A_54,1,unimol,0.63681436,0.93547922,2.368217,0,0.98369584,16.07
479,7,3550,507,1zei_CRS_B_56,1,unimol,0.63681436,0.93547922,2.368217,0,0.98598671,17.97
480,7,3557,508,1zei_CRS_C_56,1,unimol,0.63681436,0.93547922,2.368217,0,0.99193138,19.95
481,7,3564,509,1zei_CRS_D_54,1,unimol,0.63681436,0.93547922,2.368217,0,0.96964612,21.94
482,7,3571,510,1zei_CRS_E_54,1,unimol,0.63681436,0.93547922,2.368217,0,0.98713007,14.93
483,7,3578,511,1zei_CRS_F_54,1,unimol,0.63681436,0.93547922,2.368217,0,0.99076024,23.48
484,7,3585,512,1zei_CRS_F_55,1,unimol,0.63681436,0.93547922,2.368217,0,0.98633146,18.51
485,7,3711,530,2a1m_CAM_A_1422,1,unimol,0.63681436,0.93547922,2.368217,0,0.9879787,16.74
486,7,3718,531,2a1m_CAM_B_2422,1,unimol,0.63681436,0.93547922,2.368217,0,0.99117567,20.04
487,7,4082,583,2d3n_GLC_A_608,1,unimol,0.63681436,0.93547922,2.368217,0,0.93914262,20.19
488,7,4306,615,2fhk_MFN_A_600,1,unimol,0.63681436,0.93547922,2.368217,0,0,32.7
489,7,4313,616,2fhk_MFN_C_601,1,unimol,0.63681436,0.93547922,2.368217,0,0.97345808,32.26
490,7,4348,621,2fpu_HSO_B_509,1,unimol,0.63681436,0.93547922,2.368217,0,0,18.68
491,7,4397,628,2fyd_NGA_B_404,1,unimol,0.63681436,0.93547922,2.368217,0,0.47133659,19.34
492,7,4453,636,2g9z_VNP_B_601,1,unimol,0.63681436,0.93547922,2.368217,0,0.91507657,26.48
493,7,4761,680,2ji6_TPW_B_1566,1,unimol,0.63681436,0.93547922,2.368217,0,0.98429137,25.8
494,7,5153,736,2qd1_CHD_D_802,1,unimol,0.63681436,0.93547922,2.368217,0,0,36.35
495,7,5160,737,2qd4_CHD_A_801,1,unimol,0.63681436,0.93547922,2.368217,0,0.98483548,23.27
496,7,5174,739,2qd4_CHD_A_803,1,unimol,0.63681436,0.93547922,2.368217,0,0.9894045,27.41
497,7,5181,740,2qd4_CHD_B_926,1,unimol,0.63681436,0.93547922,2.368217,0,0.98872195,23.01
498,7,5188,741,2qd4_CHD_B_927,1,unimol,0.63681436,0.93547922,2.368217,0,0.99041594,23.96
499,7,5195,742,2qd4_CHD_B_928,1,unimol,0.63681436,0.93547922,2.368217,0,0.94293071,25.18
500,7,5531,790,2vlf_PLI_A_1457,1,unimol,0.63681436,0.93547922,2.368217,0,0,20.87
501,7,5930,847,2ynf_WHU_A_1563,1,unimol,0.63681436,0.93547922,2.368217,0,0,25.26
502,7,6154,879,2zwt_CAM_A_422,1,unimol,0.63681436,0.93547922,2.368217,0,0,23.09
503,7,7015,1002,3wxo_NIZ_A_802,1,unimol,0.63681436,0.93547922,2.368217,0,0.94829447,23.47
504,7,7022,1003,3wxo_NIZ_A_803,1,unimol,0.63681436,0.93547922,2.368217,0,0.99258045,25.42
505,7,7029,1004,3wxo_NIZ_A_804,1,unimol,0.63681436,0.93547922,2.368217,0,0.0018437698,17.65
506,7,7120,1017,3zv6_4HB_A_1277,1,unimol,0.63681436,0.93547922,2.368217,0,0.89869674,15.63
507,7,7876,1125,4cxr_2BG_A_502,1,unimol,0.63681436,0.93547922,2.368217,0,0.9942728,21.35
508,8,526,75,1fm8_DDC_A_501,1,unimol,0.65645826,0.93673776,2.3853211,0,0.99245385,21.24
509,8,785,112,1h18_DTL_A_9009,1,unimol,0.65645826,0.93673776,2.3853211,0,0,28.84
510,8,792,113,1h18_DTL_A_9010,1,unimol,0.65645826,0.93673776,2.3853211,0,0,24.3
511,8,799,114,1h18_DTL_B_9009,1,unimol,0.65645826,0.93673776,2.3853211,0,0,19.24
512,8,806,115,1h18_DTL_B_9010,1,unimol,0.65645826,0.93673776,2.3853211,0,0,19.29
513,8,1583,226,1kuj_MMA_A_501,1,unimol,0.65645826,0.93673776,2.3853211,0,0.94941724,21.37
514,8,1590,227,1kuj_MMA_C_502,1,unimol,0.65645826,0.93673776,2.3853211,0,0.94943352,21.97
515,8,1597,228,1kuj_MMA_E_503,1,unimol,0.65645826,0.93673776,2.3853211,0,0.96051019,24
516,8,1604,229,1kuj_MMA_G_504,1,unimol,0.65645826,0.93673776,2.3853211,0,0.96582449,15.3
517,8,1618,231,1kwu_MMA_A_501,1,unimol,0.65645826,0.93673776,2.3853211,0,0.95346127,23.22
518,8,1625,232,1kwu_MMA_B_601,1,unimol,0.65645826,0.93673776,2.3853211,0,0.93323504,18.01
519,8,2227,318,1ov5_2LP_A_403,1,unimol,0.65645826,0.93673776,2.3853211,0,0.99478198,16.45
520,8,2304,329,1pbd_PAB_A_396,1,unimol,0.65645826,0.93673776,2.3853211,0,0.98465301,22.17
521,8,2885,412,1toq_AMG_A_501,1,unimol,0.65645826,0.93673776,2.3853211,0,0.95893793,24.01
522,8,2892,413,1toq_AMG_C_502,1,unimol,0.65645826,0.93673776,2.3853211,0,0.92745487,15.74
523,8,2899,414,1toq_AMG_G_504,1,unimol,0.65645826,0.93673776,2.3853211,0,0.94595247,17.56
524,8,3326,475,1xid_ASC_A_389,1,unimol,0.65645826,0.93673776,2.3853211,0,0.89814863,15.76
525,8,3333,476,1xin_XYL_B_397,1,unimol,0.65645826,0.93673776,2.3853211,0,0.97847839,21.49
526,8,3340,477,1xin_XYL_C_397,1,unimol,0.65645826,0.93673776,2.3853211,0,0.97677191,19.45
527,8,3347,478,1xin_XYL_D_397,1,unimol,0.65645826,0.93673776,2.3853211,0,0.98115463,20.9
528,8,3662,523,1zoy_UQ1_B_1201,1,unimol,0.65645826,0.93673776,2.3853211,0,0.96770075,19.58
529,8,4789,684,2npq_BOG_A_1000,1,unimol,0.65645826,0.93673776,2.3853211,0,0.96942837,22.97
530,8,4796,685,2npq_BOG_A_2000,1,unimol,0.65645826,0.93673776,2.3853211,0,0.94598589,20.79
531,8,5062,723,2pye_7PE_A_504,1,unimol,0.65645826,0.93673776,2.3853211,0,0.82942184,31.79
532,8,5566,795,2vss_V55_D_1250,1,unimol,0.65645826,0.93673776,2.3853211,0,0.97471469,25.06
533,8,5573,796,2vsu_V55_D_1251,1,unimol,0.65645826,0.93673776,2.3853211,0,0.98219135,17.69
534,8,5629,804,2wdq_CBE_C_1130,1,unimol,0.65645826,0.93673776,2.3853211,0,0.98605125,23.82
535,8,6469,924,3tky_N7I_B_369,1,unimol,0.65645826,0.93673776,2.3853211,0,0.97805599,23.12
536,9,1072,153,1h8p_PC_B_1111,1,unimol,0.66896761,0.93741678,2.4596312,0,0.9354496,17.32
537,9,1961,280,1n1i_HIS_C_501,1,unimol,0.66896761,0.93741678,2.4596312,0,0,17.5
538,9,3452,493,1yik_MM1_A_500,1,unimol,0.66896761,0.93741678,2.4596312,0,0,25.83
539,9,4096,585,2dm5_ODI_A_312,1,unimol,0.66896761,0.93741678,2.4596312,0,0.96308835,17.76
540,9,6518,931,3ucl_CYH_A_543,1,unimol,0.66896761,0.93741678,2.4596312,0,0.98810365,22.21
541,9,8030,1147,4dch_GLC_A_501,1,unimol,0.66896761,0.93741678,2.4596312,0,0.98351441,19.51
542,9,8856,1265,4iph_1FJ_A_201,1,unimol,0.66896761,0.93741678,2.4596312,0,0,17.99
543,9,9906,1415,4rg3_ECE_A_603,1,unimol,0.66896761,0.93741678,2.4596312,0,0.98836796,17.91
544,9,10228,1461,4v36_LYN_A_1851,1,unimol,0.66896761,0.93741678,2.4596312,0,1.1230582e-09,21.27
545,9,10270,1467,4wdd_CIT_A_401,1,unimol,0.66896761,0.93741678,2.4596312,0,0.92971153,27.3
546,9,10361,1480,4x36_CHT_A_408,1,unimol,0.66896761,0.93741678,2.4596312,0,0.97509629,23.3
547,9,10368,1481,4x36_CHT_A_409,1,unimol,0.66896761,0.93741678,2.4596312,0,0.97188093,17.76
548,9,10375,1482,4x36_CHT_A_410,1,unimol,0.66896761,0.93741678,2.4596312,0,0.94872947,19.83
549,9,10382,1483,4x36_CHT_A_411,1,unimol,0.66896761,0.93741678,2.4596312,0,0.92654684,23.04
550,9,10389,1484,4x36_CHT_A_412,1,unimol,0.66896761,0.93741678,2.4596312,0,0.91100396,17.38
551,9,11579,1654,5e9m_BAE_A_2001,1,unimol,0.66896761,0.93741678,2.4596312,0,0.98347443,19.43
552,9,12860,1837,5jtt_6MY_A_902,1,unimol,0.66896761,0.93741678,2.4596312,0,0,21.59
553,9,14533,2076,5ylf_BGC_A_401,1,unimol,0.66896761,0.93741678,2.4596312,0,0.95010361,15.73
554,9,17025,2432,6s4h_KUQ_A_901,1,unimol,0.66896761,0.93741678,2.4596312,0,0,23.07
555,9,16892,2413,6r73_LMP_A_301,1,unimol,0.66896761,0.93594858,2.483412,0,0,30.7
556,9,8961,1280,4jh6_FCN_B_202,1,unimol,0.66896761,0.93506257,2.4978168,0,0,19.64
557,9,12867,1838,5jtu_6NE_A_902,1,unimol,0.66896761,0.93077588,2.5680923,0,0,23.03
558,9,12216,1745,5h24_LQG_B_501,1,unimol,0.66896761,0.92968603,2.5861154,0,0.99551025,17.1
559,9,15205,2172,6f3s_CKW_A_902,1,unimol,0.66896761,0.92957821,2.5879002,0,0,22.44
560,9,1065,152,1h8p_PC_B_1110,1,unimol,0.66896761,0.9272109,2.6272802,0,0.91480008,23.86
561,9,12209,1744,5h24_LQG_A_501,1,unimol,0.66896761,0.9265674,2.6380372,0,0.9911564,23.01
562,9,7568,1081,4c2p_X8Z_A_709,1,unimol,0.66896761,0.92485529,2.6667647,0,0.94641592,18.12
563,9,1058,151,1h8p_PC_A_1110,1,unimol,0.66896761,0.92096618,2.7326195,0,0.87982616,21.77
564,9,16738,2391,6qa7_HTW_A_901,1,unimol,0.66896761,0.90964343,2.9291813,0,0.99036886,24.29
565,9,9661,1380,4p8c_2J3_A_504,1,unimol,0.66896761,0.9083595,2.951936,0,0,17.8
566,9,12762,1823,5je5_AZ9_A_302,1,unimol,0.66896761,0.90733467,2.9701664,0,0,19.26
567,9,6070,867,2zka_AZA_A_302,1,unimol,0.66896761,0.90463175,3.018549,0,0.97175762,17.7
568,9,9458,1351,4n9v_AZA_A_401,1,unimol,0.66896761,0.90392059,3.0313513,0,0.97544483,15.23
569,9,3655,522,1zng_HE4_A_202,1,unimol,0.66896761,0.90122792,3.0800974,0,0.96792676,21.29
570,9,12559,1794,5ioq_DUR_B_303,1,unimol,0.66896761,0.90085315,3.0869179,0,0,15.86
571,9,12566,1795,5ioq_DUR_C_302,1,unimol,0.66896761,0.90085315,3.0869179,0,0,22.21
572,9,5678,811,2wj4_HQD_B_1278,1,unimol,0.66896761,0.89925862,3.1160281,0,0.9934234,17.98
573,9,5692,813,2wj4_HQD_D_1278,1,unimol,0.66896761,0.89925862,3.1160281,0,0.99555117,21.08
574,9,12552,1793,5ioq_DUR_B_302,1,unimol,0.66896761,0.89882065,3.1240494,0,0,21.2
575,9,9465,1352,4n9v_AZA_A_403,1,unimol,0.66896761,0.89832963,3.1330583,0,0.027836011,20.76
576,9,12930,1847,5kf2_COA_A_401,1,unimol,0.66896761,0.8936002,3.2205868,0,0.93869756,24
577,9,3438,491,1y8j_STS_A_900,1,unimol,0.66896761,0.89331464,3.2259169,0,0,21.09
578,9,8100,1157,4dtb_GMP_B_401,1,unimol,0.66896761,0.89211603,3.2483435,0,0,18.84
579,9,3361,480,1xl0_OX2_A_998,1,unimol,0.66896761,0.88851362,3.3162897,0,0.99262944,21.79
580,9,7057,1008,3zbs_OVE_A_1380,1,unimol,0.66896761,0.88812878,3.3235972,0,0.99336901,16.59
581,9,2843,406,1tke_SER_A_500,1,unimol,0.66896761,0.88712294,3.3427417,0,0,19.34
582,9,6959,994,3wug_XYP_C_2,1,unimol,0.66896761,0.88681981,3.348525,0,0,20.01
583,9,6952,993,3wug_XYP_B_2,1,unimol,0.66896761,0.88574758,3.3690276,0,0,23.14
584,9,9535,1362,4nr9_ALY_A_2005,1,unimol,0.66896761,0.88436147,3.3956404,0,0.98503991,33.47
585,9,3291,470,1x82_PA5_A_301,1,unimol,0.66896761,0.88343262,3.4135437,0,0.95094844,15.25
586,10,2633,376,1s2c_FLF_A_2001,1,unimol,0.65585028,0.93871567,2.5319886,0,0.97556009,21.32
587,10,2640,377,1s2c_FLF_A_2002,1,unimol,0.65585028,0.93871567,2.5319886,0,0.93205554,18.34
588,10,3921,560,2bxh_IOS_A_1001,1,unimol,0.65585028,0.93871567,2.5319886,0,0.98585939,18.25
589,10,4544,649,2hi4_BHF_A_800,1,unimol,0.65585028,0.93871567,2.5319886,0,0.99804217,24.43
590,10,4880,697,2o1o_RIS_A_400,1,unimol,0.65585028,0.93871567,2.5319886,0,0.96428227,24.7
591,10,4887,698,2o1o_RIS_B_400,1,unimol,0.65585028,0.93871567,2.5319886,0,0.97295504,22.69
592,10,5265,752,2qse_1HP_A_1,1,unimol,0.65585028,0.93871567,2.5319886,0,0.97611122,21.04
593,10,5881,840,2y2f_YI1_A_1469,1,unimol,0.65585028,0.93871567,2.5319886,0,0,22.13
594,10,5916,845,2yjd_YJD_A_1498,1,unimol,0.65585028,0.93871567,2.5319886,0,0.99626683,23.1
595,10,5923,846,2yjd_YJD_B_1498,1,unimol,0.65585028,0.93871567,2.5319886,0,0.99442516,17.67
596,10,5951,850,2z20_PLP_B_801,1,unimol,0.65585028,0.93871567,2.5319886,0,0.99387726,21.5
597,10,6525,932,3uud_EST_A_600,1,unimol,0.65585028,0.93871567,2.5319886,0,0.97890557,21.92
598,10,6567,938,3v7u_MTA_A_301,1,unimol,0.65585028,0.93871567,2.5319886,0,0.71963435,25.8
599,10,6574,939,3v7u_MTA_A_302,1,unimol,0.65585028,0.93871567,2.5319886,0,0.94818033,23.24
600,10,6581,940,3v8n_5NB_A_301,1,unimol,0.65585028,0.93871567,2.5319886,0,0.96570269,17
601,10,6756,965,3w4i_8LG_A_402,1,unimol,0.65585028,0.93871567,2.5319886,0,0.96877712,20.25
602,10,6777,968,3w7f_FPS_A_301,1,unimol,0.65585028,0.93871567,2.5319886,0,0.80097035,23.15
603,10,6784,969,3w7f_FPS_B_301,1,unimol,0.65585028,0.93871567,2.5319886,0,0,18.82
604,10,6798,971,3wat_BMA_B_404,1,unimol,0.65585028,0.93871567,2.5319886,0,0,22.58
605,10,7498,1071,4buv_16I_A_2165,1,unimol,0.65585028,0.93871567,2.5319886,0,0,19.24
606,10,7505,1072,4buv_16I_C_2165,1,unimol,0.65585028,0.93871567,2.5319886,0,0,19.95
607,10,7946,1135,4d2c_ALA_A_508,1,unimol,0.65585028,0.93871567,2.5319886,0,0.97327179,25.56
608,10,9325,1332,4ma8_Z80_C_301,1,unimol,0.65585028,0.93871567,2.5319886,0,0.73788609,26.63
609,10,9612,1373,4oxy_1TN_A_302,1,unimol,0.65585028,0.93871567,2.5319886,0,0.97494096,18.3
610,10,9619,1374,4oxy_1TN_B_302,1,unimol,0.65585028,0.93871567,2.5319886,0,0.98767604,21.32
611,10,9626,1375,4oxy_1TN_D_302,1,unimol,0.65585028,0.93871567,2.5319886,0,0.99031155,22.69
612,10,10599,1514,4z69_DIF_A_1006,1,unimol,0.65585028,0.93871567,2.5319886,0,0.43761168,24.33
613,10,10606,1515,4z69_DIF_A_1007,1,unimol,0.65585028,0.93871567,2.5319886,0,0.98504842,23.84
614,10,10613,1516,4z69_DIF_I_1006,1,unimol,0.65585028,0.93871567,2.5319886,0,0.4758969,21.73
615,10,11033,1576,5afy_WCE_H_1248,1,unimol,0.65585028,0.93871567,2.5319886,0,0.99125566,18.77
616,10,11236,1605,5c8w_PCG_F_302,1,unimol,0.65585028,0.93871567,2.5319886,0,0,22.29
617,10,11439,1634,5di7_5CQ_B_601,1,unimol,0.65585028,0.93871567,2.5319886,0,0,23.37
618,10,11446,1635,5did_5CK_A_601,1,unimol,0.65585028,0.93871567,2.5319886,0,0.99718757,24.49
619,10,11453,1636,5die_5CJ_A_601,1,unimol,0.65585028,0.93871567,2.5319886,0,0.99384331,20.92
620,10,11460,1637,5die_5CJ_B_601,1,unimol,0.65585028,0.93871567,2.5319886,0,0.98932259,16.93
621,10,11558,1651,5dzh_5KG_A_900,1,unimol,0.65585028,0.93871567,2.5319886,0,0.96594865,25.71
622,10,11565,1652,5dzh_5KG_B_901,1,unimol,0.65585028,0.93871567,2.5319886,0,0.98898475,23.58
623,10,12020,1717,5fzn_FB2_A_1615,1,unimol,0.65585028,0.93871567,2.5319886,0,0.99330165,19.66
624,10,12041,1720,5g0v_JDD_B_1271,1,unimol,0.65585028,0.93871567,2.5319886,0,0.91805016,24.83
625,10,12279,1754,5hc0_NPO_A_402,1,unimol,0.65585028,0.93871567,2.5319886,0,0.96444565,17.96
626,10,12286,1755,5hc0_NPO_A_407,1,unimol,0.65585028,0.93871567,2.5319886,0,0.94634404,19.63
627,10,12643,1806,5j5i_6GM_A_302,1,unimol,0.65585028,0.93871567,2.5319886,0,0.99500192,22.83
628,10,12650,1807,5j5i_6GM_A_303,1,unimol,0.65585028,0.93871567,2.5319886,0,0.98802078,26.36
629,10,12657,1808,5j5i_6GM_B_302,1,unimol,0.65585028,0.93871567,2.5319886,0,0.99110342,28.03
630,10,12664,1809,5j5i_6GM_C_302,1,unimol,0.65585028,0.93871567,2.5319886,0,0.99640057,25.76
631,10,12671,1810,5j5i_6GM_E_302,1,unimol,0.65585028,0.93871567,2.5319886,0,0.98878924,30.13
632,10,12678,1811,5j5i_6GM_F_303,1,unimol,0.65585028,0.93871567,2.5319886,0,0.98841696,26.09
633,10,12685,1812,5j5i_6GM_I_302,1,unimol,0.65585028,0.93871567,2.5319886,0,0.9960377,32.11
634,10,12692,1813,5j5i_6GM_I_303,1,unimol,0.65585028,0.93871567,2.5319886,0,0.98261416,27.43
635,10,13427,1918,5oip_9WE_A_302,1,unimol,0.65585028,0.93871567,2.5319886,0,0.98589462,18.35
636,11,1079,154,1hkn_N2M_D_5139,1,unimol,0.6720954,0.9399639,2.6840899,0,0.25884882,22.77
637,11,1345,192,1j54_TMP_A_2000,1,unimol,0.6720954,0.9399639,2.6840899,0,0,17.48
638,11,2801,400,1tf8_TRP_A_913,1,unimol,0.6720954,0.9399639,2.6840899,0,0,22.25
639,11,3249,464,1wq4_TYR_A_501,1,unimol,0.6720954,0.9399639,2.6840899,0,0,14.01
640,11,3697,528,2a0x_DIH_A_300,1,unimol,0.6720954,0.9399639,2.6840899,0,0,14.8
641,11,3879,554,2bjf_DXC_A_330,1,unimol,0.6720954,0.9399639,2.6840899,0,0.98847693,20.05
642,11,5510,787,2vez_G6P_A_202,1,unimol,0.6720954,0.9399639,2.6840899,0,0,15.92
643,11,5734,819,2x0u_X0U_B_1291,1,unimol,0.6720954,0.9399639,2.6840899,0,0.99578285,18.04
644,11,7260,1037,4a9j_TYL_A_1188,1,unimol,0.6720954,0.9399639,2.6840899,0,0.99128895,21.84
645,11,7358,1051,4aql_TXC_A_1452,1,unimol,0.6720954,0.9399639,2.6840899,0,0,23.03
646,11,7841,1120,4cpp_ADM_A_422,1,unimol,0.6720954,0.9399639,2.6840899,0,0.9350857,15.99
647,11,8324,1189,4evi_N7I_B_401,1,unimol,0.6720954,0.9399639,2.6840899,0,0.99259439,26.07
648,11,9297,1328,4m2c_DAR_C_402,1,unimol,0.6720954,0.9399639,2.6840899,0,0,26.08
649,11,9304,1329,4m2c_DAR_D_402,1,unimol,0.6720954,0.9399639,2.6840899,0,0,25.73
650,11,10046,1435,4u8p_UDP_A_603,1,unimol,0.6720954,0.9399639,2.6840899,0,0,22.69
651,11,10053,1436,4u8p_UDP_C_603,1,unimol,0.6720954,0.9399639,2.6840899,0,0,26.53
652,11,10186,1455,4uy7_HIS_B_800,1,unimol,0.6720954,0.9399639,2.6840899,0,0,22.69
653,11,10326,1475,4ws6_WBU_A_301,1,unimol,0.6720954,0.9399639,2.6840899,0,0.96191823,19.65
654,11,11173,1596,5bwr_4VT_A_402,1,unimol,0.6720954,0.9399639,2.6840899,0,0,17.1
655,11,11180,1597,5bwr_4VT_B_402,1,unimol,0.6720954,0.9399639,2.6840899,0,0,19.33
656,11,11348,1621,5cr1_STL_B_201,1,unimol,0.6720954,0.9399639,2.6840899,0,0.99110272,22.18
657,11,11509,1644,5dr9_SKE_A_401,1,unimol,0.6720954,0.9399639,2.6840899,0,0,19.91
658,11,11516,1645,5dt0_SKE_A_401,1,unimol,0.6720954,0.9399639,2.6840899,0,0,16.49
659,11,11817,1688,5fc5_PC_A_516,1,unimol,0.6720954,0.9399639,2.6840899,0,0.93064361,22.49
660,11,11985,1712,5fuv_THM_A_1388,1,unimol,0.6720954,0.9399639,2.6840899,0,0,19.02
661,11,11992,1713,5fuv_THM_B_1385,1,unimol,0.6720954,0.9399639,2.6840899,0,0,20.75
662,11,12048,1721,5g21_YN4_A_1002,1,unimol,0.6720954,0.9399639,2.6840899,0,0.91294372,27.04
663,11,12594,1799,5iuy_BOG_B_503,1,unimol,0.6720954,0.9399639,2.6840899,0,0,28.21
664,11,12601,1800,5iuy_BOG_C_503,1,unimol,0.6720954,0.9399639,2.6840899,0,0.97060563,27.72
665,11,13651,1950,5thu_B3N_A_404,1,unimol,0.6720954,0.9399639,2.6840899,0,0.9608277,24.04
666,11,13658,1951,5thu_B3N_B_404,1,unimol,0.6720954,0.9399639,2.6840899,0,0.36454961,25.75
667,11,13847,1978,5uj3_CE4_A_302,1,unimol,0.6720954,0.9399639,2.6840899,0,0.97415116,21.51
668,11,14330,2047,5xvt_8FL_A_709,1,unimol,0.6720954,0.9399639,2.6840899,0,0,20.03
669,11,14596,2085,5z9b_HX3_A_303,1,unimol,0.6720954,0.9399639,2.6840899,0,0.99146747,19.12
670,11,14603,2086,5z9b_HX3_B_303,1,unimol,0.6720954,0.9399639,2.6840899,0,0.98667353,19.18
671,11,14995,2142,6cdy_EY1_B_501,1,unimol,0.6720954,0.9399639,2.6840899,0,0,24.27
672,11,16465,2352,6o2z_LJV_A_500,1,unimol,0.6720954,0.9399639,2.6840899,0,0,23.97
673,11,16472,2353,6o2z_LJV_B_500,1,unimol,0.6720954,0.9399639,2.6840899,0,0,19.29
674,11,16752,2393,6qdb_HWQ_A_1003,1,unimol,0.6720954,0.9399639,2.6840899,0,0,18.95
675,11,16759,2394,6qde_HWW_A_502,1,unimol,0.6720954,0.9399639,2.6840899,0,0.92510741,19.94
676,11,16766,2395,6qde_HWW_A_503,1,unimol,0.6720954,0.9399639,2.6840899,0,0.87217611,23.3
677,11,16955,2422,6rhc_K48_A_305,1,unimol,0.6720954,0.9399639,2.6840899,0,0.96944913,16.87
678,11,16990,2427,6rum_TOP_A_301,1,unimol,0.6720954,0.9399639,2.6840899,0,0.9743454,20.54
679,11,17018,2431,6s39_K5Z_A_301,1,unimol,0.6720954,0.9399639,2.6840899,0,0.97379937,26.44
680,11,17067,2438,6si4_LEK_B_402,1,unimol,0.6720954,0.9399639,2.6840899,0,0.99317932,22.42
681,11,17347,2478,6u30_PQM_A_501,1,unimol,0.6720954,0.9399639,2.6840899,0,0.96138617,14.66
682,11,6826,975,3wca_FPS_C_402,1,unimol,0.6720954,0.93841028,2.7085688,0,0.91551948,33.95
683,11,6833,976,3wca_FPS_D_401,1,unimol,0.6720954,0.93755981,2.7220228,0,0.772551,27.11
684,11,2850,407,1tkh_DPN_A_911,1,unimol,0.6720954,0.93714629,2.7285752,0,0.96400167,24.25
685,11,11194,1599,5c7v_PYC_A_804,1,unimol,0.6720954,0.93683152,2.7335701,0,0,21.31
686,12,3830,547,2bdg_PBZ_A_301,1,unimol,0.65264253,0.94130701,2.7740891,0,0.99621974,21.88
687,12,3837,548,2bdg_PBZ_B_302,1,unimol,0.65264253,0.94130701,2.7740891,0,0.99566928,18.75
688,12,10165,1452,4ur9_BK9_B_1717,1,unimol,0.65264253,0.94130701,2.7740891,0,0.99591362,23.65
689,12,14918,2131,6bqx_9AG_A_201,1,unimol,0.65264253,0.93188992,2.9228387,0,0.90934025,20.62
690,12,2031,290,1nme_159_B_9002,1,unimol,0.65264253,0.92363761,3.0569468,0,0.96439468,19.69
691,12,1471,210,1k5s_GRO_B_601,1,unimol,0.65264253,0.92011755,3.1152537,0,0.96654426,22.38
692,12,12363,1766,5hss_650_C_401,1,unimol,0.65264253,0.91081579,3.272593,0,0.96225441,27.16
693,12,3606,515,1zgj_P1S_A_0,1,unimol,0.65264253,0.90520918,3.3697798,0,0.98577978,20.44
694,12,3032,433,1uux_PPI_A_1165,1,unimol,0.65264253,0.90342752,3.4010441,0,0.93079883,20.12
695,12,10753,1536,4zo7_GLC_A_806,1,unimol,0.65264253,0.89463677,3.558043,0,0.8277337,23.72
696,12,5300,757,2qx4_ML1_B_233,1,unimol,0.65264253,0.88605938,3.7157574,0,0.95711943,23.22
697,12,176,25,1bit_BEN_A_247,1,unimol,0.65264253,0.88506107,3.7344129,0,0.83814091,18.28
698,12,5293,756,2qx4_ML1_A_233,1,unimol,0.65264253,0.88440077,3.7467856,0,0.98553668,24.28
699,12,10746,1535,4zo7_BGC_A_802,1,unimol,0.65264253,0.88210195,3.7900813,0,0,18.04
700,12,10193,1456,4uzi_IMD_B_1455,1,unimol,0.65264253,0.88137709,3.8038032,0,0.64089495,22.48
701,12,1029,147,1h7q_TYD_A_1258,0,surfdock,0.54986681,0.881154,2.7740891,0,0.55942237,3.8327271
702,12,10200,1457,4uzi_IMD_B_1456,1,unimol,0.65264253,0.88086748,3.8134701,0,0.99299115,23.87
703,12,12369,1767,5i0d_GLC_B_1122,0,surfdock,0.54396426,0.8796671,2.7901039,0,0.98080117,2.3525553
704,12,3039,434,1uxi_FUM_A_1311,1,unimol,0.65264253,0.87819172,3.8645051,0,0.91529939,19.82
705,12,10739,1534,4zo7_BGC_A_801,1,unimol,0.65264253,0.87815255,3.8652554,0,0,22.42
706,12,12359,1765,5hss_650_B_402,4,gnina,0.48898399,0.87724114,2.7740891,0,1.3837209e-05,7.2786705
707,12,6545,935,3v1m_HPK_A_288,0,surfdock,0.48195123,0.87706593,2.7740891,0,0,3.2950987
708,12,12761,1823,5je5_AZ9_A_302,0,surfdock,0.45816809,0.87277346,2.7740891,0,0.00041595415,2.7133573
709,12,15121,2160,6e2w_DP6_A_403,1,unimol,0.65264253,0.86980055,4.0276194,0,0.9524336,18.31
710,12,12355,1765,5hss_650_B_402,0,surfdock,0.45774081,0.86824739,2.7740891,0,0.99662284,2.8775997
711,12,1869,267,1m7p_G3H_B_6401,0,surfdock,0.45601666,0.86795538,2.7740891,0,0.98070982,2.5173951
712,12,169,24,1bit_BEN_A_246,1,unimol,0.65264253,0.86781728,4.0668654,0,0.94326616,19.15
713,12,7357,1051,4aql_TXC_A_1452,0,surfdock,0.45816809,0.86646632,2.8810873,0,0,3.8844085
714,13,9506,1358,4nkw_PLO_A_601,0,surfdock,0.72713536,1,2.7166378,0,0.98700299,3.884379
715,13,9079,1297,4kcf_FMN_A_502,0,surfdock,0.69654032,0.99953203,2.7166378,0,0,4.1437172
716,13,7361,1051,4aql_TXC_A_1452,4,gnina,0.66076047,0.99381412,2.7855577,0,0.93783965,7.6846685
717,13,113,16,1aog_MAE_A_501,1,unimol,0.6595615,0.94045042,2.7166378,0,0.89660671,18.95
718,13,5832,833,2xum_OGA_A_601,1,unimol,0.6595615,0.94045042,2.7166378,0,0.97602299,17.25
719,13,5909,844,2ye5_2A7_A_1224,1,unimol,0.6595615,0.94045042,2.7166378,0,0.8793011,20.28
720,13,6588,941,3vbn_TYD_A_301,1,unimol,0.6595615,0.94045042,2.7166378,0,0,18.59
721,13,6595,942,3vbn_TYD_C_301,1,unimol,0.6595615,0.94045042,2.7166378,0,0,17.64
722,13,6602,943,3vbn_TYD_E_301,1,unimol,0.6595615,0.94045042,2.7166378,0,0,21.27
723,13,6861,980,3wjz_NUP_A_301,1,unimol,0.6595615,0.94045042,2.7166378,0,0,17.77
724,13,6868,981,3wk1_O7E_A_301,1,unimol,0.6595615,0.94045042,2.7166378,0,0,23.09
725,13,7659,1094,4cjv_IV2_A_1212,1,unimol,0.6595615,0.94045042,2.7166378,0,0.99705003,18.04
726,13,7666,1095,4cjw_CBJ_A_1215,1,unimol,0.6595615,0.94045042,2.7166378,0,0.94785945,20.91
727,13,7673,1096,4cjw_CBJ_B_1217,1,unimol,0.6595615,0.94045042,2.7166378,0,0.9296023,18.42
728,13,8366,1195,4fxr_BMP_A_301,1,unimol,0.6595615,0.94045042,2.7166378,0,0.9526753,18.12
729,13,8373,1196,4fxr_BMP_B_301,1,unimol,0.6595615,0.94045042,2.7166378,0,0.96170767,20.69
730,13,9521,1360,4npm_SIN_A_301,1,unimol,0.6595615,0.94045042,2.7166378,0,0.40064671,15.96
731,13,9528,1361,4npm_SIN_B_301,1,unimol,0.6595615,0.94045042,2.7166378,0,0.68122719,15.84
732,13,9598,1371,4ovl_1TD_A_308,1,unimol,0.6595615,0.94045042,2.7166378,0,0.94330338,19.99
733,13,9605,1372,4ovl_1TD_B_308,1,unimol,0.6595615,0.94045042,2.7166378,0,0.95866923,15.77
734,13,10263,1466,4wca_CIT_A_401,1,unimol,0.6595615,0.94045042,2.7166378,0,0.85602974,24.42
735,13,10312,1473,4ws1_URF_A_301,1,unimol,0.6595615,0.94045042,2.7166378,0,0,17.18
736,13,10473,1496,4xv4_25T_A_302,1,unimol,0.6595615,0.94045042,2.7166378,0,0.99723952,11.68
737,13,10480,1497,4xv4_25T_A_303,1,unimol,0.6595615,0.94045042,2.7166378,0,0.99754875,23.1
738,13,10592,1513,4z2w_AKG_A_401,1,unimol,0.6595615,0.94045042,2.7166378,0,0.87459617,18.49
739,13,12636,1805,5j4k_6FZ_A_404,1,unimol,0.6595615,0.94045042,2.7166378,0,0.96632288,18.35
740,13,13245,1892,5njb_BB2_A_502,1,unimol,0.6595615,0.94045042,2.7166378,0,0.96036736,27.78
741,13,13252,1893,5njb_BB2_C_502,1,unimol,0.6595615,0.94045042,2.7166378,0,0.95452207,31.07
742,13,16997,2428,6s23_KSW_A_402,1,unimol,0.6595615,0.94045042,2.7166378,0,0.97221637,24.97
743,13,17004,2429,6s23_KSW_B_402,1,unimol,0.6595615,0.94045042,2.7166378,0,0.97933453,20.16
744,13,6812,973,3wca_FPS_B_401,1,unimol,0.6595615,0.93945359,2.7320919,0,0.95102449,24.92
745,13,6819,974,3wca_FPS_C_401,1,unimol,0.6595615,0.93945359,2.7320919,0,0.90343579,21.87
746,13,9514,1359,4nkw_PLO_D_601,1,unimol,0.6595615,0.93709976,2.768779,0,0.99394282,27.44
747,13,6805,972,3wca_FPS_A_501,1,unimol,0.6595615,0.93702063,2.7700171,0,0.82798246,33.4
748,13,9395,1342,4mop_2H5_A_802,1,unimol,0.6595615,0.93649995,2.778172,0,0.91595387,22.32
749,13,9360,1337,4mog_G3F_A_802,1,unimol,0.6595615,0.93179474,2.8524849,0,0.92957132,22.35
750,13,9563,1366,4o7g_ASC_B_303,1,unimol,0.6595615,0.93171836,2.8537009,0,0.97739772,23.43
751,13,14134,2019,5wcz_NOJ_B_601,1,unimol,0.6595615,0.93072841,2.8694835,0,0.75339008,20.3
752,13,3781,540,2as1_TP5_A_500,1,unimol,0.6595615,0.93014407,2.8788228,0,0.99355835,18.3
753,13,14127,2018,5wcz_NOJ_A_601,1,unimol,0.6595615,0.92889522,2.8988435,0,0,20.06
754,13,9059,1294,4k5u_GAL_C_301,1,unimol,0.6595615,0.92807292,2.9120698,0,0.98466455,21.3
755,13,6420,917,3sj1_DXC_X_75,1,unimol,0.6595615,0.92800305,2.9131949,0,0.98290361,20.61
756,13,4782,683,2nos_AGU_A_903,1,unimol,0.6595615,0.92777409,2.9168832,0,0.91290436,20.69
757,13,9066,1295,4k5u_GAL_D_301,1,unimol,0.6595615,0.92757206,2.9201419,0,0.98754743,23.4
758,13,9045,1292,4k5u_GAL_A_301,1,unimol,0.6595615,0.92729066,2.9246845,0,0.989861,16.84
759,13,9052,1293,4k5u_GAL_B_301,1,unimol,0.6595615,0.92729066,2.9246845,0,0.98416174,22.5
760,13,13728,1961,5u5x_TP5_A_302,1,unimol,0.6595615,0.92687274,2.9314368,0,0.98966674,17.05
761,13,7652,1093,4cju_JNS_B_1214,1,unimol,0.6595615,0.92610892,2.9438004,0,0.98273282,19.28
762,13,9556,1365,4o7g_ASC_A_303,1,unimol,0.6595615,0.9255334,2.9531379,0,0,18.72
763,13,7645,1092,4cju_JNS_A_1217,1,unimol,0.6595615,0.92402743,2.9776528,0,0.92148333,20.66
764,14,14767,2109,6a6s_FSA_A_502,4,gnina,0.70653791,0.99941332,2.8656569,0,4.2923524e-06,2.428519
765,14,12765,1823,5je5_AZ9_A_302,4,gnina,0.68352385,0.9988853,2.8656569,0,0,2.1521428
766,14,1390,198,1jl0_PUT_A_401,4,gnina,0.6783438,0.99876797,2.8656569,0,0.92656634,3.3126203
767,14,8698,1242,4i6s_FUC_A_102,4,gnina,0.70543298,0.99737658,2.8923342,0,0.99747072,1.5271136
768,14,17119,2445,6sxr_KHP_A_513,4,gnina,0.69870284,0.96455043,3.3859499,0,0.97360822,3.1340212
769,14,4526,646,2gzm_DGL_B_502,4,gnina,0.70696135,0.94175628,3.7689602,0,0.99104021,4.4445594
770,14,267,38,1d6u_HY1_A_2001,1,unimol,0.66823077,0.94174245,2.8656569,0,0.99667157,22.35
771,14,666,95,1g8z_GAL_D_104,1,unimol,0.66823077,0.94174245,2.8656569,0,0.97509055,21.37
772,14,673,96,1g8z_GAL_G_104,1,unimol,0.66823077,0.94174245,2.8656569,0,0.95916607,18.52
773,14,680,97,1g8z_GAL_H_104,1,unimol,0.66823077,0.94174245,2.8656569,0,0.96128231,20.6
774,14,1191,170,1isx_XYP_A_1461,1,unimol,0.66823077,0.94174245,2.8656569,0,0.96506034,15.52
775,14,1198,171,1isx_XYP_B_961,1,unimol,0.66823077,0.94174245,2.8656569,0,0.97208371,20.65
776,14,1268,181,1j0n_CEG_A_780,1,unimol,0.66823077,0.94174245,2.8656569,0,0,22.72
777,14,1394,199,1jla_TNK_A_999,1,unimol,0.66823077,0.94174245,2.8656569,0,0,22.97
778,14,2542,363,1rf2_BV4_D_104,1,unimol,0.66823077,0.94174245,2.8656569,0,0.9208132,19.9
779,14,2549,364,1rf2_BV4_E_105,1,unimol,0.66823077,0.94174245,2.8656569,0,0.92698486,22.41
780,14,2556,365,1rf2_BV4_F_106,1,unimol,0.66823077,0.94174245,2.8656569,0,0.93492764,26.35
781,14,2563,366,1rf2_BV4_G_107,1,unimol,0.66823077,0.94174245,2.8656569,0,0.93442121,22.86
782,14,2570,367,1rf2_BV4_H_108,1,unimol,0.66823077,0.94174245,2.8656569,0,0.95181606,22.84
783,14,3753,536,2ahc_VNL_B_266,1,unimol,0.66823077,0.94174245,2.8656569,0,0.96299562,16.4
784,14,3760,537,2ahc_VNL_C_366,1,unimol,0.66823077,0.94174245,2.8656569,0,0.99022294,15.83
785,14,3767,538,2ahc_VNL_D_466,1,unimol,0.66823077,0.94174245,2.8656569,0,0,16.72
786,14,4061,580,2d0e_NQ_A_409,1,unimol,0.66823077,0.94174245,2.8656569,0,0.96322172,17.76
787,14,4068,581,2d0e_NQ_A_410,1,unimol,0.66823077,0.94174245,2.8656569,0,0.98804439,14.5
788,14,4103,586,2e1a_MSE_D_301,1,unimol,0.66823077,0.94174245,2.8656569,0,0.96764968,19.22
789,14,4229,604,2ex1_C5P_A_1427,1,unimol,0.66823077,0.94174245,2.8656569,0,0.98395765,16.37
790,14,4257,608,2f78_BEZ_A_1001,1,unimol,0.66823077,0.94174245,2.8656569,0,0.98845297,22.09
791,14,4264,609,2f78_BEZ_A_1003,1,unimol,0.66823077,0.94174245,2.8656569,0,0.99297058,15.91
792,14,4271,610,2f78_BEZ_B_1002,1,unimol,0.66823077,0.94174245,2.8656569,0,0.9960496,23.36
793,14,4278,611,2f78_BEZ_B_1004,1,unimol,0.66823077,0.94174245,2.8656569,0,0.99145624,23.28
794,14,4488,641,2gx5_PCG_C_514,1,unimol,0.66823077,0.94174245,2.8656569,0,0,20.92
795,14,4894,699,2o7b_HC4_C_701,1,unimol,0.66823077,0.94174245,2.8656569,0,0.98769799,30.19
796,14,4901,700,2o7b_HC4_D_701,1,unimol,0.66823077,0.94174245,2.8656569,0,0,29.06
797,14,4908,701,2o7b_HC4_G_701,1,unimol,0.66823077,0.94174245,2.8656569,0,0.9905619,31.18
798,14,4915,702,2o7d_DHC_A_701,1,unimol,0.66823077,0.94174245,2.8656569,0,0.9909985,30.28
799,14,4922,703,2o7d_DHC_B_701,1,unimol,0.66823077,0.94174245,2.8656569,0,0.99055784,25.15
800,14,4929,704,2o7d_DHC_E_701,1,unimol,0.66823077,0.94174245,2.8656569,0,0,33.26
801,14,4936,705,2o7d_DHC_G_701,1,unimol,0.66823077,0.94174245,2.8656569,0,0.99267455,27.37
802,14,4943,706,2o7d_DHC_H_701,1,unimol,0.66823077,0.94174245,2.8656569,0,0.98837384,29.34
803,14,5118,731,2qb4_LEU_A_601,1,unimol,0.66823077,0.94174245,2.8656569,0,0.99314671,24.36
804,14,5713,816,2wzv_FMN_A_801,1,unimol,0.66823077,0.94174245,2.8656569,0,0,21.65
805,14,5720,817,2wzv_FMN_B_801,1,unimol,0.66823077,0.94174245,2.8656569,0,0,20.24
806,14,5755,822,2xhk_AKG_A_519,1,unimol,0.66823077,0.94174245,2.8656569,0,0.85769051,17.79
807,14,5762,823,2xhk_AKG_B_519,1,unimol,0.66823077,0.94174245,2.8656569,0,0,18.01
808,14,6035,862,2zgw_ADN_A_1301,1,unimol,0.66823077,0.94174245,2.8656569,0,0.96445073,18.69
809,14,6042,863,2zgw_ADN_B_1302,1,unimol,0.66823077,0.94174245,2.8656569,0,0.74508115,23.04
810,14,6329,904,3ro7_TDR_A_300,1,unimol,0.66823077,0.94174245,2.8656569,0,0,15.77
811,14,6336,905,3roe_THM_A_265,1,unimol,0.66823077,0.94174245,2.8656569,0,0,20.7
812,14,6343,906,3roe_THM_C_265,1,unimol,0.66823077,0.94174245,2.8656569,0,0,21.9
813,14,6350,907,3roe_THM_D_265,1,unimol,0.66823077,0.94174245,2.8656569,0,0,18.29
814,15,5874,839,2y00_Y00_B_601,1,unimol,0.66892585,0.94283613,2.8192096,0,0.9853551,25.37
815,15,11586,1655,5edh_5MF_A_803,1,unimol,0.66892585,0.94283613,2.8192096,0,0,20.87
816,15,11593,1656,5edh_5MF_C_803,1,unimol,0.66892585,0.94283613,2.8192096,0,0,24.62
817,15,11600,1657,5edh_5MF_D_803,1,unimol,0.66892585,0.94283613,2.8192096,0,0,26.14
818,15,13518,1931,5t85_44G_L_301,1,unimol,0.66892585,0.94283613,2.8192096,0,0,27.95
819,15,16731,2390,6q4r_HJ5_A_1009,1,unimol,0.66892585,0.93817556,2.8898888,0,0.78288783,32.38
820,15,17501,2500,6wdw_TWV_A_701,1,unimol,0.66892585,0.93695501,2.9085724,0,0.91347871,22.94
821,15,6679,954,3vnm_SDD_A_301,1,unimol,0.66892585,0.9288714,3.0341833,0,0,23.23
822,15,6686,955,3vnm_SDD_B_301,1,unimol,0.66892585,0.9288714,3.0341833,0,0.89647037,23.99
823,15,6693,956,3vnm_SDD_C_301,1,unimol,0.66892585,0.92766317,3.053241,0,0,24.08
824,15,6672,953,3vnj_PSJ_D_301,1,unimol,0.66892585,0.92434851,3.1059067,0,0,23.97
825,15,6658,951,3vnj_PSJ_A_301,1,unimol,0.66892585,0.92358246,3.1181581,0,0,17.99
826,15,6665,952,3vnj_PSJ_C_301,1,unimol,0.66892585,0.92358246,3.1181581,0,0,23.83
827,15,17494,2499,6wdv_TWM_A_701,1,unimol,0.66892585,0.92130295,3.154798,0,0.86864687,26.15
828,15,10535,1505,4ynu_LGC_A_603,0,surfdock,0.71312179,0.91546025,4.1764011,0,0.003144213,2.1836065
829,15,10767,1538,4zsy_RW2_A_502,1,unimol,0.66892585,0.91174177,3.311486,0,0.93005886,29.75
830,15,10781,1540,4zsy_RW2_C_502,1,unimol,0.66892585,0.9113541,3.3179426,0,0,24.04
831,15,10774,1539,4zsy_RW2_B_502,1,unimol,0.66892585,0.91029103,3.3356926,0,0,27.72
832,15,10788,1541,4zsy_RW2_D_502,1,unimol,0.66892585,0.9100764,3.3392828,0,0,26.24
833,15,7442,1063,4bbx_LKF_B_1760,1,unimol,0.66892585,0.90715574,3.3884058,0,0,18.69
834,15,14204,2029,5x2m_GLN_B_951,1,unimol,0.66892585,0.89529187,3.5929053,0,0.76106608,28.3
835,15,4698,671,2iyq_SKM_A_201,1,unimol,0.66892585,0.89135407,3.6625936,0,0.96253333,18.67
836,15,15337,2191,6fld_NAG_A_602,0,surfdock,0.59136435,0.88514269,2.8192096,0,0.60495081,2.4022287
837,15,12475,1782,5icf_SAU_A_402,1,unimol,0.66892585,0.88457682,3.7847197,0,0.9098824,15.06
838,15,12194,1742,5gzz_GSH_E_301,0,surfdock,0.54310157,0.88420124,2.8192096,0,0.89858757,3.4725561
839,15,15331,2190,6fld_NAG_A_601,1,unimol,0.66892585,0.88173352,3.8367958,0,0,20.82
840,15,15345,2192,6fld_NAG_A_603,1,unimol,0.66892585,0.88133618,3.8441136,0,0.93993159,17.04
841,15,7360,1051,4aql_TXC_A_1452,3,diffdock_l,0.52892706,0.88036358,2.8650255,0,8.1304277e-05,28.118723
842,15,7060,1008,3zbs_OVE_A_1380,4,gnina,0.48075515,0.87984701,2.8192096,0,0.85478272,4.3390623
843,15,15709,2244,6ijp_IMP_A_402,1,unimol,0.66892585,0.87296718,4.0005708,0,0,15.62
844,15,1023,146,1h69_ARH_C_1275,1,unimol,0.66892585,0.86348929,4.1832824,0,0,22.05
845,15,1016,145,1h69_ARH_B_1275,1,unimol,0.66892585,0.86347383,4.1835847,0,0,24.7
846,15,1009,144,1h69_ARH_A_1275,1,unimol,0.66892585,0.86309626,4.190989,0,0,22.69
847,15,12639,1805,5j4k_6FZ_A_404,4,gnina,0.47928034,0.86103071,2.952491,0,0.84280335,1.4491102
848,15,7056,1008,3zbs_OVE_A_1380,0,surfdock,0.47521071,0.85866431,2.8192096,0,0,3.4471891
849,15,12019,1717,5fzn_FB2_A_1615,0,surfdock,0.47520791,0.85860547,2.8192096,0,0.92541509,2.4091017
850,15,7981,1140,4d6z_PK9_A_1600,1,unimol,0.66892585,0.85364632,4.3795094,0,0.74007658,25.77
851,15,249,35,1ck6_SHA_A_900,4,gnina,0.5116592,0.85198413,3.3467143,0,3.130899e-07,1.7403715
852,15,6245,892,3qss_MTG_A_405,1,unimol,0.66892585,0.85102666,4.4328837,0,0.9762163,19.67
853,15,6252,893,3qss_MTG_B_405,1,unimol,0.66892585,0.85102666,4.4328837,0,0.97090356,20.07
854,15,9857,1408,4r08_URI_B_901,1,unimol,0.66892585,0.85096202,4.4342079,0,0,27.43
855,15,9562,1366,4o7g_ASC_B_303,0,surfdock,0.47454692,0.85095616,2.8192096,0,0.98358203,2.5026878
856,15,9864,1409,4r08_URI_D_901,1,unimol,0.66892585,0.8508399,4.4367094,0,0,30.32
857,15,13654,1950,5thu_B3N_A_404,4,gnina,0.47898073,0.84788026,3.1462171,0,3.0764625e-06,6.4672746
858,15,5142,734,2qcx_PF1_A_300,4,gnina,0.75387265,0.84785793,5.594429,0,0.35760892,2.754275
859,15,12635,1805,5j4k_6FZ_A_404,0,surfdock,0.47408674,0.84736687,2.8192096,0,0.98689663,2.4127671
860,15,12202,1743,5gzz_JAA_A_601,1,unimol,0.66892585,0.8470576,4.5146995,0,0.80081838,29.5
861,15,2017,288,1ngp_NPA_H_302,1,unimol,0.66892585,0.84680303,4.5199862,0,0.95306656,20.68
862,15,9850,1407,4r08_URI_A_901,1,unimol,0.66892585,0.84533843,4.5504961,0,0,26.17
863,15,17301,2471,6tog_NQH_A_201,4,gnina,0.47576476,0.84462076,3.1034596,0,0.98322104,2.2152263
864,16,245,35,1ck6_SHA_A_900,0,surfdock,0.81666575,1,2.5983086,0,0.98848707,2.3814523
865,16,6549,935,3v1m_HPK_A_288,4,gnina,0.75741353,0.99946887,2.5983086,0,0.88227148,2.6045265
866,16,4340,620,2fkm_G16_X_464,0,surfdock,0.7432588,0.99923281,2.5983086,0,5.105696e-06,3.5777036
867,16,8617,1231,4i02_CMP_D_302,0,surfdock,0.71819697,0.99899675,2.5983086,0,0.92813279,3.2086554
868,16,1922,274,1mmy_G6D_A_348,4,gnina,0.68721037,0.99870168,2.5983086,0,0.0026300371,4.0305555
869,16,17300,2471,6tog_NQH_A_201,3,diffdock_l,0.65628253,0.99840661,2.5983086,0,4.8532916e-31,6.6862986
870,16,9821,1403,4qck_ASD_A_404,0,surfdock,0.67589515,0.99154069,2.7005527,0,0.97764501,2.5859804
871,16,13650,1950,5thu_B3N_A_404,0,surfdock,0.78066822,0.97273165,2.9999695,0,0.83072565,3.6242909
872,16,127,18,1aua_BOG_A_2,1,unimol,0.65289398,0.94355267,2.5983086,0,0,22.08
873,16,274,39,1d6u_PEA_A_2003,1,unimol,0.65289398,0.94355267,2.5983086,0,0.97472167,20.41
874,16,547,78,1fp2_HMO_A_2000,1,unimol,0.65289398,0.94355267,2.5983086,0,0.92100725,20.05
875,16,624,89,1g6n_CMP_A_621,1,unimol,0.65289398,0.94355267,2.5983086,0,0.99572185,23.26
876,16,631,90,1g6n_CMP_B_622,1,unimol,0.65289398,0.94355267,2.5983086,0,0.99243928,17.44
877,16,659,94,1g79_PLP_A_260,1,unimol,0.65289398,0.94355267,2.5983086,0,0.90095242,26.15
878,16,1086,155,1ho5_ADN_A_1604,1,unimol,0.65289398,0.94355267,2.5983086,0,0.94587035,23.07
879,16,1100,157,1hot_16G_A_269,1,unimol,0.65289398,0.94355267,2.5983086,0,0.97630555,33.75
880,16,1107,158,1hot_16G_B_271,1,unimol,0.65289398,0.94355267,2.5983086,0,0.968443,25.19
881,16,1275,182,1j0y_BGC_B_2601,1,unimol,0.65289398,0.94355267,2.5983086,0,0.98244992,24.28
882,16,1282,183,1j0y_BGC_C_3601,1,unimol,0.65289398,0.94355267,2.5983086,0,0.97767278,21.37
883,16,1289,184,1j0y_BGC_D_4601,1,unimol,0.65289398,0.94355267,2.5983086,0,0.9816682,24.6
884,16,1401,200,1jtk_THU_A_138,1,unimol,0.65289398,0.94355267,2.5983086,0,0.95567749,19.1
885,16,1527,218,1kep_TDX_A_3500,1,unimol,0.65289398,0.94355267,2.5983086,0,0,18.84
886,16,1646,235,1l4f_150_A_990,1,unimol,0.65289398,0.94355267,2.5983086,0,0.98467331,15.58
887,16,1667,238,1l5o_2MP_A_990,1,unimol,0.65289398,0.94355267,2.5983086,0,0.99368906,22.36
888,16,1968,281,1n3o_GYP_A_1001,1,unimol,0.65289398,0.94355267,2.5983086,0,0.94680066,21.48
889,16,1975,282,1n3o_GYP_B_1101,1,unimol,0.65289398,0.94355267,2.5983086,0,0.96103598,22.24
890,16,2073,296,1nrg_PLP_A_320,1,unimol,0.65289398,0.94355267,2.5983086,0,0.93683635,25.32
891,16,2115,302,1o28_UFP_A_703,1,unimol,0.65289398,0.94355267,2.5983086,0,0,20.46
892,17,5460,780,2v32_BEZ_B_1220,0,surfdock,0.8174459,1,2.5878875,0,0.99633597,2.4662198
893,17,14077,2011,5vys_GMP_B_303,0,surfdock,0.70815147,0.99911332,2.5878875,0,0.97877942,3.1400268
894,17,4298,614,2fcu_AKG_B_898,0,surfdock,0.77400588,0.96577697,3.0939157,0,0.9951317,2.7441418
895,17,3053,436,1v03_BGC_A_1498,1,unimol,0.6577651,0.94431637,2.5878875,0,0,17.14
896,17,4719,674,2j51_DKI_A_1314,1,unimol,0.6577651,0.94431637,2.5878875,0,0.94976977,24.72
897,17,8898,1271,4j0k_EGR_A_501,1,unimol,0.6577651,0.94431637,2.5878875,0,0.7287984,19.19
898,17,8905,1272,4j0k_EGR_B_501,1,unimol,0.6577651,0.94431637,2.5878875,0,0.77542336,16.87
899,17,9899,1414,4rcv_DE2_A_403,1,unimol,0.6577651,0.94431637,2.5878875,0,0.80684301,19.87
900,17,11299,1614,5ci9_549_A_402,1,unimol,0.6577651,0.94431637,2.5878875,0,0.98041395,18.55
901,17,12377,1768,5i0m_UMP_A_201,1,unimol,0.6577651,0.94431637,2.5878875,0,0,17.53
902,17,12384,1769,5i0m_UMP_B_201,1,unimol,0.6577651,0.94431637,2.5878875,0,0,20.6
903,17,12874,1839,5k2c_ZMA_A_1201,1,unimol,0.6577651,0.94431637,2.5878875,0,0.99248909,25.71
904,17,13175,1882,5mzj_TEP_A_2401,1,unimol,0.6577651,0.94431637,2.5878875,0,0,18.34
905,17,13966,1995,5vjg_0BP_A_403,1,unimol,0.6577651,0.94431637,2.5878875,0,0.77175123,19.82
906,17,14295,2042,5xj7_87O_A_309,1,unimol,0.6577651,0.94431637,2.5878875,0,0,31.29
907,17,14358,2051,5xz7_F6P_A_407,1,unimol,0.6577651,0.94431637,2.5878875,0,0.97935305,20.61
908,17,14687,2098,6a1f_9OF_A_807,1,unimol,0.6577651,0.94431637,2.5878875,0,0.99073044,17.36
909,17,15415,2202,6fw0_E92_A_602,1,unimol,0.6577651,0.94431637,2.5878875,0,0.99212087,22.96
910,17,15422,2203,6fw0_E92_B_602,1,unimol,0.6577651,0.94431637,2.5878875,0,0.99334864,18.44
911,17,15632,2233,6hpx_GKQ_A_205,1,unimol,0.6577651,0.94431637,2.5878875,0,0.98627814,18.72
912,17,15877,2268,6jzh_ZMA_A_2002,1,unimol,0.6577651,0.94431637,2.5878875,0,0.99274981,21.35
913,17,16696,2385,6ps7_ZMA_A_1201,1,unimol,0.6577651,0.94431637,2.5878875,0,0.96276576,22.82
914,17,6021,860,2z6j_TUI_B_502,1,unimol,0.6577651,0.94164117,2.628233,0,0.95188172,20.57
915,17,16745,2392,6qaw_HVE_A_402,1,unimol,0.6577651,0.94031717,2.6483276,0,0.97889613,20.49
916,17,10396,1485,4x3j_3WR_A_1201,1,unimol,0.6577651,0.93974692,2.6570091,0,0.97209732,25.44
917,17,13819,1974,5uio_LG3_A_201,1,unimol,0.6577651,0.93919996,2.6653514,0,0,20.24
918,17,13826,1975,5uio_LG3_B_201,1,unimol,0.6577651,0.93919996,2.6653514,0,0.32725675,20.81
919,17,13833,1976,5uio_LG3_C_201,1,unimol,0.6577651,0.93919996,2.6653514,0,0.99352153,15.71
920,17,13840,1977,5uio_LG3_E_201,1,unimol,0.6577651,0.93709263,2.6976252,0,0.99514181,22.7
921,17,3732,533,2a9z_26A_A_1002,1,unimol,0.6577651,0.93489554,2.7315078,0,0.98943181,15.42
922,17,7211,1030,4a7a_RGZ_A_601,1,unimol,0.6577651,0.9287405,2.8277121,0,0.99223694,24.41
923,17,7218,1031,4a7a_RGZ_B_601,1,unimol,0.6577651,0.9287405,2.8277121,0,0.99237717,18.6
924,17,15135,2162,6e40_BBJ_B_502,1,unimol,0.6577651,0.92651668,2.8629434,0,0.91643021,21.52
925,17,15142,2163,6e40_BBJ_D_502,1,unimol,0.6577651,0.92607063,2.870039,0,0,25.72
926,17,1863,266,1m7p_G3H_A_5401,1,unimol,0.6577651,0.92492068,2.8883829,0,0.97335821,19.27
927,17,15128,2161,6e40_BBJ_A_502,1,unimol,0.6577651,0.92428493,2.8985546,0,0.86917614,22.8
928,17,9262,1323,4lxi_22J_A_301,1,unimol,0.6577651,0.91782639,3.003082,0,0,20.68
929,17,7533,1076,4bvh_OCZ_B_1392,1,unimol,0.6577651,0.91723157,3.0128212,0,0,24.93
930,17,15764,2252,6jmd_BVO_A_408,0,surfdock,0.70168376,0.91659223,3.9210882,0,0.99417619,4.7117748
931,17,7526,1075,4bvh_OCZ_A_1393,1,unimol,0.6577651,0.91560874,3.039485,0,0,24.03
932,17,7540,1077,4bvh_OCZ_C_1394,1,unimol,0.6577651,0.91560874,3.039485,0,0,19.19
933,17,7162,1023,3zyx_MBT_B_601,1,unimol,0.6577651,0.91544082,3.0422525,0,0,19.29
934,17,15618,2231,6hnz_GH5_A_301,1,unimol,0.6577651,0.91189345,3.1010664,0,0.98294524,23.79
935,17,4474,639,2gn2_C5P_A_400,1,unimol,0.6577651,0.90484726,3.2199504,0,0.96464922,21.87
936,17,10207,1458,4v2z_Y70_A_151,1,unimol,0.6577651,0.90303871,3.2509155,0,0.99119661,17.1
937,17,10221,1460,4v2z_Y70_C_151,1,unimol,0.6577651,0.90127481,3.2812936,0,0.98745801,23.88
938,17,7078,1011,3zjq_NCA_A_300,1,unimol,0.6577651,0.89913776,3.3183379,0,0.98903597,21.59
939,17,7085,1012,3zjq_NCA_B_300,1,unimol,0.6577651,0.89913776,3.3183379,0,0.98803469,22.22
940,17,9668,1381,4p8c_Y22_A_502,1,unimol,0.6577651,0.89435267,3.4022524,0,0.97189381,25.16
941,17,17200,2457,6t5p_VD8_A_302,1,unimol,0.6577651,0.89224678,3.439611,0,0.88937562,25.04
942,18,9566,1366,4o7g_ASC_B_303,4,gnina,0.67767226,0.99922926,2.6045265,0,0.012399145,2.0719088
943,18,5114,730,2qb4_DSM_A_802,4,gnina,0.6729868,0.99916998,2.6045265,0,0.012040554,2.7610446
944,18,3704,529,2a15_NCA_A_1001,1,unimol,0.65954177,0.94554455,2.6045265,0,0.98346168,14.23
945,18,6364,909,3rop_NCA_A_302,1,unimol,0.65954177,0.94554455,2.6045265,0,0.0047277993,18.92
946,18,6371,910,3rop_NCA_B_302,1,unimol,0.65954177,0.94554455,2.6045265,0,0.009204335,16.14
947,18,11019,1574,5aew_BNL_C_462,1,unimol,0.65954177,0.94554455,2.6045265,0,0.99458514,33.51
948,18,11026,1575,5aew_BNL_I_462,1,unimol,0.65954177,0.94554455,2.6045265,0,0.94351381,34.64
949,18,11341,1620,5cpp_ADO_A_422,1,unimol,0.65954177,0.94554455,2.6045265,0,0.96500324,20.42
950,18,13616,1945,5tdt_MBN_A_502,1,unimol,0.65954177,0.94554455,2.6045265,0,0.18263659,23.95
951,18,13623,1946,5tdt_MBN_A_503,1,unimol,0.65954177,0.94554455,2.6045265,0,0.17139023,21.27
952,18,13630,1947,5tdt_MBN_A_504,1,unimol,0.65954177,0.94554455,2.6045265,0,0.098557181,17.92
953,18,13637,1948,5tdt_MBN_D_501,1,unimol,0.65954177,0.94554455,2.6045265,0,0.99120345,26.39
954,18,13644,1949,5tdt_MBN_D_502,1,unimol,0.65954177,0.94554455,2.6045265,0,0.23324648,24.1
955,18,15212,2173,6f66_CUT_A_300,1,unimol,0.65954177,0.94554455,2.6045265,0,0.98986534,21.18
956,18,16500,2357,6ofr_BOG_A_801,1,unimol,0.65954177,0.94554455,2.6045265,0,0,25.49
957,18,16514,2359,6ofr_BOG_A_805,1,unimol,0.65954177,0.94554455,2.6045265,0,0.15842019,22.72
958,18,16521,2360,6ofr_BOG_A_806,1,unimol,0.65954177,0.94554455,2.6045265,0,0,30.84
959,18,16528,2361,6ofr_BOG_A_807,1,unimol,0.65954177,0.94554455,2.6045265,0,0,25.35
960,18,16542,2363,6ooi_PGA_A_301,1,unimol,0.65954177,0.94554455,2.6045265,0,0.95526312,25.16
961,18,16549,2364,6ooi_PGA_B_301,1,unimol,0.65954177,0.94554455,2.6045265,0,0.97005871,19.76
962,18,16556,2365,6ooi_PGA_C_302,1,unimol,0.65954177,0.94554455,2.6045265,0,0.96086329,23.12
963,18,16563,2366,6ooi_PGA_F_301,1,unimol,0.65954177,0.94554455,2.6045265,0,0.94178934,22.08
964,18,16570,2367,6ooi_PGA_G_301,1,unimol,0.65954177,0.94554455,2.6045265,0,0.96724684,24.33
965,18,16577,2368,6ooi_PGA_H_302,1,unimol,0.65954177,0.94554455,2.6045265,0,0.95599085,25.17
966,18,16507,2358,6ofr_BOG_A_802,1,unimol,0.65954177,0.94359227,2.6336205,0,0.97883327,22.32
967,18,17571,2510,6xu3_GAB_B_402,1,unimol,0.65954177,0.93893088,2.7038248,0,0.99025138,26.88
968,18,10725,1532,4zib_4OG_A_512,1,unimol,0.65954177,0.93554307,2.7555072,0,0.97114356,20.64
969,18,4040,577,2coj_GBN_A_420,1,unimol,0.65954177,0.93174566,2.8141103,0,0.99189584,16.49
970,18,4047,578,2coj_GBN_B_420,1,unimol,0.65954177,0.93174566,2.8141103,0,0.98307273,24.31
971,18,6721,960,3vq5_MMJ_A_1007,1,unimol,0.65954177,0.92357383,2.9426801,0,0.99052549,14.39
972,18,6728,961,3vq5_MMJ_B_307,1,unimol,0.65954177,0.92341126,2.9452736,0,0.99671805,19.8
973,18,6322,903,3r51_MMA_A_200,1,unimol,0.65954177,0.91101369,3.1470792,0,0.96556947,16.72
974,18,9290,1327,4lz7_GLU_A_802,1,unimol,0.65954177,0.91006344,3.1628897,0,0,17.44
975,18,11950,1707,5fp9_4SV_A_1342,1,unimol,0.65954177,0.90949118,3.1724341,0,0.95046191,19.41
976,18,13266,1895,5nov_93B_A_201,1,unimol,0.65954177,0.90605744,3.2300842,0,0.99266668,12.69
977,18,6707,958,3vq4_0NX_A_305,1,unimol,0.65954177,0.90526657,3.2434571,0,0.9885928,13.8
978,18,11152,1593,5bkd_RCF_A_503,1,unimol,0.65954177,0.90523784,3.2439427,0,0,23.8
979,18,13784,1969,5ud3_P6F_A_404,1,unimol,0.65954177,0.90436827,3.2586865,0,0.85110463,23.45
980,18,13791,1970,5ud3_P6F_B_404,1,unimol,0.65954177,0.90436827,3.2586865,0,0.78959554,19.08
981,18,13406,1915,5oew_GLU_A_301,1,unimol,0.65954177,0.90257753,3.2891846,0,0,18.75
982,18,13413,1916,5oew_GLU_B_902,1,unimol,0.65954177,0.90257753,3.2891846,0,0,25
983,18,13420,1917,5oew_GLU_C_302,1,unimol,0.65954177,0.90257753,3.2891846,0,0,19.17
984,18,15471,2210,6gl4_GLU_A_301,1,unimol,0.65954177,0.90107201,3.3149643,0,0,19.39
985,18,15478,2211,6gl4_GLU_B_301,1,unimol,0.65954177,0.90107201,3.3149643,0,0,18.05
986,18,6700,957,3vq4_0NX_A_304,1,unimol,0.65954177,0.90104069,3.3155019,0,0.98286377,16.24
987,18,6714,959,3vq4_0NX_B_303,1,unimol,0.65954177,0.9009188,3.3175957,0,0.97810158,17.71
988,18,4677,668,2isf_PAC_A_317,1,unimol,0.65954177,0.90002094,3.3330405,0,0.97666544,24.89
989,18,1873,267,1m7p_G3H_B_6401,4,gnina,0.68202147,0.89538176,4.3345132,0,0,2.1116941
990,18,11694,1670,5eo8_TFU_A_405,4,gnina,0.65798429,0.89221557,2.6045265,0,0.98085887,1.8705674
991,18,17010,2430,6s37_SAL_A_601,0,surfdock,0.56838804,0.88936978,2.6045265,0,0.99590925,2.5703762
992,19,2976,425,1u2o_NEC_A_1001,1,unimol,0.65729362,0.94612594,2.5878875,0,0.9842777,17.75
993,19,2983,426,1u2o_NEC_B_1002,1,unimol,0.65729362,0.94612594,2.5878875,0,0.98398553,21.81
994,19,14260,2037,5xdt_MB3_A_404,1,unimol,0.65729362,0.94612594,2.5878875,0,0.99568175,18.64
995,19,16031,2290,6l8a_BAL_C_504,1,unimol,0.65729362,0.94612594,2.5878875,0,0.9793028,26.49
996,19,16038,2291,6l8a_BAL_D_507,1,unimol,0.65729362,0.94612594,2.5878875,0,0.9740703,29.06
997,19,16969,2424,6rlt_MLI_A_508,1,unimol,0.65729362,0.94612594,2.5878875,0,0.54215619,15.97
998,19,16976,2425,6rlt_MLI_B_511,1,unimol,0.65729362,0.94612594,2.5878875,0,0.38015543,26.17
999,19,1407,201,1jtk_THU_B_1138,0,surfdock,0.6673244,0.94154411,3.4623485,0,0.98802818,3.0898941
1000,19,15772,2253,6jmd_ORO_A_402,1,unimol,0.65729362,0.94044946,2.6731811,0,0.86529912,18.34
1001,19,15786,2255,6jme_ORO_A_402,1,unimol,0.65729362,0.94044946,2.6731811,0,0.85171822,15.94
1002,19,5635,805,2wdq_TEO_A_1589,0,surfdock,0.67174902,0.93923464,3.5070276,0,0.98038844,2.5029935
1003,19,16178,2311,6mry_FLC_C_102,1,unimol,0.65729362,0.93753274,2.717612,0,0.76214548,18.56
1004,19,16164,2309,6mry_FLC_A_101,1,unimol,0.65729362,0.93503684,2.7559621,0,0.96231771,23.41
1005,19,442,63,1e8g_FCR_B_601,1,unimol,0.65729362,0.93036065,2.8286455,0,0.97599423,16.59
1006,19,17718,2531,7bqu_EF2_A_501,1,unimol,0.65729362,0.9248308,2.9160247,0,0.99578968,17.56
1007,19,9479,1354,4ni1_2JX_A_204,1,unimol,0.65729362,0.92308386,2.9439554,0,0,19.37
1008,19,16171,2310,6mry_FLC_B_101,1,unimol,0.65729362,0.92252292,2.9529588,0,0.76706195,25.28
1009,19,8464,1209,4gy9_ZIP_A_201,1,unimol,0.65729362,0.91992575,2.994854,0,0.98823186,15.7
1010,19,14267,2038,5xdt_ZI7_A_403,1,unimol,0.65729362,0.91664168,3.0483406,0,0.9912725,25.8
1011,19,16717,2388,6q4k_HHW_A_301,1,unimol,0.65729362,0.91459562,3.0819573,0,0.9802355,19.6
1012,19,16724,2389,6q4k_HHW_A_302,1,unimol,0.65729362,0.91338329,3.1019807,0,0.97261115,17.04
1013,19,16185,2312,6mry_FLC_I_102,1,unimol,0.65729362,0.91252215,3.1162531,0,0.29354884,29.89
1014,19,12412,1773,5i7r_68W_A_402,1,unimol,0.65729362,0.90727297,3.2041328,0,0.98304264,23.37
1015,19,3004,429,1ubs_SER_B_398,1,unimol,0.65729362,0.8994005,3.3388255,0,0.94124263,22.03
1016,19,17452,2493,6vmz_R3P_C_404,1,unimol,0.65729362,0.89701717,3.3803041,0,0.95983833,22.77
1017,19,17459,2494,6vmz_R3P_E_403,1,unimol,0.65729362,0.89701717,3.3803041,0,0.94925063,21.32
1018,19,16016,2288,6l86_LMR_D_302,0,surfdock,0.59757868,0.89153832,2.5878875,0,0.95079546,2.5796829
1019,19,17081,2440,6sj8_44V_B_901,1,unimol,0.65729362,0.8913181,3.4808385,0,0,21.74
1020,19,8750,1250,4i7n_1DJ_A_202,0,surfdock,0.58258988,0.89058691,2.5878875,0,0.99716477,2.6359421
1021,19,532,76,1foi_14W_A_810,0,surfdock,0.5825221,0.88981388,2.5878875,0,0,2.585746
1022,19,8757,1251,4i7n_1DJ_B_203,0,surfdock,0.582494,0.88969495,2.5878875,0,0.99866992,2.6774523
1023,19,5950,850,2z20_PLP_B_801,0,surfdock,0.58241388,0.88921924,2.5878875,0,0,3.1607974
1024,19,539,77,1foi_14W_B_810,0,surfdock,0.58235291,0.88856514,2.5878875,0,0,2.4186603
1025,19,17326,2475,6tor_PMP_B_504,1,unimol,0.65729362,0.8875211,3.5488989,0,0,27.52
1026,19,9213,1316,4lcq_URQ_A_603,1,unimol,0.65729362,0.88741691,3.5507786,0,0.92246362,20.89
1027,19,17319,2474,6tor_PMP_A_504,1,unimol,0.65729362,0.88710278,3.5564501,0,0.98341715,19.47
1028,19,11032,1576,5afy_WCE_H_1248,0,surfdock,0.58222762,0.88701909,2.5878875,0,0.99677034,2.5709864
1029,19,1884,269,1m9j_CLW_B_907,1,unimol,0.65729362,0.88694208,3.5593538,0,0,21.6
1030,19,11347,1621,5cr1_STL_B_201,0,surfdock,0.58221676,0.88660284,2.5878875,0,0,2.6950693
1031,19,3878,554,2bjf_DXC_A_330,0,surfdock,0.58203021,0.88505679,2.5878875,0,0,4.2791142
1032,19,1877,268,1m9j_CLW_A_906,1,unimol,0.65729362,0.88498743,3.5948012,0,0,22.73
1033,19,17074,2439,6sj8_44V_A_901,1,unimol,0.65729362,0.88454694,3.6028228,0,0,17.87
1034,19,3746,535,2agw_TSS_H_2001,1,unimol,0.65729362,0.88099618,3.6679177,0,0,20.21
1035,19,1163,166,1iri_E4P_A_601,1,unimol,0.65729362,0.88084717,3.6706662,0,0.95515978,27.99
1036,19,1170,167,1iri_E4P_B_602,1,unimol,0.65729362,0.88084717,3.6706662,0,0.95990547,22.84
1037,19,1177,168,1iri_E4P_C_603,1,unimol,0.65729362,0.88084717,3.6706662,0,0.96082443,25.41
1038,19,1184,169,1iri_E4P_D_604,1,unimol,0.65729362,0.88084717,3.6706662,0,0.97216147,28.89
1039,19,3739,534,2agw_TSS_D_3001,1,unimol,0.65729362,0.88018349,3.6829259,0,0,16.65
1040,19,17599,2514,6xzx_O5H_B_302,1,unimol,0.65729362,0.87968361,3.6921792,0,0.98645791,24.97
1041,19,17592,2513,6xzx_O5H_A_302,1,unimol,0.65729362,0.87950667,3.6954587,0,0.98847073,26.29
1042,20,12985,1855,5l1v_7PF_A_401,0,surfdock,0.91592377,0.99982108,2.5796828,0,0,3.4761152
1043,20,14858,2122,6b6r_BEN_A_302,4,gnina,1.0011291,0.99894135,2.5943685,0,0.9948327,1.4386174
1044,20,3882,554,2bjf_DXC_A_330,4,gnina,0.76675711,0.9973544,2.6023612,0,1.0000561e-07,3.4514548
1045,20,4813,687,2nry_STU_B_502,4,gnina,0.97289579,0.9845963,2.7972066,0,0,9.4147116
1046,20,505,72,1f5f_DHT_A_253,1,unimol,0.65992109,0.94748613,2.5796828,0,0.99476085,18.92
1047,20,2591,370,1ruk_BEZ_H_601,1,unimol,0.65992109,0.94748613,2.5796828,0,0.96930848,19.2
1048,20,2598,371,1rum_BEZ_H_1601,1,unimol,0.65992109,0.94748613,2.5796828,0,0.9750919,15.75
1049,20,3214,459,1wc7_PP3_A_1214,1,unimol,0.65992109,0.94748613,2.5796828,0,0.92140223,18.49
1050,20,3389,484,1y2x_NAG_A_144,1,unimol,0.65992109,0.94748613,2.5796828,0,0.88494877,21.33
1051,20,3396,485,1y2x_NAG_B_1144,1,unimol,0.65992109,0.94748613,2.5796828,0,0.96207865,18.08
1052,20,3403,486,1y2x_NAG_D_3144,1,unimol,0.65992109,0.94748613,2.5796828,0,0.96230572,23.45
1053,20,3445,492,1yee_PNB_H_551,1,unimol,0.65992109,0.94748613,2.5796828,0,0.98016125,23.82
1054,20,3529,504,1zdq_MSM_B_1508,1,unimol,0.65992109,0.94748613,2.5796828,0,0.98801844,22.13
1055,20,3536,505,1zdq_MSM_C_1509,1,unimol,0.65992109,0.94748613,2.5796828,0,0.99510619,21.62
1056,20,4194,599,2ei7_D93_A_700,1,unimol,0.65992109,0.94748613,2.5796828,0,0,25.86
1057,20,4439,634,2g5v_22M_A_301,1,unimol,0.65992109,0.94748613,2.5796828,0,0.98495266,21.42
1058,20,4740,677,2jav_5Z5_A_1280,1,unimol,0.65992109,0.94748613,2.5796828,0,0,17.22
1059,20,7092,1013,3zks_WZV_A_1398,1,unimol,0.65992109,0.94748613,2.5796828,0,0.96643685,28.01
1060,20,8492,1213,4h9g_14J_A_512,1,unimol,0.65992109,0.94748613,2.5796828,0,0.97718225,17.86
1061,20,9451,1350,4n94_2HO_A_401,1,unimol,0.65992109,0.94748613,2.5796828,0,0.99624085,20.18
1062,20,10585,1512,4z1d_PEP_A_300,1,unimol,0.65992109,0.94748613,2.5796828,0,0.97958178,15.31
1063,20,10935,1562,5a66_3PO_A_1000,1,unimol,0.65992109,0.94748613,2.5796828,0,0.80998541,24.78
1064,20,10942,1563,5a66_3PO_B_1000,1,unimol,0.65992109,0.94748613,2.5796828,0,0.93241025,22.61
1065,20,11775,1682,5f79_4V7_A_4000,1,unimol,0.65992109,0.94748613,2.5796828,0,0,20.23
1066,20,12314,1759,5hgz_MLA_A_302,1,unimol,0.65992109,0.94748613,2.5796828,0,0.95220147,22.58
1067,20,12321,1760,5hgz_MLA_A_303,1,unimol,0.65992109,0.94748613,2.5796828,0,0.6770346,25.74
1068,20,12937,1848,5kjw_53C_A_800,1,unimol,0.65992109,0.94748613,2.5796828,0,0.98725683,20.24
1069,20,12944,1849,5kjw_53C_B_800,1,unimol,0.65992109,0.94748613,2.5796828,0,0.99665836,18.33
1070,21,536,76,1foi_14W_A_810,4,gnina,0.75838348,0.99838927,2.5969441,0,2.4001213e-06,2.9246652
1071,21,543,77,1foi_14W_B_810,4,gnina,0.75826417,0.99826992,2.5969441,0,8.0473767e-08,2.7356111
1072,21,11351,1621,5cr1_STL_B_201,4,gnina,0.75816816,0.95053264,3.307807,0,2.3943964e-07,2.3355965
1073,21,3200,457,1w62_PYC_A_700,1,unimol,0.66475846,0.94832427,2.5821083,0,0,17.88
1074,21,4726,675,2j5b_TYE_A_1336,1,unimol,0.66475846,0.94832427,2.5821083,0,0,20
1075,21,9367,1338,4mol_2FG_A_802,1,unimol,0.66475846,0.94832427,2.5821083,0,0.97251366,24.62
1076,21,9374,1339,4mol_2FG_B_802,1,unimol,0.66475846,0.94832427,2.5821083,0,0.96715893,23.29
1077,21,9381,1340,4mol_2FG_C_703,1,unimol,0.66475846,0.94832427,2.5821083,0,0,31.33
1078,21,9388,1341,4mol_2FG_D_802,1,unimol,0.66475846,0.94832427,2.5821083,0,0.95670906,23.69
1079,21,9402,1343,4mop_2H5_B_802,1,unimol,0.66475846,0.94832427,2.5821083,0,0.88983296,25.05
1080,21,11320,1617,5cmb_GLY_A_301,1,unimol,0.66475846,0.94832427,2.5821083,0,0,21.52
1081,21,13343,1906,5o72_9MH_A_303,1,unimol,0.66475846,0.94832427,2.5821083,0,0.97380036,22.96
1082,21,13805,1972,5uio_8DM_A_202,1,unimol,0.66475846,0.94832427,2.5821083,0,0.96228972,22.86
1083,21,13812,1973,5uio_8DM_C_202,1,unimol,0.66475846,0.94832427,2.5821083,0,0.9648822,19.19
1084,21,13952,1993,5ve5_GSH_B_402,1,unimol,0.66475846,0.94832427,2.5821083,0,0.48849352,20.17
1085,21,16430,2347,6nyo_U94_A_301,1,unimol,0.66475846,0.94832427,2.5821083,0,0.98537485,22.12
1086,21,16941,2420,6rgr_RM4_A_402,1,unimol,0.66475846,0.94832427,2.5821083,0,0.94657568,16.28
1087,21,16948,2421,6rgr_RM4_A_403,1,unimol,0.66475846,0.94832427,2.5821083,0,0.96693027,20.13
1088,21,7316,1045,4ajj_MLI_D_1333,1,unimol,0.66475846,0.94538891,2.6250095,0,0.88498949,24.52
1089,21,11796,1685,5faj_DCS_D_401,1,unimol,0.66475846,0.94390754,2.6468127,0,0.97271179,22.81
1090,21,14183,2026,5wqp_NCA_A_302,1,unimol,0.66475846,0.93525418,2.7762513,0,0.98082532,14.27
1091,21,14365,2052,5y1g_AKB_A_401,1,unimol,0.66475846,0.93254322,2.8175452,0,0,15.05
1092,21,14372,2053,5y7a_KYN_A_502,1,unimol,0.66475846,0.92611976,2.9168408,0,0,21.22
1093,21,16192,2313,6mwl_K5G_A_301,1,unimol,0.66475846,0.92455121,2.9414034,0,0.98274612,25.68
1094,21,16199,2314,6mwl_K5G_B_301,1,unimol,0.66475846,0.92373765,2.9541919,0,0.97405846,20.55
1095,21,11782,1683,5faj_DCS_A_401,1,unimol,0.66475846,0.91965245,3.0189235,0,0.94322705,27.11
1096,21,11789,1684,5faj_DCS_C_401,1,unimol,0.66475846,0.91374143,3.1141281,0,0.94729317,24.61
1097,21,9409,1344,4mpr_TPP_A_602,1,unimol,0.66475846,0.91367458,3.1152146,0,0.95581788,17.75
1098,21,13161,1880,5mxh_GAL_A_401,1,unimol,0.66475846,0.90409659,3.2734962,0,0.92612869,19.08
1099,21,13168,1881,5mxh_GAL_A_402,1,unimol,0.66475846,0.90409659,3.2734962,0,0.94048845,20.17
1100,21,9339,1334,4mig_G3F_C_802,1,unimol,0.66475846,0.90170975,3.3137286,0,0.97419619,25.11
1101,21,9346,1335,4mig_G3F_D_802,1,unimol,0.66475846,0.89774806,3.3812149,0,0.98279634,23.01
1102,21,9317,1331,4m72_M72_A_402,0,surfdock,0.60989428,0.89694725,2.5821083,0,0,2.8299406
1103,21,7805,1115,4cmk_FQW_B_1270,0,surfdock,0.57582793,0.89581218,2.5821083,0,0,4.0624783
1104,21,10843,1549,4zvv_GN0_C_403,0,surfdock,0.56409237,0.89545373,2.5821083,0,0,4.3553307
1105,21,16402,2343,6nnn_G1P_A_503,1,unimol,0.66475846,0.89534137,3.4226489,0,0.8018727,22.92
1106,21,10164,1452,4ur9_BK9_B_1717,0,surfdock,0.56323812,0.89419918,2.5821083,0,0.0012290962,2.4876347
1107,21,4270,610,2f78_BEZ_B_1002,0,surfdock,0.56324486,0.89419724,2.5839825,0,0.99407507,2.3236686
1108,21,17717,2531,7bqu_EF2_A_501,0,surfdock,0.56323198,0.89407969,2.5821083,0,0.78958698,4.8244849
1109,21,14259,2037,5xdt_MB3_A_404,0,surfdock,0.56322664,0.89390047,2.5821083,0,0.38395684,2.1826779
1110,21,3780,540,2as1_TP5_A_500,0,surfdock,0.56312148,0.89282514,2.5821083,0,0.84014149,2.3467861
1111,21,4263,609,2f78_BEZ_A_1003,0,surfdock,0.56309237,0.89228747,2.5821083,0,0.039227747,2.1632072
1112,21,9332,1333,4mig_G3F_B_802,1,unimol,0.66475846,0.89218664,3.4774716,0,0.97552988,22.81
1113,21,7021,1003,3wxo_NIZ_A_803,0,surfdock,0.56307305,0.89180955,2.5821083,0,0.0014440756,2.3828514
1114,21,525,75,1fm8_DDC_A_501,0,surfdock,0.56306678,0.89169007,2.5821083,0,1.2272612e-05,3.4134959
1115,21,15233,2176,6f76_CVK_A_203,1,unimol,0.66475846,0.8912836,3.4932718,0,0.96674668,25.02
1116,21,1127,161,1hsr_BHO_A_800,0,surfdock,0.56303863,0.8911524,2.5821083,0,0.99664928,2.4557929
1117,21,14595,2085,5z9b_HX3_A_303,0,surfdock,0.56301793,0.89097318,2.5821083,0,0.97892104,2.5779454
1118,21,14266,2038,5xdt_ZI7_A_403,0,surfdock,0.56300827,0.89079395,2.5821083,0,0.76888049,4.1793473
1119,21,13007,1858,5l9v_OGA_B_502,1,unimol,0.66475846,0.8907408,3.5027926,0,0.84530028,21.95
1120,22,10522,1503,4y6n_3PG_A_402,1,unimol,0.66836645,0.94993708,2.5088778,0,0,22.37
1121,22,14113,2016,5w8q_BU4_B_400,1,unimol,0.66836645,0.94993708,2.5088778,0,0.995276,23.21
1122,22,17263,2466,6tgi_N8Z_A_508,1,unimol,0.66836645,0.94993708,2.5088778,0,0,20.78
1123,22,17270,2467,6tgl_LVP_B_201,1,unimol,0.66836645,0.94993708,2.5088778,0,0.98655078,14.29
1124,22,17606,2515,6yaw_P9H_A_301,1,unimol,0.66836645,0.94464652,2.5864959,0,0.95287341,21.3
1125,22,17613,2516,6yaw_P9H_B_502,1,unimol,0.66836645,0.94451933,2.5883784,0,0.96220098,25.7
1126,22,5839,834,2xya_7L4_A_1181,1,unimol,0.66836645,0.94359583,2.6020658,0,0.97457555,21
1127,22,7967,1138,4d5e_TPP_A_1589,1,unimol,0.66836645,0.91274708,3.0834603,0,0.94448105,26.31
1128,22,16773,2396,6qhu_FAH_A_401,1,unimol,0.66836645,0.90849286,3.1537211,0,0.95389507,17.76
1129,22,11036,1576,5afy_WCE_H_1248,4,gnina,0.57591494,0.89867577,2.5088778,0,0.00072854404,2.0662803
1130,22,15099,2157,6dqt_LEU_B_1,0,surfdock,0.56177512,0.89777698,2.5088778,0,0.99303874,3.3802207
1131,22,9472,1353,4nf4_2JK_A_301,1,unimol,0.66836645,0.89668897,3.3539371,0,0,21.92
1132,22,2303,329,1pbd_PAB_A_396,0,surfdock,0.53841704,0.88806999,2.5088778,0,0.99647336,2.5861419
1133,22,15639,2234,6hqr_3DM_A_502,1,unimol,0.66836645,0.88699483,3.5243785,0,0.9589593,21.61
1134,22,11690,1670,5eo8_TFU_A_405,0,surfdock,0.71056854,0.88395523,4.436985,0,0,2.5782269
1135,22,273,39,1d6u_PEA_A_2003,0,surfdock,0.53795837,0.88345617,2.5088778,0,0.99015159,2.2509172
1136,22,1862,266,1m7p_G3H_A_5401,0,surfdock,0.5378954,0.88273713,2.5088778,0,0.99232306,2.6294998
1137,22,6167,881,3kt7_AKG_A_702,0,surfdock,0.53848765,0.88243092,2.6154327,0,0,2.6802666
1138,22,4473,639,2gn2_C5P_A_400,0,surfdock,0.53749319,0.87878243,2.5088778,0,0,3.1093533
1139,22,8498,1214,4h9x_HL4_A_404,0,surfdock,0.53843347,0.87626429,2.7030354,0,0.58616657,2.8190567
1140,22,8065,1152,4do1_ANN_A_502,1,unimol,0.66836645,0.87505221,3.7421932,0,0.98213036,19.35
1141,22,8072,1153,4do1_ANN_B_502,1,unimol,0.66836645,0.87505221,3.7421932,0,0.98563776,18.17
1142,22,8079,1154,4do1_ANN_D_502,1,unimol,0.66836645,0.87505221,3.7421932,0,0.97936974,21.45
1143,22,3290,470,1x82_PA5_A_301,0,surfdock,0.53686044,0.87464797,2.5088778,0,0.96973567,3.3216708
1144,22,14917,2131,6bqx_9AG_A_201,0,surfdock,0.53493884,0.86901552,2.5088778,0,0.99148885,2.9544538
1145,22,252,36,1cq1_BGC_B_455,0,surfdock,0.53657525,0.86437232,2.6538062,0,0.66765475,2.4181228
1146,22,8394,1199,4g1x_TQU_A_410,1,unimol,0.66836645,0.86419268,3.9481418,0,0.99486641,17.68
1147,22,5628,804,2wdq_CBE_C_1130,0,surfdock,0.53848161,0.86372657,2.9216361,0,0.98982153,3.1474931
1148,22,1155,165,1iki_REY_A_400,0,surfdock,0.53468169,0.86302355,2.5088778,0,0.85864645,3.9414769
1149,22,3759,537,2ahc_VNL_C_366,0,surfdock,0.53867427,0.86203207,2.9961033,0,0.99217359,2.8607519
1150,22,11502,1643,5dnx_5LD_B_201,1,unimol,0.66836645,0.86178105,3.9949374,0,0.98562376,12.8
1151,22,3914,559,2bs8_NAG_A_1177,1,unimol,0.66836645,0.86176679,3.9952161,0,0.87833032,19.5
1152,22,6210,887,3qhd_795_A_167,1,unimol,0.66836645,0.85975828,4.0344925,0,5.4053409e-05,22.95
1153,22,8470,1210,4h0x_LAR_B_403,0,surfdock,0.53838771,0.85975786,2.9655101,0,0,4.0764693
1154,22,16059,2294,6lj7_EFR_A_301,1,unimol,0.66836645,0.85843919,4.0604358,0,0.93139768,23.22
1155,22,2696,385,1sjc_SMG_A_1000,1,unimol,0.66836645,0.85787102,4.0716491,0,0.93730527,21.23
1156,22,2717,388,1sjc_SMG_D_1300,1,unimol,0.66836645,0.85787102,4.0716491,0,0.95002002,25.49
1157,22,2703,386,1sjc_SMG_B_1100,1,unimol,0.66836645,0.85588731,4.110971,0,0.93954584,22.88
1158,22,9660,1380,4p8c_2J3_A_504,0,surfdock,0.53468169,0.85450721,2.6473031,0,0.68942883,2.8718905
1159,22,490,70,1eyw_PEL_A_404,0,surfdock,0.537629,0.85443664,2.9272258,0,0.0035114931,2.2868052
1160,22,4277,611,2f78_BEZ_B_1004,0,surfdock,0.53873123,0.85405913,3.1531,0,0,2.0549299
1161,22,11949,1707,5fp9_4SV_A_1342,0,surfdock,0.53683797,0.85331838,2.8576524,0,0.99651004,2.5668614
1162,22,2710,387,1sjc_SMG_C_1200,1,unimol,0.66836645,0.8527996,4.1727219,0,0.93408809,20.41
1163,22,6552,936,3v1s_0LH_B_401,0,surfdock,0.53893144,0.85261256,3.2246013,0,0.99373495,2.6767541
1164,22,8904,1272,4j0k_EGR_B_501,0,surfdock,0.52875434,0.852238,2.5088778,0,0.9409488,2.7629207
1165,22,2849,407,1tkh_DPN_A_911,0,surfdock,0.53746328,0.85215029,2.9415393,0,0,2.2659169
1166,22,4256,608,2f78_BEZ_A_1001,0,surfdock,0.53859253,0.85120224,3.1682138,0,0.99520585,2.2773014
1167,22,8897,1271,4j0k_EGR_A_501,0,surfdock,0.5266015,0.85097969,2.5088778,0,0.9034004,2.7448624
1168,22,3752,536,2ahc_VNL_B_266,0,surfdock,0.53741682,0.85079394,2.9579368,0,0.99686779,2.9240218
1169,22,5639,805,2wdq_TEO_A_1589,4,gnina,0.52470081,0.85062017,2.5088778,0,0.0023192583,10.860682
1170,23,1786,255,1lzz_IHG_A_830,1,unimol,0.67156356,0.95032754,2.4725885,0,0.92919724,17.55
1171,23,1793,256,1lzz_IHG_B_1830,1,unimol,0.67156356,0.95032754,2.4725885,0,0.9348825,23.75
1172,23,2521,360,1qxa_GLY_B_245,1,unimol,0.67156356,0.95032754,2.4725885,0,0.01303997,26.37
1173,23,4747,678,2jfv_FLC_A_1271,1,unimol,0.67156356,0.95032754,2.4725885,0,0.75624317,20.34
1174,23,7547,1078,4bz6_SHH_A_700,1,unimol,0.67156356,0.95032754,2.4725885,0,0.93972826,23.96
1175,23,7554,1079,4bz6_SHH_B_700,1,unimol,0.67156356,0.95032754,2.4725885,0,0.95147877,27.45
1176,23,7561,1080,4bz6_SHH_C_700,1,unimol,0.67156356,0.95032754,2.4725885,0,0.94664435,23.66
1177,23,8121,1160,4dwv_PFB_A_378,1,unimol,0.67156356,0.95032754,2.4725885,0,0.98319331,18.1
1178,23,8128,1161,4dwv_PFB_B_378,1,unimol,0.67156356,0.95032754,2.4725885,0,0.98198648,16.19
1179,23,10151,1450,4upd_7P9_A_1550,1,unimol,0.67156356,0.95032754,2.4725885,0,0,31
1180,23,10319,1474,4ws2_6UA_A_303,1,unimol,0.67156356,0.95032754,2.4725885,0,0.9576682,13.4
1181,23,12909,1844,5kcp_PFB_A_378,1,unimol,0.67156356,0.95032754,2.4725885,0,0.96046529,24.13
1182,23,12916,1845,5kcp_PFB_B_378,1,unimol,0.67156356,0.95032754,2.4725885,0,0.95406069,15.12
1183,23,12923,1846,5kcp_PFB_B_379,1,unimol,0.67156356,0.95032754,2.4725885,0,0.045693112,22.91
1184,23,13133,1876,5m8d_UGI_B_501,1,unimol,0.67156356,0.95032754,2.4725885,0,0.99293074,28.6
1185,23,14589,2084,5z9b_AX7_A_304,1,unimol,0.67156356,0.95032754,2.4725885,0,0,19.75
1186,23,14610,2087,5z9p_AX7_A_301,1,unimol,0.67156356,0.95032754,2.4725885,0,0,21.64
1187,23,14617,2088,5z9p_AX7_B_301,1,unimol,0.67156356,0.95032754,2.4725885,0,0,15.29
1188,23,14925,2132,6br1_E3Y_B_505,1,unimol,0.67156356,0.95032754,2.4725885,0,0,23.44
1189,23,15814,2259,6jwy_PH2_A_802,1,unimol,0.67156356,0.95032754,2.4725885,0,0,23.49
1190,23,16479,2354,6o5m_G8K_B_506,1,unimol,0.67156356,0.95032754,2.4725885,0,0,27.18
1191,23,17123,2446,6syz_M1E_B_601,1,unimol,0.67156356,0.95032754,2.4725885,0,0.99006114,16.62
1192,23,17165,2452,6t07_M45_B_601,1,unimol,0.67156356,0.95032754,2.4725885,0,0,18.44
1193,23,13098,1871,5m5a_KSA_A_404,1,unimol,0.67156356,0.94849503,2.4990883,0,0.98415248,26.01
1194,23,9108,1301,4kqk_PCR_A_403,1,unimol,0.67156356,0.92348137,2.876725,0,0.9984589,16.91
1195,23,9115,1302,4kqk_PCR_B_703,1,unimol,0.67156356,0.92255918,2.8912365,0,0.99768388,14.31
1196,23,12468,1781,5ice_2H4_A_402,1,unimol,0.67156356,0.92062654,2.9217923,0,0.97953153,18.2
1197,23,2024,289,1njr_XYL_A_285,1,unimol,0.67156356,0.91873363,2.9519076,0,0.83104973,25
1198,23,1380,197,1jhv_PCR_A_990,1,unimol,0.67156356,0.91471449,3.0164676,0,0.99501148,20.84
1199,23,6903,986,3wqs_KBK_B_503,1,unimol,0.67156356,0.91414934,3.0256145,0,0.89480911,24.57
1200,23,13448,1921,5r0j_RBJ_B_401,1,unimol,0.67156356,0.91301401,3.0440402,0,0.94617903,17.29
1201,23,17704,2529,7bp1_CAQ_C_401,1,unimol,0.67156356,0.90971852,3.0979171,0,0.99556071,23.19
1202,23,17711,2530,7bp1_CAQ_D_401,1,unimol,0.67156356,0.90971852,3.0979171,0,0.99593816,21.98
1203,23,17137,2448,6szt_M4Q_A_601,1,unimol,0.67156356,0.9064593,3.1517785,0,0.30764856,17.2
1204,23,17144,2449,6szt_M4Q_B_601,1,unimol,0.67156356,0.9064593,3.1517785,0,0.98712058,18.56
1205,23,17697,2528,7bp1_CAQ_A_401,1,unimol,0.67156356,0.90639118,3.1529119,0,0.99648061,22.97
1206,23,16913,2416,6rbr_JXN_A_302,1,unimol,0.67156356,0.90012364,3.258162,0,0.95237674,13.92
1207,23,15646,2235,6hsg_GM5_A_504,1,unimol,0.67156356,0.89787522,3.2964585,0,0.96087191,25.63
1208,23,8723,1246,4i6w_1CO_A_501,1,unimol,0.67156356,0.89597774,3.3290021,0,0.97878582,19.34
1209,23,2297,328,1p7l_MET_B_385,1,unimol,0.67156356,0.89538652,3.3391845,0,0,19.67
1210,23,8309,1187,4ekr_0R0_B_203,0,surfdock,0.57208349,0.89491056,2.4768059,0,0,2.5570276
1211,23,2290,327,1p7l_MET_A_485,1,unimol,0.67156356,0.89477127,3.3498015,0,0,23.56
1212,23,8295,1185,4ekr_0R0_A_202,0,surfdock,0.57206875,0.89467023,2.4768059,0,0.9971705,2.5520904
1213,23,1610,230,1kwc_BPY_B_401,0,surfdock,0.57203916,0.89458501,2.4725885,0,0.99651389,2.9560349
1214,23,14574,2082,5z54_0HZ_C_303,0,surfdock,0.57200334,0.89404411,2.4725885,0,0.9675157,3.3959918
1215,23,8730,1247,4i6w_1CO_B_1001,1,unimol,0.67156356,0.893308,3.3751411,0,0.97242646,17.8
1216,23,15653,2236,6hsg_GM5_B_504,1,unimol,0.67156356,0.89203153,3.3973479,0,0.94497661,24.04
1217,23,9534,1362,4nr9_ALY_A_2005,0,surfdock,0.57174174,0.89049823,2.4725885,0,0.87533355,2.7469335
1218,23,15660,2237,6hsg_GM5_C_504,1,unimol,0.67156356,0.89012088,3.4307675,0,0.87708232,25.47
1219,23,8029,1147,4dch_GLC_A_501,0,surfdock,0.57166766,0.88965683,2.4725885,0,0,2.5463556
1220,24,211,30,1cdk_MYR_A_403,1,unimol,0.67197593,0.95150401,2.5011826,0,0,16.59
1221,24,218,31,1cdk_MYR_B_403,1,unimol,0.67197593,0.95150401,2.5011826,0,0.88011681,17.59
1222,24,6434,919,3t2e_F6R_A_3469,1,unimol,0.67197593,0.95150401,2.5011826,0,0.89464447,26.13
1223,24,6763,966,3w4i_8LG_B_402,1,unimol,0.67197593,0.95150401,2.5011826,0,0,20.96
1224,24,16094,2299,6ly4_TES_A_501,1,unimol,0.67197593,0.95150401,2.5011826,0,0.98696943,28.22
1225,24,6770,967,3w4i_8LG_D_402,1,unimol,0.67197593,0.95149017,2.5013812,0,0,23.72
1226,24,574,82,1fsa_F6P_B_338,0,surfdock,0.79507286,0.94819714,3.2634258,0,0.96123392,3.3005421
1227,24,9633,1376,4p5y_NGA_A_201,1,unimol,0.67197593,0.94005894,2.6681345,0,0.99005169,18.21
1228,24,17620,2517,6yk5_PVK_A_312,1,unimol,0.67197593,0.93834078,2.6937256,0,0,17.37
1229,24,17627,2518,6yk6_OUB_A_311,1,unimol,0.67197593,0.93834078,2.6937256,0,0,21.6
1230,24,3788,541,2b04_CHO_A_200,1,unimol,0.67197593,0.9293011,2.8307195,0,0,24.27
1231,24,8331,1190,4evq_PHB_A_406,1,unimol,0.67197593,0.92853603,2.8424978,0,0.99270094,21.71
1232,24,4236,605,2exs_TRP_B_2100,1,unimol,0.67197593,0.92221162,2.9409881,0,0,27.08
1233,24,13294,1899,5o3b_9HZ_D_501,1,unimol,0.67197593,0.9141825,3.0689824,0,0,19.17
1234,24,6882,983,3wlf_FEH_B_401,1,unimol,0.67197593,0.91119034,3.1175489,0,0,18.13
1235,24,6896,985,3wlf_FEH_D_401,1,unimol,0.67197593,0.91014894,3.1345654,0,0,20.07
1236,24,13021,1860,5la1_XYP_A_602,1,unimol,0.67197593,0.90992182,3.1382833,0,0.96419172,20.08
1237,24,6875,982,3wlf_FEH_A_401,1,unimol,0.67197593,0.90945433,3.1459472,0,0,16.81
1238,24,13287,1898,5o3b_9HZ_B_501,1,unimol,0.67197593,0.90896187,3.154031,0,0,18.35
1239,24,12748,1821,5je1_TOF_A_302,1,unimol,0.67197593,0.9086232,3.1595993,0,0,16.39
1240,24,12755,1822,5je1_TOF_B_302,1,unimol,0.67197593,0.90649815,3.19468,0,0,13.76
1241,24,6889,984,3wlf_FEH_C_401,1,unimol,0.67197593,0.90249064,3.2615101,0,0,19.77
1242,24,1225,175,1iwe_IMP_A_460,0,surfdock,0.62386122,0.90237507,2.5011826,0,0,4.1346542
1243,24,13280,1897,5o3b_9HZ_A_501,1,unimol,0.67197593,0.90155271,3.2772794,0,0,22.53
1244,24,2387,341,1pt8_OXL_B_801,0,surfdock,0.57840883,0.90089819,2.5011826,0,0.99860125,2.2146645
1245,24,12943,1849,5kjw_53C_B_800,0,surfdock,0.5766895,0.89969257,2.5011826,0,0.99900078,2.4320079
1246,24,5117,731,2qb4_LEU_A_601,0,surfdock,0.57651924,0.89758274,2.5011826,0,0.99191571,2.6421194
1247,24,2310,330,1pfw_MF3_A_553,0,surfdock,0.57646423,0.89667852,2.5011826,0,0.98994574,2.8961607
1248,25,1940,277,1mrj_ADN_A_300,1,unimol,0.66254313,0.95229757,2.4921505,0,0.98721051,13.24
1249,25,5034,719,2ptm_CMP_A_401,1,unimol,0.66254313,0.95229757,2.4921505,0,0,19.96
1250,25,5797,828,2xul_AKG_A_201,1,unimol,0.66254313,0.95229757,2.4921505,0,0,17.87
1251,25,5804,829,2xul_AKG_B_201,1,unimol,0.66254313,0.95229757,2.4921505,0,0.90914845,24.05
1252,25,5811,830,2xul_AKG_D_201,1,unimol,0.66254313,0.95229757,2.4921505,0,1.7462243e-05,19.89
1253,25,5818,831,2xul_AKG_E_201,1,unimol,0.66254313,0.95229757,2.4921505,0,0.9127243,20.89
1254,25,5825,832,2xul_AKG_F_201,1,unimol,0.66254313,0.95229757,2.4921505,0,0.89667176,15.71
1255,25,7365,1052,4aw0_MJF_A_600,1,unimol,0.66254313,0.95229757,2.4921505,0,0,19.76
1256,25,11313,1616,5clo_NS8_M_101,1,unimol,0.66254313,0.95229757,2.4921505,0,0.98830412,18.69
1257,25,13322,1903,5o4j_9KH_B_302,1,unimol,0.66254313,0.95229757,2.4921505,0,0.96169539,18.58
1258,25,13770,1967,5uap_82S_A_505,1,unimol,0.66254313,0.95229757,2.4921505,0,0.95570769,16.21
1259,25,14897,2128,6bkk_308_B_101,1,unimol,0.66254313,0.95229757,2.4921505,0,0.99379357,18.23
1260,25,3459,494,1yqc_GLV_A_1001,1,unimol,0.66254313,0.9522004,2.4935381,0,0.97675436,17.91
1261,25,1688,241,1ldo_SNR_B_350,1,unimol,0.66254313,0.92790036,2.8543601,0,0.97356556,21.92
1262,25,17424,2489,6vei_9UO_B_502,1,unimol,0.66254313,0.90178045,3.2751908,0,0.97717331,24.35
1263,25,7875,1125,4cxr_2BG_A_502,0,surfdock,0.59300396,0.89952298,2.4921505,0,0.99651084,2.716213
1264,25,2758,394,1t87_CAM_A_1422,0,surfdock,0.59271299,0.8962623,2.4921505,0,0.082516203,2.4687088
1265,25,3717,531,2a1m_CAM_B_2422,0,surfdock,0.59282924,0.89610742,2.5165114,0,0,2.3551182
1266,25,3710,530,2a1m_CAM_A_1422,0,surfdock,0.59264888,0.89523579,2.4921505,0,0.50253516,2.4235004
1267,25,12265,1752,5h9i_XAN_A_301,1,unimol,0.66254313,0.8949803,3.3908401,0,0,17.79
1268,25,13735,1962,5u5z_7VP_A_302,1,unimol,0.66254313,0.89443888,3.4001627,0,0,25.11
1269,25,3164,452,1w3t_3GR_A_1297,0,surfdock,0.59254937,0.89402814,2.4921505,0,0.97712517,2.2353143
1270,25,9415,1345,4n36_2F8_A_401,0,surfdock,0.59239782,0.89227704,2.4921505,0,0,2.6534688
1271,25,8975,1282,4jm8_26D_A_302,1,unimol,0.66254313,0.89179412,3.4459398,0,0.99634861,20.95
1272,25,6419,917,3sj1_DXC_X_75,0,surfdock,0.59236257,0.89173359,2.4921505,0,0.9831885,3.9414918
1273,25,16191,2313,6mwl_K5G_A_301,0,surfdock,0.59235369,0.89155244,2.4921505,0,0,3.9724211
1274,25,10732,1533,4zjz_BEZ_B_601,1,unimol,0.66254313,0.89106587,3.4586163,0,0.98838298,16.17
1275,25,2765,395,1t87_CAM_B_2422,0,surfdock,0.59206327,0.88913713,2.4921505,0,0.081808415,2.4795974
1276,25,5838,834,2xya_7L4_A_1181,0,surfdock,0.59189275,0.88780871,2.4921505,0,0.99324319,3.3466791
1277,25,16198,2314,6mwl_K5G_B_301,0,surfdock,0.59186358,0.88750679,2.4921505,0,0.98814662,6.7304599
1278,25,371,53,1dxy_COI_A_404,0,surfdock,0.59457122,0.88700244,2.7211528,0,0.96684591,2.4330091
1279,25,16996,2428,6s23_KSW_A_402,0,surfdock,0.59175965,0.88666143,2.4921505,0,0.22710281,2.0800246
1280,25,11340,1620,5cpp_ADO_A_422,0,surfdock,0.59135273,0.88388382,2.4921505,0,0.99587133,2.3162646
1281,25,4320,617,2fhn_BNI_X_501,1,unimol,0.66254313,0.88352769,3.5916843,0,0.96658839,17.99
1282,25,4327,618,2fhn_BNI_Y_502,1,unimol,0.66254313,0.88352769,3.5916843,0,0.95546413,18.65
1283,25,10459,1494,4xti_IMP_A_601,1,unimol,0.66254313,0.88101596,3.6367834,0,0,21.29
1284,25,10466,1495,4xti_IMP_B_601,1,unimol,0.66254313,0.88101596,3.6367834,0,0,25.94
1285,25,9604,1372,4ovl_1TD_B_308,0,surfdock,0.5909954,0.88098545,2.4921505,0,0.9966803,3.2428858
1286,25,4718,674,2j51_DKI_A_1314,0,surfdock,0.59049334,0.87911358,2.4921505,0,0,5.5936205
1287,25,9597,1371,4ovl_1TD_A_308,0,surfdock,0.59012854,0.87772478,2.4921505,0,0.99390769,3.2184385
1288,25,12111,1730,5g6k_M94_A_904,1,unimol,0.66254313,0.87598399,3.7283013,0,0.98335847,20.88
1289,25,10941,1563,5a66_3PO_B_1000,0,surfdock,0.58951401,0.87585291,2.4921505,0,0.99077318,2.9398751
1290,25,12104,1729,5g6i_M85_A_904,1,unimol,0.66254313,0.87365887,3.7711251,0,0.98884147,21.59
1291,25,11578,1654,5e9m_BAE_A_2001,0,surfdock,0.59239477,0.87325472,2.7906063,0,0.99808118,2.1963646
1292,25,5691,813,2wj4_HQD_D_1278,0,surfdock,0.59307608,0.87129212,2.9525051,0,0.0048803844,2.1757588
1293,25,7175,1025,3zzv_FUC_B_401,0,surfdock,0.59252853,0.87021783,2.8644311,0,0,2.2377172
1294,25,5677,811,2wj4_HQD_B_1278,0,surfdock,0.59295604,0.87018182,2.9525051,0,0,2.1524075
1295,25,6034,862,2zgw_ADN_A_1301,0,surfdock,0.59132156,0.86937142,2.718143,0,0.9912198,3.2315443
1296,25,5601,800,2w1a_TSA_C_1091,1,unimol,0.66254313,0.86854071,3.8666048,0,0.99316705,23.75
1297,25,5608,801,2w1a_TSA_D_1091,1,unimol,0.66254313,0.86480236,3.937418,0,0.99394766,17.24
1298,26,7183,1026,4a01_2PN_A_1773,1,unimol,0.6630725,0.95297075,2.4225323,0,0,21.91
1299,26,13154,1879,5mot_HBD_A_402,1,unimol,0.6630725,0.93080081,2.7488644,0,0.90821287,22.11
1300,26,13147,1878,5mot_HBD_A_401,1,unimol,0.6630725,0.92757841,2.7982538,0,0.92876472,21.09
1301,26,10109,1444,4ug6_H4B_A_902,1,unimol,0.6630725,0.9220447,2.8842809,0,0.98518447,22.81
1302,26,11214,1602,5c8w_PCG_C_302,0,surfdock,0.6164674,0.90497244,2.4225323,0,0.98628668,3.6362392
1303,26,3025,432,1uqx_MMA_A_1116,1,unimol,0.6630725,0.89646365,3.3028855,0,0.92333776,22.96
1304,26,0,0,19gs_BSP_A_210,0,surfdock,0.58865174,0.89485797,2.4225323,0,0.007388756,2.2639736
1305,26,14602,2086,5z9b_HX3_B_303,0,surfdock,0.58871232,0.89179912,2.483824,0,0.97160376,2.4985707
1306,26,13846,1978,5uj3_CE4_A_302,0,surfdock,0.58802333,0.88940706,2.4225323,0,0,3.4861398
1307,26,11201,1600,5c8w_PCG_A_302,1,unimol,0.6630725,0.87884616,3.6126742,0,0,21.81
1308,26,11229,1604,5c8w_PCG_E_302,1,unimol,0.6630725,0.87834201,3.621815,0,0,20.11
1309,26,11208,1601,5c8w_PCG_B_303,1,unimol,0.6630725,0.87812589,3.6257379,0,0,18.66
1310,26,11222,1603,5c8w_PCG_D_302,1,unimol,0.6630725,0.87783776,3.6309726,0,0,18.59
1311,26,7119,1017,3zv6_4HB_A_1277,0,surfdock,0.58387179,0.87456847,2.4225323,0,0,2.7463224
1312,26,10158,1451,4uqs_INE_A_904,1,unimol,0.6630725,0.872502,3.7288525,0,0.98460568,23.54
1313,26,4838,691,2ntk_IMP_B_206,1,unimol,0.6630725,0.8694656,3.7853601,0,0,18.38
1314,26,4845,692,2ntk_IMP_C_207,1,unimol,0.6630725,0.8694656,3.7853601,0,0,20.09
1315,26,4831,690,2ntk_IMP_A_205,1,unimol,0.6630725,0.86824534,3.8082359,0,0,19.14
1316,26,3052,436,1v03_BGC_A_1498,0,surfdock,0.58238495,0.86593786,2.4225323,0,0.91451413,3.777401
1317,26,11235,1605,5c8w_PCG_F_302,0,surfdock,0.58238495,0.86593786,2.4225323,0,0,3.5784222
1318,26,13321,1903,5o4j_9KH_B_302,0,surfdock,0.58733801,0.86474188,2.7267232,0,0,2.8587497
1319,26,13517,1931,5t85_44G_L_301,0,surfdock,0.58238495,0.86448788,2.4452617,0,0.011390865,3.0655279
1320,26,5335,762,2r3d_ACM_A_303,1,unimol,0.6630725,0.86102399,3.9456103,0,0.99277008,19.43
1321,26,10115,1445,4ug6_XFJ_A_904,0,surfdock,0.58686375,0.86000297,2.7677042,0,0.038658154,3.4637802
1322,26,10227,1461,4v36_LYN_A_1851,0,surfdock,0.58238495,0.85882139,2.4225323,0,0,2.3904895
1323,26,3381,483,1xuz_PEP_A_2001,0,surfdock,0.58087385,0.85748895,2.4225323,0,0.9135682,2.6669754
1324,26,3003,429,1ubs_SER_B_398,0,surfdock,0.58621268,0.85314662,2.8388841,0,0.96313177,4.1698978
1325,26,8463,1209,4gy9_ZIP_A_201,0,surfdock,0.58879807,0.85191109,3.1546986,0,0.99409346,3.0900416
1326,26,1631,233,1kya_XYD_B_612,0,surfdock,0.58808407,0.85180555,3.0424626,0,0.9916317,2.0882567
1327,26,3458,494,1yqc_GLV_A_1001,0,surfdock,0.58816656,0.85109998,3.0668151,0,0.78960375,2.0490209
1328,26,1638,234,1kya_XYD_D_814,0,surfdock,0.58779724,0.84889133,3.0538433,0,0.015163434,2.0970058
1329,26,9961,1423,4rp9_ASC_A_501,0,surfdock,0.59256208,0.84844332,3.3248265,0,0,2.7991588
1330,26,14946,2135,6bxk_MTA_A_401,1,unimol,0.6630725,0.8453973,4.255024,0,0.9580954,17.21
1331,26,14953,2136,6bxk_MTA_B_401,1,unimol,0.6630725,0.84485087,4.2661552,0,0.94032302,17.19
1332,26,12173,1739,5gwt_SIN_D_301,0,surfdock,0.59001709,0.84430213,3.3971565,0,0.99502357,2.4128653
1333,26,11193,1599,5c7v_PYC_A_804,0,surfdock,0.58238495,0.84347821,2.7878599,0,0.0094924231,2.3438501
1334,26,8450,1207,4gps_CIT_A_501,1,unimol,0.6630725,0.84098994,4.3454261,0,0.76290794,19.27
1335,26,5356,765,2r4t_250_A_503,1,unimol,0.6630725,0.84028576,4.3600016,0,0,23
1336,26,16954,2422,6rhc_K48_A_305,0,surfdock,0.58776462,0.83960094,3.214412,0,0.9953123,2.7247411
1337,26,21,3,1a59_CIT_A_379,0,surfdock,0.58598734,0.83920265,3.0694442,0,0,2.9010887
1338,26,1092,156,1ho5_ADN_B_2604,0,surfdock,0.59058202,0.83582152,3.5572314,0,0.97807602,3.3294322
1339,26,11215,1602,5c8w_PCG_C_302,1,unimol,0.65949476,0.83499569,3.621815,0,0,21.61
1340,26,6433,919,3t2e_F6R_A_3469,0,surfdock,0.58364883,0.83415233,3.0851753,0,0,3.0554683
1341,26,17753,2536,7cne_SIN_A_402,1,unimol,0.6630725,0.83344998,4.503418,0,0.73499798,16.47
1342,26,3031,433,1uux_PPI_A_1165,0,surfdock,0.58563806,0.83065695,3.209271,0,0.99515914,1.9075096
1343,26,9632,1376,4p5y_NGA_A_201,0,surfdock,0.58889819,0.82430847,3.6871946,0,0.9865421,2.7555941
1344,26,12103,1729,5g6i_M85_A_904,0,surfdock,0.58883161,0.82279567,3.7069783,0,0.96293771,3.3779001
1345,26,9870,1410,4r2n_PHE_C_402,0,surfdock,0.615714,0.82245661,3.8425159,0,0.00085510106,2.7768792
1346,26,14329,2047,5xvt_8FL_A_709,0,surfdock,0.58238495,0.82216934,3.1625121,0,0.43280237,3.925252
1347,26,6363,909,3rop_NCA_A_302,0,surfdock,0.58230864,0.81941812,3.0850759,0,0.9264634,2.2395928
1348,27,8135,1162,4e7v_CRS_1_101,1,unimol,0.65899235,0.95340502,2.403692,0,0.98431918,19.38
1349,27,8142,1163,4e7v_CRS_3_101,1,unimol,0.65899235,0.95340502,2.403692,0,0.97780262,22.35
1350,27,8149,1164,4e7v_CRS_A_101,1,unimol,0.65899235,0.95340502,2.403692,0,0.98615407,18.41
1351,27,8156,1165,4e7v_CRS_C_101,1,unimol,0.65899235,0.95340502,2.403692,0,0.99096455,20.88
1352,27,8163,1166,4e7v_CRS_E_101,1,unimol,0.65899235,0.95340502,2.403692,0,0.9905427,21.31
1353,27,8170,1167,4e7v_CRS_G_101,1,unimol,0.65899235,0.95340502,2.403692,0,0.99519348,15.9
1354,27,8177,1168,4e7v_CRS_I_101,1,unimol,0.65899235,0.95340502,2.403692,0,0.98707028,18.44
1355,27,8184,1169,4e7v_CRS_K_101,1,unimol,0.65899235,0.95340502,2.403692,0,0.9820967,19.96
1356,27,8191,1170,4e7v_CRS_M_101,1,unimol,0.65899235,0.95340502,2.403692,0,0.98743952,18.92
1357,27,8198,1171,4e7v_CRS_O_101,1,unimol,0.65899235,0.95340502,2.403692,0,0.98736929,20.43
1358,27,8205,1172,4e7v_CRS_Q_101,1,unimol,0.65899235,0.95340502,2.403692,0,0.98753869,20.18
1359,27,8212,1173,4e7v_CRS_S_101,1,unimol,0.65899235,0.95340502,2.403692,0,0.98539739,18.74
1360,27,8226,1175,4e7v_CRS_Y_101,1,unimol,0.65899235,0.95340502,2.403692,0,0.98949961,14.47
1361,27,8541,1220,4hgg_SYN_B_502,1,unimol,0.65899235,0.95340502,2.403692,0,0.94275026,19.28
1362,27,14540,2077,5ysh_5AD_D_605,1,unimol,0.65899235,0.95340502,2.403692,0,0.98677077,27.34
1363,27,14547,2078,5ysh_5AD_G_605,1,unimol,0.65899235,0.95340502,2.403692,0,0.98270107,30.89
1364,27,14554,2079,5ysh_5AD_J_605,1,unimol,0.65899235,0.95340502,2.403692,0,0.98087692,24.5
1365,27,5244,749,2qim_ZEA_A_162,1,unimol,0.65899235,0.94902633,2.4658856,0,0,23.7
1366,27,14106,2015,5w7b_MYR_B_208,1,unimol,0.65899235,0.94676337,2.4983664,0,0.7064787,30.36
1367,27,5237,748,2qim_ZEA_A_161,1,unimol,0.65899235,0.94389764,2.5398357,0,0.47978796,17.78
1368,27,2836,405,1tiw_TFB_A_2002,1,unimol,0.65899235,0.94173289,2.5714111,0,0.97161368,16.86
1369,27,13945,1992,5v7y_AKG_B_302,1,unimol,0.65899235,0.92069145,2.8900321,0,0.89361154,20.14
1370,27,13994,1999,5vl0_BNF_D_404,1,unimol,0.65899235,0.90975916,3.0643699,0,0.98820202,25.95
1371,27,13980,1997,5vl0_BNF_B_404,1,unimol,0.65899235,0.90949782,3.0686147,0,0.98161095,24.15
1372,27,13987,1998,5vl0_BNF_C_404,1,unimol,0.65899235,0.90787639,3.095032,0,0.98575008,25.45
1373,27,8219,1174,4e7v_CRS_U_101,1,unimol,0.6583178,0.90729603,2.403692,0,0.99039757,20.67
1374,27,14112,2016,5w8q_BU4_B_400,0,surfdock,0.58137888,0.90298281,2.403692,0,0.025831113,2.2968119
1375,27,17522,2503,6x9d_HYP_A_2002,1,unimol,0.65899235,0.89933578,3.2365487,0,0,22.86
1376,27,16093,2299,6ly4_TES_A_501,0,surfdock,0.58078613,0.89751534,2.403692,0,0.99030392,3.4256508
1377,27,9751,1393,4pxd_1AL_B_502,0,surfdock,0.58075777,0.89745459,2.403692,0,0,2.8896503
1378,27,13426,1918,5oip_9WE_A_302,0,surfdock,0.58070944,0.89684709,2.403692,0,0.93587628,3.5959265
1379,27,13097,1871,5m5a_KSA_A_404,0,surfdock,0.58058512,0.8956321,2.403692,0,0.9903893,4.91918
1380,27,8120,1160,4dwv_PFB_A_378,0,surfdock,0.58051667,0.8951461,2.403692,0,0.99004499,2.7794535
1381,27,9625,1375,4oxy_1TN_D_302,0,surfdock,0.58102462,0.89467994,2.4803169,0,0,3.7402037
1382,27,8127,1161,4dwv_PFB_B_378,0,surfdock,0.58043056,0.89441711,2.403692,0,0.99182577,2.6975983
1383,27,10584,1512,4z1d_PEP_A_300,0,surfdock,0.58025896,0.89374886,2.403692,0,0.82637592,2.4927393
1384,27,9744,1392,4pxd_1AL_A_502,0,surfdock,0.58016327,0.89289837,2.403692,0,0,2.9034038
1385,27,350,50,1dpm_EBP_A_901,0,surfdock,0.5801487,0.89271612,2.403692,0,0.00036292408,2.8164722
1386,27,7798,1114,4cme_KTZ_D_1270,0,surfdock,0.58614716,0.89255407,2.5960522,0,0.95432119,3.3143672
1387,27,5831,833,2xum_OGA_A_601,0,surfdock,0.58000501,0.89204787,2.403692,0,0.99876942,2.6977197
1388,27,2632,376,1s2c_FLF_A_2001,0,surfdock,0.57997198,0.89192637,2.403692,0,0,3.6511899
1389,27,16254,2322,6nba_P1T_C_501,0,surfdock,0.58614695,0.88985426,2.6362183,0,0.98408643,4.6294758
1390,27,3094,442,1vje_MSE_A_301,0,surfdock,0.57936911,0.88834214,2.403692,0,0.98028098,2.7929635
1391,27,17529,2504,6x9d_HYP_B_2002,1,unimol,0.65899235,0.8866051,3.4551332,0,0,29.72
1392,27,9611,1373,4oxy_1TN_A_302,0,surfdock,0.5799278,0.88640426,2.4803169,0,0.98129797,3.6238136
1393,27,17346,2478,6u30_PQM_A_501,0,surfdock,0.57896056,0.88579066,2.403692,0,0.88886852,2.8841587
1394,27,12908,1844,5kcp_PFB_A_378,0,surfdock,0.57889484,0.88518316,2.403692,0,0,2.664243
1395,27,15702,2243,6i6r_H62_A_704,1,unimol,0.65899235,0.88461808,3.4901025,0,0.60889849,19.27
1396,27,12915,1845,5kcp_PFB_B_378,0,surfdock,0.57843782,0.88378592,2.403692,0,0,2.6928737
1397,27,5600,800,2w1a_TSA_C_1091,0,surfdock,0.58122838,0.88373174,2.6809673,0,0.94764895,2.9793082
1398,28,14911,2130,6bmm_OLB_B_404,1,unimol,0.66401625,0.94695713,2.5109253,0,0,34.71
1399,28,14904,2129,6bmm_OLB_A_404,1,unimol,0.66401625,0.9445816,2.545361,0,0.66940902,33.81
1400,28,13727,1961,5u5x_TP5_A_302,0,surfdock,0.5809565,0.90041022,2.4145083,0,0.99792246,2.3799534
1401,28,14182,2026,5wqp_NCA_A_302,0,surfdock,0.58042563,0.89494851,2.4087026,0,0,2.3715302
1402,28,17633,2519,6ypv_AKG_A_302,0,surfdock,0.57864132,0.88365238,2.4146314,0,0.99691914,2.588406
1403,28,13447,1921,5r0j_RBJ_B_401,0,surfdock,0.57834534,0.88288343,2.4087026,0,0,2.3622488
1404,28,1477,211,1k8z_IAG_A_501,0,surfdock,0.57931068,0.88228582,2.4887698,0,0.99442625,3.3719875
1405,28,10269,1467,4wdd_CIT_A_401,0,surfdock,0.57735657,0.88038511,2.4087026,0,0.98767434,2.6589179
1406,28,16338,2334,6nh0_KND_A_803,0,surfdock,0.59524743,0.87890135,2.8561029,0,0.89640649,3.9052875
1407,28,16899,2414,6r7w_CIT_A_406,1,unimol,0.66401625,0.87704612,3.6444397,0,0.72064174,20
1408,28,12873,1839,5k2c_ZMA_A_1201,0,surfdock,0.58112596,0.87515428,2.8362617,0,0,3.7117504
1409,28,5328,761,2r0g_7CK_B_1357,1,unimol,0.66401625,0.87427846,3.6949875,0,0.98391776,23.7
1410,28,16695,2385,6ps7_ZMA_A_1201,0,surfdock,0.57934126,0.87041656,2.6816804,0,0,3.7921448
1411,28,637,91,1g6t_S3P_A_601,0,surfdock,0.57928208,0.87017368,2.6730878,0,0.99198286,3.2640685
1412,28,5321,760,2r0g_7CK_A_1355,1,unimol,0.66401625,0.87004685,3.7732055,0,0.98968096,24.16
1413,28,12810,1830,5jj2_MLI_A_302,0,surfdock,0.59224257,0.8693324,3.0022867,0,0.88094184,2.1428794
1414,28,7441,1063,4bbx_LKF_B_1760,0,surfdock,0.57393155,0.86865517,2.4087026,0,0.89580478,4.0970645
1415,28,197,28,1ca7_ENO_A_501,1,unimol,0.66401625,0.86622045,3.8449233,0,0.90604403,19.14
1416,28,204,29,1ca7_ENO_C_701,1,unimol,0.66401625,0.86594866,3.8500519,0,0.90243739,16.62
1417,28,15876,2268,6jzh_ZMA_A_2002,0,surfdock,0.58114162,0.86352701,3.0374129,0,0.94377523,3.9031446
1418,28,7014,1002,3wxo_NIZ_A_802,0,surfdock,0.57847236,0.86020085,2.7783897,0,0,2.4534414
1419,28,6153,879,2zwt_CAM_A_422,0,surfdock,0.57393155,0.85901347,2.5607481,0,0,2.3677992
1420,28,7203,1029,4a78_JZ3_A_1296,0,surfdock,0.58081615,0.85724388,3.0793397,0,0.24517586,2.3431542
1421,28,13951,1993,5ve5_GSH_B_402,0,surfdock,0.56545931,0.8570471,2.4087026,0,0,2.487357
1422,28,15981,2283,6l68_ALL_A_201,0,surfdock,0.56456113,0.8568643,2.4087026,0,0,2.4466616
1423,28,6748,964,3vv5_SLZ_B_301,0,surfdock,0.56346912,0.85631589,2.4087026,0,0,2.6195891
1424,28,6063,866,2zi2_24U_H_801,1,unimol,0.66401625,0.85326259,4.0949974,0,0.98034485,19.83
1425,28,12201,1743,5gzz_JAA_A_601,0,surfdock,0.56961749,0.85175064,2.5228219,0,0,3.2524495
1426,29,12356,1765,5hss_650_B_402,1,unimol,0.72286081,0.97755869,2.6908722,0,0.94607063,21.47
1427,29,4950,707,2okk_ABU_A_585,1,unimol,0.66487,0.95419032,2.3817322,0,0.14589691,19.71
1428,29,7925,1132,4d0z_BBK_A_1581,1,unimol,0.66487,0.95419032,2.3817322,0,0.9382103,27.14
1429,29,7932,1133,4d0z_BBK_B_1580,1,unimol,0.66487,0.95419032,2.3817322,0,0,25.61
1430,29,7939,1134,4d0z_BBK_E_1584,1,unimol,0.66487,0.95419032,2.3817322,0,0,28.06
1431,29,13049,1864,5lu8_5KN_A_306,1,unimol,0.66487,0.94847883,2.4632659,0,1.5998133e-06,19.75
1432,29,2604,372,1rvt_NDG_H_742,0,surfdock,0.5812907,0.90764817,2.3817322,0,0,2.6985241
1433,29,3703,529,2a15_NCA_A_1001,0,surfdock,0.57538418,0.89721052,2.3817322,0,0.94465878,2.5361327
1434,29,12411,1773,5i7r_68W_A_402,0,surfdock,0.57535034,0.89690533,2.3817322,0,0.8057277,3.9138716
1435,29,9590,1370,4ofu_DHT_A_1001,0,surfdock,0.76102064,0.89664451,4.0264235,0,0.99281794,3.7577584
1436,29,4676,668,2isf_PAC_A_317,0,surfdock,0.57483536,0.89409754,2.3817322,0,0.99146936,2.4236797
1437,29,13602,1943,5tde_2HP_B_902,1,unimol,0.66487,0.89055537,3.3807807,0,0.94934669,20.75
1438,29,12362,1766,5hss_650_C_401,0,surfdock,0.57367163,0.88823781,2.3817322,0,0.99721166,2.8167592
1439,29,10731,1533,4zjz_BEZ_B_601,0,surfdock,0.57578158,0.88737042,2.5896432,0,0.99635403,2.3874813
1440,29,14532,2076,5ylf_BGC_A_401,0,surfdock,0.57269042,0.88412006,2.3952165,0,0,2.3546478
1441,29,9212,1316,4lcq_URQ_A_603,0,surfdock,0.57045842,0.88066899,2.3817322,0,0,2.5490812
1442,29,15491,2213,6gpn_OGA_B_402,0,surfdock,0.56890492,0.8786547,2.3817322,0,0.99673849,2.698228
1443,29,11501,1643,5dnx_5LD_B_201,0,surfdock,0.57555877,0.87857618,2.6940858,0,0.98986377,3.0805541
1444,29,4557,651,2ht8_G39_A_800,0,surfdock,0.76016743,0.87832896,4.3790913,0,0.96659385,3.662866
1445,29,3325,475,1xid_ASC_A_389,0,surfdock,0.56849492,0.87828847,2.3817322,0,0.9912334,2.61429
1446,29,6244,892,3qss_MTG_A_405,0,surfdock,0.57479909,0.87628061,2.6561151,0,0.81927462,2.2464463
1447,29,4663,666,2ipf_FFA_A_3,1,unimol,0.66487,0.87531357,3.6529818,0,0,23
1448,29,4670,667,2ipf_FFA_B_4,1,unimol,0.66487,0.87531357,3.6529818,0,0.98383379,21.43
1449,29,9702,1386,4pik_MAN_A_502,0,surfdock,0.57500759,0.87399676,2.7083089,0,0.9902741,2.4330103
1450,29,6251,893,3qss_MTG_B_405,0,surfdock,0.57437007,0.87382738,2.6561151,0,0,2.3504004
1451,29,2122,303,1o28_UFP_B_708,1,unimol,0.66487,0.87205784,3.7129827,0,0,23.64
1452,29,15421,2203,6fw0_E92_B_602,0,surfdock,0.57618257,0.87130546,2.8995078,0,0.98620506,3.7951735
1453,29,2129,304,1o28_UFP_C_713,1,unimol,0.66487,0.87079302,3.7364757,0,0,23.63
1454,29,2164,309,1o29_UFP_D_818,1,unimol,0.66487,0.87079302,3.7364757,0,0,24.68
1455,29,2136,305,1o28_UFP_D_718,1,unimol,0.66487,0.87037109,3.744334,0,0,21.03
1456,29,2143,306,1o29_UFP_A_803,1,unimol,0.66487,0.87037109,3.744334,0,0,18.93
1457,29,2114,302,1o28_UFP_A_703,0,surfdock,0.56597171,0.8692242,2.3817322,0,0,3.4709319
1458,29,3248,464,1wq4_TYR_A_501,0,surfdock,0.56597171,0.8692242,2.3817322,0,0.98465747,2.8815535
1459,29,4725,675,2j5b_TYE_A_1336,0,surfdock,0.56597171,0.8692242,2.3817322,0,0,2.6827412
1460,29,9296,1328,4m2c_DAR_C_402,0,surfdock,0.56597171,0.8692242,2.3817322,0,0.97985841,2.9672316
1461,29,9303,1329,4m2c_DAR_D_402,0,surfdock,0.56597171,0.8692242,2.3817322,0,0,2.8617601
1462,29,10311,1473,4ws1_URF_A_301,0,surfdock,0.56597171,0.8692242,2.3817322,0,0.035058805,2.3180734
1463,29,12551,1793,5ioq_DUR_B_302,0,surfdock,0.56597171,0.8692242,2.3817322,0,0.00010326938,3.0360627
1464,29,12558,1794,5ioq_DUR_B_303,0,surfdock,0.56597171,0.8692242,2.3817322,0,0.94775038,2.9530363
1465,29,12565,1795,5ioq_DUR_C_302,0,surfdock,0.56597171,0.8692242,2.3817322,0,0.76390532,3.0442516
1466,29,14371,2053,5y7a_KYN_A_502,0,surfdock,0.56597171,0.8692242,2.3817322,0,0.9182321,3.1640811
1467,29,15708,2244,6ijp_IMP_A_402,0,surfdock,0.56597171,0.8692242,2.3817322,0,0,3.9231299
1468,29,13595,1942,5tde_2HP_B_901,1,unimol,0.66487,0.86909992,3.7680819,0,0.94388161,19.98
1469,29,2150,307,1o29_UFP_B_808,1,unimol,0.66487,0.86868302,3.7758937,0,0,17.28
1470,29,2157,308,1o29_UFP_C_813,1,unimol,0.66487,0.86868302,3.7758937,0,0,18.97
1471,29,9261,1323,4lxi_22J_A_301,0,surfdock,0.56597171,0.86690085,2.4179587,0,0.90201603,3.632006
1472,29,11816,1688,5fc5_PC_A_516,0,surfdock,0.57111898,0.86618845,2.624774,0,0.98828868,2.5597863
1473,29,13588,1941,5tde_2HP_A_502,1,unimol,0.66487,0.8644437,3.8559649,0,0.97430035,18.91
1474,29,3494,499,1z3n_3NA_A_320,1,unimol,0.69308782,0.86372457,4.6713161,0,0.98693705,17.87
1475,29,6385,912,3ryd_SRT_A_271,1,unimol,0.66487,0.86295498,3.8843627,0,0.4721969,18.22
1476,30,2233,319,1ovk_NYL_A_405,0,surfdock,0.86605398,0.95491517,3.0245764,0,0.95630158,2.0380096
1477,30,13370,1910,5ocm_9RH_D_302,0,surfdock,0.61972608,0.89924658,2.5266056,0,0.001855516,5.7476908
1478,30,5383,769,2rbu_273_X_4001,0,surfdock,0.59871563,0.89131216,2.5275524,0,0.9926902,2.2973614
1479,30,15638,2234,6hqr_3DM_A_502,0,surfdock,0.59544501,0.88948754,2.3787627,0,0.99658488,2.7735888
1480,30,1533,219,1kfc_IPL_A_674,0,surfdock,0.59427897,0.88709974,2.3787627,0,0.99350644,3.3409396
1481,30,35,5,1ac4_TMT_A_296,0,surfdock,0.59818316,0.88570006,2.5730903,0,0,2.2024765
1482,30,8540,1220,4hgg_SYN_B_502,0,surfdock,0.59349864,0.88563032,2.3787627,0,0.99201502,2.25449
1483,30,6020,860,2z6j_TUI_B_502,0,surfdock,0.59459513,0.88402335,2.4355674,0,0.86731063,4.5780648
1484,30,10325,1475,4ws6_WBU_A_301,0,surfdock,0.59580031,0.88378279,2.4802148,0,0,2.2617208
1485,30,11298,1614,5ci9_549_A_402,0,surfdock,0.59802127,0.86875568,2.8371079,0,0.91531654,2.3774403
1486,30,4949,707,2okk_ABU_A_585,0,surfdock,0.57862988,0.86199718,2.3787627,0,0,2.1781318
1487,30,17570,2510,6xu3_GAB_B_402,0,surfdock,0.59920254,0.86040684,3.0739338,0,0.0051727137,2.3979378
1488,30,6062,866,2zi2_24U_H_801,0,surfdock,0.59801297,0.85830383,3.0110593,0,0.94760229,3.8489437
1489,30,16723,2389,6q4k_HHW_A_302,0,surfdock,0.59708431,0.85222827,3.0642111,0,0.96633229,2.9677423
1490,30,8667,1238,4i4v_NGA_B_201,1,unimol,0.65939232,0.84873719,4.1549311,0,0.95332484,17.58
1491,30,8674,1239,4i4v_NGA_D_201,1,unimol,0.65939232,0.8484612,4.1604352,0,0.98194089,26.43
1492,30,8681,1240,4i4v_NGA_D_202,1,unimol,0.65939232,0.8465282,4.1991296,0,0.97422943,17.97
1493,30,16716,2388,6q4k_HHW_A_301,0,surfdock,0.59799984,0.8452127,3.237318,0,0.98913197,3.0744412
1494,30,8660,1237,4i4v_NGA_A_202,1,unimol,0.65939232,0.84459411,4.2381129,0,0.93122381,17.38
1495,30,9618,1374,4oxy_1TN_B_302,0,surfdock,0.59889329,0.84327118,3.3476801,0,0.98677158,3.9585772
1496,30,644,92,1g72_PQQ_A_701,0,surfdock,0.58351945,0.84072292,2.8676245,0,0,4.0796586
1497,30,15631,2233,6hpx_GKQ_A_205,0,surfdock,0.59872543,0.83914608,3.4052694,0,0.95569734,3.718744
1498,30,8715,1245,4i6s_FUC_C_101,0,surfdock,0.59669745,0.83439243,3.3594096,0,0.74154165,2.2329311
1499,30,7322,1046,4al9_GLA_A_1123,0,surfdock,0.59828809,0.83433875,3.4520342,0,0.94428736,2.3823401
1500,30,8653,1236,4i4v_NGA_A_201,1,unimol,0.65939232,0.83348768,4.467248,0,0.94789829,16.96
1501,30,8708,1244,4i6s_FUC_B_102,0,surfdock,0.5958188,0.83319248,3.3310311,0,0.97359678,2.3023008
1502,30,2275,325,1p5g_G6P_X_658,0,surfdock,0.58785182,0.83296886,3.1607587,0,0.98534318,3.2452017
1503,30,12754,1822,5je1_TOF_B_302,0,surfdock,0.58351945,0.83292569,3.0025012,0,0.0033249225,2.7542158
1504,30,7336,1048,4al9_GLA_C_1123,0,surfdock,0.59736486,0.83155402,3.4520342,0,0.94486765,2.4568244
1505,30,9548,1364,4nv0_MG7_B_402,0,surfdock,0.58351945,0.83102081,3.0360305,0,7.2887944e-06,3.7498912
1506,30,12747,1821,5je1_TOF_A_302,0,surfdock,0.58351945,0.83092308,3.0377562,0,0.0032439393,2.8261425
1507,30,7532,1076,4bvh_OCZ_B_1392,0,surfdock,0.58351945,0.8303506,3.0478828,0,0.9877122,3.4313842
1508,30,9541,1363,4nv0_MG7_A_403,0,surfdock,0.58351945,0.8300423,3.053344,0,0.97470418,3.6302198
1509,30,7329,1047,4al9_GLA_B_1123,0,surfdock,0.59697659,0.82996275,3.4520342,0,0.997371,2.4441468
1510,30,2226,318,1ov5_2LP_A_403,0,surfdock,0.59974657,0.82963625,3.6786313,0,0.99352793,2.8286597
1511,30,7343,1049,4al9_GLA_D_1123,0,surfdock,0.59652694,0.82893979,3.4520342,0,0.91528956,2.3387165
1512,30,3696,528,2a0x_DIH_A_300,0,surfdock,0.58351945,0.82807154,3.0883989,0,0.11576265,3.351094
1513,30,7350,1050,4al9_GLA_G_1123,0,surfdock,0.59613564,0.8276895,3.4520342,0,0.96910569,2.3714074
1514,30,9555,1365,4o7g_ASC_A_303,0,surfdock,0.58351945,0.82559686,3.1327751,0,0.10506859,2.5716507
1515,30,7525,1075,4bvh_OCZ_A_1393,0,surfdock,0.58351945,0.82444236,3.1536155,0,2.4791712e-05,2.8906889
1516,30,7539,1077,4bvh_OCZ_C_1394,0,surfdock,0.58351945,0.82444236,3.1536155,0,0.98447356,3.214962
1517,30,4333,619,2fib_GLY_B_2,0,surfdock,0.58351945,0.82325871,3.175071,0,0,4.2895743
1518,30,10220,1460,4v2z_Y70_C_151,0,surfdock,0.59886711,0.82211763,3.74317,0,0.98637397,3.0342082
1519,30,10724,1532,4zib_4OG_A_512,0,surfdock,0.59690808,0.82207405,3.599417,0,0.078209433,3.0679945
1520,30,1666,238,1l5o_2MP_A_990,0,surfdock,0.59961533,0.82181641,3.8224604,0,0.99710042,2.0019325
1521,30,6755,965,3w4i_8LG_A_402,0,surfdock,0.59662392,0.82152462,3.5969899,0,0.35536132,4.2170304
1522,30,10318,1474,4ws2_6UA_A_303,0,surfdock,0.59528997,0.82054659,3.5454319,0,0.11268026,2.2646028
1523,30,11221,1603,5c8w_PCG_D_302,0,surfdock,0.58351945,0.81952678,3.2433321,0,0,3.4855853
1524,30,17472,2496,6vv1_RMJ_A_501,0,surfdock,0.58637992,0.81896254,3.4015956,0,0,3.9470061
1525,30,14364,2052,5y1g_AKB_A_401,0,surfdock,0.58351945,0.81861687,3.2601168,0,0.9331461,2.481586
1526,31,3774,539,2aiq_BEN_A_401,1,unimol,0.66116645,0.9548916,2.3565443,0,0.98338686,18.68
1527,31,14274,2039,5xh2_NPO_A_305,1,unimol,0.66116645,0.95478393,2.3580396,0,0.96943591,16.24
1528,31,11705,1672,5eso_ISC_B_602,1,unimol,0.66116645,0.93013137,2.7142727,0,0,22.4
1529,31,17375,2482,6uo7_QCP_A_504,1,unimol,0.66116645,0.92791371,2.7477174,0,0.95007497,19.34
1530,31,9450,1350,4n94_2HO_A_401,0,surfdock,0.63147557,0.90837069,2.3565443,0,0.0019292408,2.3723205
1531,31,8323,1189,4evi_N7I_B_401,0,surfdock,0.63073666,0.90609838,2.3565443,0,0.99517936,3.0966965
1532,31,7259,1037,4a9j_TYL_A_1188,0,surfdock,0.63047213,0.90554566,2.3565443,0,0.99415303,2.5292931
1533,31,2464,352,1q4g_BFL_B_1701,0,surfdock,0.62997005,0.9039489,2.3565443,0,0.9911122,3.3462826
1534,31,2457,351,1q4g_BFL_A_701,0,surfdock,0.62947054,0.90216791,2.3565443,0,0.98606175,3.4801705
1535,31,42,6,1aej_NVI_A_296,0,surfdock,0.62945774,0.90204508,2.3565443,0,0.82686768,2.3146785
1536,31,12467,1781,5ice_2H4_A_402,0,surfdock,0.62808966,0.89860591,2.3565443,0,0,3.7571836
1537,31,16989,2427,6rum_TOP_A_301,0,surfdock,0.62703876,0.89670208,2.3565443,0,0.99616858,3.8720112
1538,31,2037,291,1nmm_NAG_B_403,0,surfdock,0.6269727,0.89639501,2.3565443,0,0.98559406,3.058295
1539,31,2044,292,1nmm_NAG_D_527,0,surfdock,0.62656103,0.89541239,2.3565443,0,0.97095362,3.1130686
1540,31,1470,210,1k5s_GRO_B_601,0,surfdock,0.62545797,0.89369281,2.3565443,0,0,2.6523296
1541,31,9682,1383,4pbr_2L7_A_401,1,unimol,0.66116645,0.89284796,3.3101165,0,0.98982832,19.23
1542,31,4390,627,2fyd_BGC_D_530,1,unimol,0.66116645,0.89075539,3.345793,0,0.98317917,23.21
1543,31,9093,1299,4kp7_1UQ_A_503,0,surfdock,0.6202614,0.88718295,2.3565443,0,0,3.4967209
1544,31,10157,1451,4uqs_INE_A_904,0,surfdock,0.62911786,0.88701399,2.5645151,0,0.99602178,3.1618414
1545,31,11879,1697,5fkl_TDC_A_222,0,surfdock,0.61856206,0.88577044,2.3565443,0,0,4.3808355
1546,31,5440,777,2uyv_TLA_B_1275,1,unimol,0.66116645,0.88389749,3.4644945,0,0,23.32
1547,31,3101,443,1vje_MSE_A_401,0,surfdock,0.61157258,0.88214702,2.3565443,0,0.93868149,2.8363636
1548,31,13798,1971,5uim_TYD_B_403,1,unimol,0.66116645,0.88164637,3.504065,0,0,28.63
1549,31,9101,1300,4kp7_1UQ_B_502,1,unimol,0.66116645,0.87978117,3.537082,0,0.94583919,23.84
1550,31,2472,353,1q6r_LX1_A_7301,1,unimol,0.66116645,0.87799053,3.5689766,0,0,18.31
1551,31,2479,354,1q6r_LX1_B_9301,1,unimol,0.66116645,0.87799053,3.5689766,0,0,19.94
1552,31,1393,199,1jla_TNK_A_999,0,surfdock,0.60326953,0.87336486,2.3565443,0,0.9910065,4.5223507
1553,31,3199,457,1w62_PYC_A_700,0,surfdock,0.60326953,0.87336486,2.3565443,0,0,2.2743319
1554,31,3766,538,2ahc_VNL_D_466,0,surfdock,0.60326953,0.87336486,2.3565443,0,0.99549928,2.9002167
1555,31,4347,621,2fpu_HSO_B_509,0,surfdock,0.60326953,0.87336486,2.3565443,0,0.86161198,2.6344548
1556,31,8099,1157,4dtb_GMP_B_401,0,surfdock,0.60326953,0.87336486,2.3565443,0,0.99279644,3.2915658
1557,31,14609,2087,5z9p_AX7_A_301,0,surfdock,0.60326953,0.87336486,2.3565443,0,0.99849684,2.2667711
1558,31,14616,2088,5z9p_AX7_B_301,0,surfdock,0.60326953,0.87336486,2.3565443,0,0.99588736,2.3088622
1559,31,17521,2503,6x9d_HYP_A_2002,0,surfdock,0.60326953,0.87336486,2.3565443,0,0.97339818,2.4746377
1560,31,17528,2504,6x9d_HYP_B_2002,0,surfdock,0.60326953,0.87336486,2.3565443,0,0.96682013,2.4940242
1561,31,1205,172,1itw_ICT_A_743,1,unimol,0.66116645,0.87284388,3.6617429,0,0.92865869,30.49
1562,31,1212,173,1itw_ICT_B_744,1,unimol,0.66116645,0.87187416,3.6794059,0,0.92113103,27.39
1563,31,1219,174,1itw_ICT_D_743,1,unimol,0.66116645,0.87187416,3.6794059,0,0.78255559,25.1
1564,31,1267,181,1j0n_CEG_A_780,0,surfdock,0.60326953,0.86974378,2.4118726,0,0,2.8505759
1565,31,106,15,1anc_BEN_A_384,1,unimol,0.66116645,0.86667722,3.7750802,0,0.8829061,20.3
1566,31,10262,1466,4wca_CIT_A_401,0,surfdock,0.60306377,0.86617945,2.3565443,0,0,2.6219429
1567,31,5509,787,2vez_G6P_A_202,0,surfdock,0.60326953,0.86535738,2.4798286,0,0.86239075,2.7268337
1568,31,13965,1995,5vjg_0BP_A_403,0,surfdock,0.58598595,0.86292452,2.3565443,0,0.99877021,2.648073
1569,31,14203,2029,5x2m_GLN_B_951,0,surfdock,0.58382076,0.86261745,2.3565443,0,0.99257231,2.6620756
1570,31,4145,592,2eb5_OXL_A_2001,1,unimol,0.66116645,0.86261281,3.8511117,0,0.839325,26.19
1571,31,7924,1132,4d0z_BBK_A_1581,0,surfdock,0.61971649,0.86259528,2.7302408,0,0.93187622,2.7812797
1572,31,4152,593,2eb5_OXL_B_2002,1,unimol,0.66116645,0.86216669,3.8595228,0,0.96461801,18.51
1573,31,4159,594,2eb5_OXL_C_2003,1,unimol,0.66116645,0.86216669,3.8595228,0,0.96425191,19.11
1574,31,4166,595,2eb5_OXL_D_2004,1,unimol,0.66116645,0.86216669,3.8595228,0,0.95054763,22.87
1575,31,9324,1332,4ma8_Z80_C_301,0,surfdock,0.57912369,0.8619419,2.3565443,0,0,3.0304372
1576,32,12587,1798,5ita_6DC_B_801,1,unimol,0.66149668,0.95533789,2.3540201,0,0.98211419,20.33
1577,32,16423,2346,6ny7_L8J_A_303,1,unimol,0.66149668,0.92319365,2.8227799,0,0,19.08
1578,32,9681,1383,4pbr_2L7_A_401,0,surfdock,0.63858143,0.90543954,2.3540201,0,0.99532386,3.7151166
1579,32,4228,604,2ex1_C5P_A_1427,0,surfdock,0.63745633,0.90149695,2.3540201,0,0,3.65042
1580,32,8722,1246,4i6w_1CO_A_501,0,surfdock,0.63646516,0.89927925,2.3540201,0,0.00035806334,2.5693181
1581,32,8729,1247,4i6w_1CO_B_1001,0,surfdock,0.6352464,0.89699994,2.3540201,0,0.98595935,2.5322443
1582,32,4222,603,2evd_D10_A_304,1,unimol,0.66149668,0.89216133,3.3242342,0,0.95994292,21.91
1583,32,14441,2063,5ybl_AKG_A_302,0,surfdock,0.62459254,0.88486417,2.3540201,0,0.00032760129,2.3866711
1584,32,15134,2162,6e40_BBJ_B_502,0,surfdock,0.62451481,0.88480256,2.3540201,0,0,3.8960328
1585,32,3038,434,1uxi_FUM_A_1311,0,surfdock,0.62429809,0.88461775,2.3540201,0,0,4.379057
1586,32,15127,2161,6e40_BBJ_A_502,0,surfdock,0.61545865,0.88153761,2.3540201,0,0.96757395,4.0744624
1587,32,3627,518,1zk0_SS2_A_1260,1,unimol,0.66149668,0.88044861,3.5274248,0,0.96934391,13.76
1588,32,3367,481,1xny_BTN_B_5602,0,surfdock,0.63370651,0.87695704,2.6171882,0,0.96483152,3.0385476
1589,32,49,7,1aer_TIA_B_700,0,surfdock,0.61293776,0.87451488,2.3540201,0,0,2.8914188
1590,32,4739,677,2jav_5Z5_A_1280,0,surfdock,0.61293776,0.87451488,2.3540201,0,0,3.6223369
1591,32,8855,1265,4iph_1FJ_A_201,0,surfdock,0.61293776,0.87451488,2.3540201,0,0.98293708,3.4917041
1592,32,15141,2163,6e40_BBJ_D_502,0,surfdock,0.61293776,0.87451488,2.3540201,0,0,3.9760494
1593,32,189,27,1bqp_MAN_B_401,0,surfdock,0.63350345,0.87023984,2.7189877,0,0.97770897,2.4420043
1594,32,16002,2286,6l86_LMR_A_302,0,surfdock,0.60961042,0.86681451,2.3540201,0,0,2.4749227
1595,32,16416,2345,6nsu_DYA_A_402,1,unimol,0.66149668,0.86642822,3.7815681,0,0.90184971,20
1596,32,12264,1752,5h9i_XAN_A_301,0,surfdock,0.61293776,0.8658598,2.4869528,0,0,2.2949358
1597,32,9471,1353,4nf4_2JK_A_301,0,surfdock,0.61293776,0.86266073,2.5371022,0,0,3.0677445
1598,32,12474,1782,5icf_SAU_A_402,0,surfdock,0.62325993,0.86258227,2.6857195,0,0,3.7455659
1599,32,14645,2092,5zge_ZZ7_B_302,1,unimol,0.66149668,0.85983238,3.9054511,0,0.90970714,22.01
1600,32,14652,2093,5zgr_ZZ7_A_303,1,unimol,0.66149668,0.85983238,3.9054511,0,0.94264671,20.59
1601,32,14638,2091,5zge_ZZ7_A_301,1,unimol,0.66149668,0.85847481,3.9313028,0,0.93609056,19.41
1602,32,14659,2094,5zgr_ZZ7_B_303,1,unimol,0.66149668,0.85826363,3.9353361,0,0.93892784,23.09
1603,32,11452,1636,5die_5CJ_A_601,0,surfdock,0.6393509,0.85545812,3.1901355,0,0.9934629,3.8432884
1604,33,14967,2138,6c1i_EEY_A_501,1,unimol,0.66310374,0.95553841,2.3546948,0,0.96816012,19.88
1605,33,14974,2139,6c1i_EEY_B_501,1,unimol,0.66310374,0.95553841,2.3546948,0,0.82094813,19.06
1606,33,16150,2307,6md2_GW9_A_501,1,unimol,0.66310374,0.95553841,2.3546948,0,0.97140064,24.82
1607,33,16815,2402,6qol_JB5_A_301,1,unimol,0.66310374,0.95553841,2.3546948,0,0.99184126,18.96
1608,33,16822,2403,6qol_JB5_B_301,1,unimol,0.66310374,0.95553841,2.3546948,0,0.99321922,15.59
1609,33,7855,1122,4cvb_PQQ_A_1608,1,unimol,0.66310374,0.93369599,2.6665487,0,0,21.48
1610,33,5342,763,2r4j_13P_A_1968,1,unimol,0.66310374,0.93316467,2.6744092,0,0.95327715,24.13
1611,33,4656,665,2ij7_TPF_D_2473,1,unimol,0.66310374,0.92358585,2.8184423,0,0.73624655,27.09
1612,33,4635,662,2ij7_TPF_A_2472,1,unimol,0.66310374,0.92270809,2.8318658,0,0.67248848,29.57
1613,33,4649,664,2ij7_TPF_C_2471,1,unimol,0.66310374,0.92050355,2.8657498,0,0.96741354,28.41
1614,33,16451,2350,6o04_DNA_D_603,1,unimol,0.66310374,0.92031933,2.8685915,0,0.99178724,18.31
1615,33,4642,663,2ij7_TPF_B_2470,1,unimol,0.66310374,0.91980471,2.8765411,0,0.96769021,36.53
1616,33,16395,2342,6nni_CP6_B_203,1,unimol,0.66310374,0.91883879,2.8914981,0,0.99058239,22.16
1617,33,11082,1583,5aov_GLV_A_1356,1,unimol,0.66310374,0.91616695,2.9331169,0,0.94675033,18.51
1618,33,16444,2349,6o04_DNA_C_603,1,unimol,0.66310374,0.91298641,2.9831367,0,0.99207757,21.05
1619,33,16437,2348,6o04_DNA_A_601,1,unimol,0.66310374,0.9116074,3.004988,0,0.9909206,26.11
1620,33,266,38,1d6u_HY1_A_2001,0,surfdock,0.64073113,0.91008948,2.3546948,0,0.99426473,2.5733155
1621,33,8393,1199,4g1x_TQU_A_410,0,surfdock,0.64031191,0.90879358,2.3546948,0,0.9971105,2.9202168
1622,33,11256,1608,5cga_KP6_B_301,0,surfdock,0.63945096,0.9069423,2.3546948,0,0.99601473,2.5454739
1623,33,15211,2173,6f66_CUT_A_300,0,surfdock,0.63915048,0.90601666,2.3546948,0,0.99597963,3.1862527
1624,33,6315,902,3r3z_GOA_D_305,1,unimol,0.66310374,0.90457357,3.1179981,0,0.95215468,18.05
1625,33,14539,2077,5ysh_5AD_D_605,0,surfdock,0.6384318,0.90391854,2.3546948,0,0.21274926,2.5045246
1626,33,5607,801,2w1a_TSA_D_1091,0,surfdock,0.64009854,0.90358783,2.4263029,0,0.97137595,2.9986503
1627,33,3773,539,2aiq_BEN_A_401,0,surfdock,0.63764594,0.90182043,2.3546948,0,0.98927238,2.3602387
1628,33,6301,900,3r3z_GOA_A_305,1,unimol,0.66310374,0.90179285,3.1634057,0,0.970365,19.05
1629,33,6308,901,3r3z_GOA_C_305,1,unimol,0.66310374,0.90179285,3.1634057,0,0.96495594,24.58
1630,33,14546,2078,5ysh_5AD_G_605,0,surfdock,0.63748667,0.90132675,2.3546948,0,0.99857816,2.5214732
1631,33,11249,1607,5cga_KP6_A_301,0,surfdock,0.63725971,0.90070966,2.3546948,0,0.99670158,2.6510764
1632,33,14553,2079,5ysh_5AD_J_605,0,surfdock,0.63706304,0.90046282,2.3546948,0,0.21831849,2.4907739
1633,33,1708,244,1lo3_AN1_Y_500,0,surfdock,0.63680171,0.90027769,2.3546948,0,0.99192112,3.6125652
1634,33,8491,1213,4h9g_14J_A_512,0,surfdock,0.636205,0.89929034,2.3546948,0,0.0034863285,2.1677524
1635,33,441,63,1e8g_FCR_B_601,0,surfdock,0.6359291,0.89892009,2.3546948,0,0.99606219,2.5708759
1636,33,13342,1906,5o72_9MH_A_303,0,surfdock,0.6354196,0.89817957,2.3546948,0,0.96568365,2.8047118
1637,33,9667,1381,4p8c_Y22_A_502,0,surfdock,0.63497683,0.89731564,2.3546948,0,0.99552788,4.3281265
1638,33,3661,523,1zoy_UQ1_B_1201,0,surfdock,0.63400305,0.89608146,2.3546948,0,0.99492405,3.2012228
1639,33,12278,1754,5hc0_NPO_A_402,0,surfdock,0.6332471,0.89490898,2.3546948,0,0.9968218,2.1918515
1640,33,16100,2300,6m5m_NAG_A_202,0,surfdock,0.63299536,0.89453872,2.3546948,0,0.00024894146,2.856397
1641,33,17612,2516,6yaw_P9H_B_502,0,surfdock,0.63272581,0.89398334,2.3546948,0,0,4.6649773
1642,33,5741,820,2x6o_2TC_A_1209,1,unimol,0.66310374,0.89377552,3.2967064,0,0,24.5
1643,33,7217,1031,4a7a_RGZ_B_601,0,surfdock,0.63973382,0.89239864,2.5785985,0,0.98458192,3.7679005
1644,33,7210,1030,4a7a_RGZ_A_601,0,surfdock,0.63970125,0.89233795,2.5785985,0,0.99485876,3.6948041
1645,33,10963,1566,5a86_D7E_B_1432,1,unimol,0.66310374,0.89191785,3.3281074,0,0.99396087,26.87
1646,33,3116,445,1vkf_CIT_C_502,1,unimol,0.66310374,0.89189602,3.3284779,0,0.757633,19.31
1647,33,16772,2396,6qhu_FAH_A_401,0,surfdock,0.63079687,0.8917618,2.3546948,0,0.95298176,2.2246767
1648,33,17605,2515,6yaw_P9H_A_301,0,surfdock,0.63055961,0.89151496,2.3546948,0,0,4.5990635
1649,33,10956,1565,5a86_D7E_A_1433,1,unimol,0.66310374,0.89145729,3.3359227,0,0.98934574,22.26
1650,33,14357,2051,5xz7_F6P_A_407,0,surfdock,0.63670914,0.89084073,2.4931743,0,0,2.9544196
1651,33,17374,2482,6uo7_QCP_A_504,0,surfdock,0.62990971,0.89083616,2.3546948,0,0.9840092,3.5969037
1652,33,5349,764,2r4j_13P_B_816,1,unimol,0.66088466,0.89004546,2.6744092,0,0,21.47
1653,33,8387,1198,4g1x_TQU_A_409,1,unimol,0.66310374,0.88829753,3.3898706,0,0.94765954,21.49
1654,34,7077,1011,3zjq_NCA_A_300,0,surfdock,0.65604216,0.90683999,2.3538108,0,0.0025526084,2.3904477
1655,34,7084,1012,3zjq_NCA_B_300,0,surfdock,0.65578617,0.90603528,2.3538108,0,0.62367951,2.3406943
1656,34,4102,586,2e1a_MSE_D_301,0,surfdock,0.65057449,0.89767874,2.3538108,0,0.98007347,2.5671216
1657,34,8974,1282,4jm8_26D_A_302,0,surfdock,0.65791173,0.89756616,2.556854,0,0.99824273,4.6977893
1658,34,5789,827,2xta_TPP_D_2001,0,surfdock,0.65031279,0.89718353,2.3538108,0,0,4.5752978
1659,34,17451,2493,6vmz_R3P_C_404,0,surfdock,0.64857742,0.89464562,2.3538108,0,1.4709773e-07,5.4356133
1660,34,17458,2494,6vmz_R3P_E_403,0,surfdock,0.64587055,0.89229341,2.3538108,0,2.4401517e-07,3.3076102
1661,34,10521,1503,4y6n_3PG_A_402,0,surfdock,0.62392187,0.87684927,2.3538108,0,0.98158737,2.800526
1662,34,16401,2343,6nnn_G1P_A_503,0,surfdock,0.60819158,0.86778087,2.3538108,0,0,3.0251333
1663,34,6161,880,2zyv_NPO_X_1602,1,unimol,0.66700043,0.86685825,3.7798722,0,0.9939377,21.57
1664,34,9570,1367,4o95_245_A_602,1,unimol,0.66700043,0.86667335,3.7832916,0,0.98405158,19.81
1665,34,483,69,1euu_GAL_A_2,0,surfdock,0.59415015,0.86635716,2.3538108,0,0.052775123,2.2240067
1666,34,4697,671,2iyq_SKM_A_201,0,surfdock,0.64926643,0.86626654,2.8118548,0,0.94684248,2.6745464
1667,34,9520,1360,4npm_SIN_A_301,0,surfdock,0.596094,0.86604591,2.3604295,0,0.99523311,2.5402076
1668,34,8449,1207,4gps_CIT_A_501,0,surfdock,0.59822977,0.86443433,2.3907075,0,0,2.7627419
1669,34,7462,1066,4bq5_GAL_C_1,0,surfdock,0.58009313,0.86425255,2.3538108,0,0,3.550776
1670,34,3654,522,1zng_HE4_A_202,0,surfdock,0.65064533,0.86309778,2.8941028,0,0.98427394,2.73754
1671,34,3115,445,1vkf_CIT_C_502,0,surfdock,0.59688117,0.85979852,2.4584947,0,0.92989323,2.7789916
1672,34,8386,1198,4g1x_TQU_A_409,0,surfdock,0.64546377,0.85307927,2.9682207,0,0,2.8322102
1673,34,1526,218,1kep_TDX_A_3500,0,surfdock,0.62392187,0.8519521,2.7443736,0,0.14504393,2.2374464
1674,34,11291,1613,5ci9_549_A_401,0,surfdock,0.59157994,0.8515025,2.5768404,0,0,2.5298094
1675,34,8330,1190,4evq_PHB_A_406,0,surfdock,0.65697916,0.84578303,3.3783526,0,0.99542033,2.539842
1676,34,12929,1847,5kf2_COA_A_401,0,surfdock,0.64317253,0.84568478,3.0611696,0,0.91137968,3.6807374
1677,34,2975,425,1u2o_NEC_A_1001,0,surfdock,0.65482565,0.84171206,3.3582659,0,0.98248375,3.6465631
1678,34,2842,406,1tke_SER_A_500,0,surfdock,0.62392187,0.83735604,2.9897132,0,0.69310183,2.2330215
1679,34,13797,1971,5uim_TYD_B_403,0,surfdock,0.62392187,0.83608758,3.0116427,0,0,3.7773213
1680,34,2982,426,1u2o_NEC_B_1002,0,surfdock,0.65475096,0.83516524,3.4756224,0,0,3.6166458
1681,34,16429,2347,6nyo_U94_A_301,0,surfdock,0.65510615,0.83328124,3.5253766,0,0,4.334854
1682,34,6370,910,3rop_NCA_B_302,0,surfdock,0.62328256,0.83237308,2.9597888,0,0.0029048687,2.2169937
1683,34,5425,775,2rtn_IMI_D_300,0,surfdock,0.65203076,0.82939899,3.5179822,0,0.99444179,3.2204497
1684,34,5327,761,2r0g_7CK_B_1357,0,surfdock,0.65473363,0.8273167,3.621485,0,0.99379043,4.2281767
1685,34,5418,774,2rtn_IMI_B_300,0,surfdock,0.65381657,0.82634331,3.6130536,0,0.9909278,3.2274384
1686,34,5320,760,2r0g_7CK_A_1355,0,surfdock,0.65620706,0.82566004,3.7190855,0,0.99235832,4.1944352
1687,34,10563,1509,4yu7_DHC_A_204,0,surfdock,0.62736176,0.82417376,3.3425248,0,0.57327386,2.4916905
1688,34,10472,1496,4xv4_25T_A_302,0,surfdock,0.6581395,0.82317099,3.8460324,0,0.99781225,2.100988
1689,34,10479,1497,4xv4_25T_A_303,0,surfdock,0.65821856,0.82309629,3.8485973,0,0.77106562,1.9323441
1690,34,889,127,1h48_CDI_A_201,0,surfdock,0.57762183,0.82067471,2.3538108,0,0,3.1579558
1691,34,896,128,1h48_CDI_B_902,0,surfdock,0.57762183,0.82067471,2.3538108,0,0.90556716,3.0130402
1692,34,903,129,1h48_CDI_C_902,0,surfdock,0.57762183,0.82067471,2.3538108,0,0.89463906,3.0871488
1693,34,910,130,1h48_CDI_F_902,0,surfdock,0.57762183,0.82067471,2.3538108,0,0,2.9350578
1694,34,917,131,1h48_GPP_C_904,0,surfdock,0.57762183,0.82067471,2.3538108,0,0.96648463,3.7375205
1695,34,924,132,1h48_GPP_E_904,0,surfdock,0.57762183,0.82067471,2.3538108,0,0,3.1058468
1696,34,1414,202,1jw0_GUA_B_999,0,surfdock,0.57762183,0.82067471,2.3538108,0,0,2.5519531
1697,34,2583,369,1rqh_PYR_A_602,0,surfdock,0.57762183,0.82067471,2.3538108,0,0.47410252,2.0865225
1698,34,3108,444,1vkf_CIT_A_501,0,surfdock,0.57762183,0.82067471,2.3538108,0,0,2.8560114
1699,34,3521,503,1zb6_GST_A_502,0,surfdock,0.57762183,0.82067471,2.3538108,0,0,3.6994587
1700,34,4683,669,2ixi_TYD_A_1182,0,surfdock,0.57762183,0.82067471,2.3538108,0,0,3.4345686
1701,34,4690,670,2ixi_TYD_B_1182,0,surfdock,0.57762183,0.82067471,2.3538108,0,0.97950715,3.6727482
1702,34,4732,676,2j5z_GAL_A_1278,0,surfdock,0.57762183,0.82067471,2.3538108,0,0.9763693,2.3354641
1703,34,4956,708,2ot7_OGA_B_500,0,surfdock,0.57762183,0.82067471,2.3538108,0,0,2.6939666
1704,35,14834,2119,6ayv_MLI_A_409,1,unimol,0.66800092,0.91914952,2.8685472,0,0.96546027,23.28
1705,35,3731,533,2a9z_26A_A_1002,0,surfdock,0.66100577,0.90717169,2.3389144,0,0.9726906,5.0583303
1706,35,9905,1415,4rg3_ECE_A_603,0,surfdock,0.66067521,0.90648867,2.3389144,0,0.39722291,2.1968552
1707,35,17423,2489,6vei_9UO_B_502,0,surfdock,0.65719677,0.90133499,2.3389144,0,0,4.7807088
1708,35,1743,249,1lro_PEP_B_2268,0,surfdock,0.65595584,0.90009314,2.3389144,0,0.0035607623,2.4424603
1709,35,11081,1583,5aov_GLV_A_1356,0,surfdock,0.64774366,0.89270413,2.3389144,0,0.25342018,2.0008279
1710,35,2198,314,1o6g_SIN_A_724,0,surfdock,0.6387482,0.88810928,2.3389144,0,0.96743382,3.4503638
1711,35,12125,1732,5goo_FRU_A_501,1,unimol,0.66800092,0.8874382,3.3845863,0,0.97909459,24.71
1712,35,15771,2253,6jmd_ORO_A_402,0,surfdock,0.6224349,0.88107807,2.3901205,0,0.013339302,2.5116999
1713,35,17193,2456,6t10_M6Z_B_601,1,unimol,0.66800092,0.8795159,3.5222976,0,0,24.16
1714,35,12132,1733,5goo_FRU_B_501,1,unimol,0.66800092,0.87944063,3.5236247,0,0,18.95
1715,35,413,59,1e48_13P_P_302,0,surfdock,0.62183601,0.87792611,2.3389144,0,0.85673679,2.3157916
1716,35,2471,353,1q6r_LX1_A_7301,0,surfdock,0.62183601,0.87792611,2.3389144,0,0.99215021,3.063702
1717,35,2478,354,1q6r_LX1_B_9301,0,surfdock,0.62183601,0.87792611,2.3389144,0,0.98713275,3.0653824
1718,35,5439,777,2uyv_TLA_B_1275,0,surfdock,0.62183601,0.87792611,2.3389144,0,0,2.4796114
1719,35,5943,849,2z1z_MLT_A_433,0,surfdock,0.62183601,0.87792611,2.3389144,0,0.97083013,2.4610223
1720,35,7364,1052,4aw0_MJF_A_600,0,surfdock,0.62183601,0.87792611,2.3389144,0,0,3.6839195
1721,35,14588,2084,5z9b_AX7_A_304,0,surfdock,0.62183601,0.87792611,2.3389144,0,0.99593375,2.314979
1722,35,17073,2439,6sj8_44V_A_901,0,surfdock,0.62183601,0.87792611,2.3389144,0,0,2.3987671
1723,35,17080,2440,6sj8_44V_B_901,0,surfdock,0.62183601,0.87792611,2.3389144,0,0.99360757,2.4858739
1724,35,12376,1768,5i0m_UMP_A_201,0,surfdock,0.62183601,0.87764875,2.3430638,0,0.98195797,3.4189059
1725,35,12383,1769,5i0m_UMP_B_201,0,surfdock,0.62183601,0.87764875,2.3430638,0,0,3.4771147
1726,35,10738,1534,4zo7_BGC_A_801,0,surfdock,0.62183601,0.87738505,2.3470132,0,0,2.3312382
1727,35,1113,159,1hq2_PH2_A_181,0,surfdock,0.65284487,0.87652467,2.6442416,0,0.99671125,2.8457991
1728,35,4438,634,2g5v_22M_A_301,0,surfdock,0.659614,0.87571558,2.7756405,0,0,3.1986023
1729,35,6601,943,3vbn_TYD_E_301,0,surfdock,0.62183601,0.87476995,2.3863673,0,0.5859874,3.7462994
1730,35,10745,1535,4zo7_BGC_A_802,0,surfdock,0.62183601,0.87406956,2.3969684,0,0.9834413,2.4563068
1731,35,7945,1135,4d2c_ALA_A_508,0,surfdock,0.65598448,0.87391469,2.7390356,0,0.99307788,5.2703729
1732,35,12285,1755,5hc0_NPO_A_407,0,surfdock,0.64761741,0.87338868,2.6286535,0,0.0024416399,5.0780509
1733,35,8365,1195,4fxr_BMP_A_301,0,surfdock,0.64958468,0.87163791,2.6792157,0,0.9869602,3.9055576
1734,35,3626,518,1zk0_SS2_A_1260,0,surfdock,0.654764,0.87092774,2.7627237,0,0.78316205,2.141506
1735,35,6587,941,3vbn_TYD_A_301,0,surfdock,0.62183601,0.8708817,2.445538,0,0.86824118,3.8202578
1736,35,8372,1196,4fxr_BMP_B_301,0,surfdock,0.65239124,0.86991214,2.7413502,0,0.99338946,3.873482
1737,35,2023,289,1njr_XYL_A_285,0,surfdock,0.61179283,0.86985408,2.3389144,0,0.9371685,2.4862078
1738,35,17143,2449,6szt_M4Q_B_601,0,surfdock,0.66028762,0.86953872,2.8930197,0,0.037841621,3.2586268
1739,35,13986,1998,5vl0_BNF_C_404,0,surfdock,0.65986177,0.86931811,2.8858931,0,0.99308429,2.6353773
1740,35,9898,1414,4rcv_DE2_A_403,0,surfdock,0.60427124,0.86917106,2.3389144,0,0,2.679409
1741,35,9359,1337,4mog_G3F_A_802,0,surfdock,0.64240574,0.86802584,2.6692619,0,0.94564143,2.6083894
1742,35,4746,678,2jfv_FLC_A_1271,0,surfdock,0.58854873,0.86792921,2.3389144,0,0.89292768,2.99709
1743,35,1645,235,1l4f_150_A_990,0,surfdock,0.6595272,0.86758895,2.9044719,0,0.99368633,2.1151453
1744,35,15785,2255,6jme_ORO_A_402,0,surfdock,0.618215,0.86740884,2.3901205,0,0,2.6695735
1745,35,17122,2446,6syz_M1E_B_601,0,surfdock,0.66120132,0.86706648,2.9631557,0,0,2.5529194
1746,35,6384,912,3ryd_SRT_A_271,0,surfdock,0.58209826,0.86699783,2.3389144,0,0,2.3552885
1747,35,6594,942,3vbn_TYD_C_301,0,surfdock,0.62183601,0.86640596,2.5146394,0,0.94415024,4.0591834
1748,35,4242,606,2f64_12Q_A_472,0,surfdock,0.62183601,0.86510384,2.5349426,0,0,2.4722166
1749,35,13993,1999,5vl0_BNF_D_404,0,surfdock,0.66062365,0.86418564,2.9953241,0,0,2.7367667
1750,35,1722,246,1lqp_FCN_A_4004,0,surfdock,0.62183601,0.86309639,2.5664275,0,0,2.0970711
1751,35,14854,2122,6b6r_BEN_A_302,0,surfdock,0.65847849,0.86271832,2.9584913,0,0.99817632,2.4207113
1752,35,15933,2276,6krs_CIT_I_301,1,unimol,0.66800092,0.86243605,3.8322077,0,0.93918274,24.34
1753,35,15940,2277,6krs_CIT_J_301,1,unimol,0.66800092,0.86243605,3.8322077,0,0.8965839,27.83
1754,36,12573,1796,5ip6_6C9_A_301,1,unimol,0.66761437,0.95108891,2.3779993,0,0,20.99
1755,36,10417,1488,4xp0_42A_A_404,1,unimol,0.66761437,0.91647654,2.8850734,0,0.98992031,21.89
1756,36,3963,566,2c3d_COM_B_1526,1,unimol,0.66761437,0.91541644,2.9015179,0,0.9832389,17.45
1757,36,3942,563,2c3d_COM_A_1525,1,unimol,0.66761437,0.91414804,2.9212692,0,0.96119892,20.66
1758,36,3956,565,2c3d_COM_B_1525,1,unimol,0.66761437,0.91218812,2.9519496,0,0.94499902,20.42
1759,36,3949,564,2c3d_COM_A_1526,1,unimol,0.66761437,0.91209231,2.9534547,0,0.97824818,16.48
1760,36,10108,1444,4ug6_H4B_A_902,0,surfdock,0.66161291,0.90495173,2.3173499,0,0.4849042,6.3408618
1761,36,4389,627,2fyd_BGC_D_530,0,surfdock,0.66096112,0.90401744,2.3173499,0,0,2.7541018
1762,36,17003,2429,6s23_KSW_B_402,0,surfdock,0.65971148,0.90277172,2.3173499,0,0.21864376,2.025134
1763,36,16744,2392,6qaw_HVE_A_402,0,surfdock,0.65956899,0.90252258,2.3173499,0,0,2.9467002
1764,36,10431,1490,4xp3_DX4_A_401,1,unimol,0.66761437,0.90018841,3.1441841,0,0,15.7
1765,36,14833,2119,6ayv_MLI_A_409,0,surfdock,0.65520188,0.89822485,2.3173499,0,0,2.2242317
1766,36,2030,290,1nme_159_B_9002,0,surfdock,0.65485552,0.89667881,2.3326154,0,0.97329797,2.8796639
1767,36,91,13,1ajs_PLA_A_415,0,surfdock,0.65361215,0.89654313,2.3173499,0,0.9487998,4.4036433
1768,36,7567,1081,4c2p_X8Z_A_709,0,surfdock,0.64901181,0.89349112,2.3173499,0,0.98923888,2.8254865
1769,36,17269,2467,6tgl_LVP_B_201,0,surfdock,0.66205701,0.89230136,2.5148618,0,0.98485135,2.6712253
1770,36,4376,625,2fu9_MP2_A_1410,1,unimol,0.66761437,0.89131918,3.2912872,0,0.98259031,26.89
1771,36,4383,626,2fu9_MP2_B_2410,1,unimol,0.66761437,0.89118995,3.2934635,0,0.99086491,23.78
1772,36,12208,1744,5h24_LQG_A_501,0,surfdock,0.663554,0.89061316,2.5813012,0,0.99173182,6.3582158
1773,36,12215,1745,5h24_LQG_B_501,0,surfdock,0.66496914,0.89019506,2.6306353,0,0.93618506,3.4331341
1774,36,13944,1992,5v7y_AKG_B_302,0,surfdock,0.63184859,0.88688882,2.3173499,0,0,2.7878618
1775,36,5286,755,2qvr_FDP_A_333,1,unimol,0.66761437,0.88630595,3.3763957,0,0,21.82
1776,36,13587,1941,5tde_2HP_A_502,0,surfdock,0.6580752,0.88409941,2.5725515,0,0.99540916,1.8952525
1777,36,4249,607,2f64_12Q_B_471,0,surfdock,0.62096395,0.87938337,2.3173499,0,0.0054556519,2.5532196
1778,36,11704,1672,5eso_ISC_B_602,0,surfdock,0.62096395,0.87938337,2.3173499,0,0,3.1666127
1779,36,16758,2394,6qde_HWW_A_502,0,surfdock,0.64208582,0.87752358,2.5043485,0,0,4.3564466
1780,36,3977,568,2c5b_5F1_B_500,1,unimol,0.66761437,0.87677853,3.5421839,0,0,16.53
1781,36,3984,569,2c5b_5F1_C_500,1,unimol,0.66761437,0.87677853,3.5421839,0,0,15.94
1782,37,7820,1117,4cno_9PY_B_301,1,unimol,0.66689698,0.95554377,2.3157916,0,0.94810296,20.75
1783,37,7827,1118,4cno_9PY_C_301,1,unimol,0.66689698,0.95554377,2.3157916,0,0.92928702,22.19
1784,37,7834,1119,4cno_9PY_D_301,1,unimol,0.66689698,0.95554377,2.3157916,0,0.97488296,24.93
1785,37,12433,1776,5i93_69O_A_202,1,unimol,0.66689698,0.95554377,2.3157916,0,0.98940062,16.35
1786,37,15163,2166,6e43_BEZ_D_502,1,unimol,0.66689698,0.9102663,2.980907,0,0.97326257,23.33
1787,37,14960,2137,6c17_DNX_A_202,1,unimol,0.66689698,0.90982687,2.9878521,0,0.91605381,18.3
1788,37,15149,2164,6e43_BEZ_A_502,1,unimol,0.66689698,0.90881162,3.0039372,0,0.96889248,17.64
1789,37,15156,2165,6e43_BEZ_B_502,1,unimol,0.66689698,0.90881162,3.0039372,0,0.98789407,18.52
1790,37,2584,369,1rqh_PYR_A_602,1,unimol,0.67894802,0.90590228,3.7195945,0,0.94853187,14.85
1791,37,9569,1367,4o95_245_A_602,0,surfdock,0.66235066,0.90509765,2.3157916,0,0.93665459,3.1366686
1792,37,742,106,1gz5_G6P_A_901,0,surfdock,0.66056228,0.90316341,2.3157916,0,0.70041485,3.2760552
1793,37,756,108,1gz5_G6P_D_901,0,surfdock,0.65944812,0.90228989,2.3157916,0,0.82702458,3.2690028
1794,37,749,107,1gz5_G6P_B_901,0,surfdock,0.65834806,0.90135397,2.3157916,0,0,3.1341666
1795,37,14988,2141,6c1x_DNX_A_203,1,unimol,0.66689698,0.90050751,3.1375582,0,0.9296904,22.24
1796,37,16450,2350,6o04_DNA_D_603,0,surfdock,0.66497458,0.89961674,2.4648974,0,0.00058579621,2.9471353
1797,37,16443,2349,6o04_DNA_C_603,0,surfdock,0.66507306,0.89836432,2.4871855,0,0,3.0924877
1798,37,16436,2348,6o04_DNA_A_601,0,surfdock,0.66468062,0.89740582,2.49138,0,6.0293111e-05,3.0388671
1799,37,16912,2416,6rbr_JXN_A_302,0,surfdock,0.65160661,0.89561365,2.3157916,0,0.98075432,2.6492096
1800,37,13041,1863,5lqs_NTM_A_302,0,surfdock,0.64826088,0.89336744,2.3157916,0,0.04883897,2.7290053
1801,37,7840,1120,4cpp_ADM_A_422,0,surfdock,0.64574151,0.89224434,2.3157916,0,0.99500518,2.4479121
1802,37,448,64,1e8m_P0H_A_724,0,surfdock,0.6381886,0.88937418,2.3157916,0,0.97430306,3.7572501
1803,37,28,4,1a9r_HPA_A_290,0,surfdock,0.62043271,0.88644163,2.3157916,0,0,2.2273995
1804,37,259,37,1d3g_ORO_A_399,0,surfdock,0.62043271,0.88026455,2.3157916,0,0.20925065,2.5082207
1805,37,3976,568,2c5b_5F1_B_500,0,surfdock,0.62043271,0.88026455,2.3157916,0,0,3.2738374
1806,37,3983,569,2c5b_5F1_C_500,0,surfdock,0.62043271,0.88026455,2.3157916,0,0,3.4608595
1807,37,13734,1962,5u5z_7VP_A_302,0,surfdock,0.62043271,0.88026455,2.3157916,0,0.00020115681,3.6104058
1808,37,16422,2346,6ny7_L8J_A_303,0,surfdock,0.62043271,0.88026455,2.3157916,0,0.012106808,2.9559962
1809,37,3738,534,2agw_TSS_D_3001,0,surfdock,0.62043271,0.87655254,2.3711605,0,0,2.7655606
1810,37,3745,535,2agw_TSS_H_2001,0,surfdock,0.62043271,0.87642634,2.3730555,0,0,2.8338785
1811,37,6209,887,3qhd_795_A_167,0,surfdock,0.62042774,0.87396269,2.3157916,0,0.82748813,2.5951686
1812,37,16975,2425,6rlt_MLI_B_511,0,surfdock,0.58548758,0.87059337,2.3157916,0,0.96251104,2.0659524
1813,37,16968,2424,6rlt_MLI_A_508,0,surfdock,0.57059594,0.86965745,2.3157916,0,0.99526779,2.0491514
1814,37,16765,2395,6qde_HWW_A_503,0,surfdock,0.62440268,0.86894335,2.5840397,0,0,3.8018302
1815,37,5908,844,2ye5_2A7_A_1224,0,surfdock,0.62681947,0.86823601,2.6018145,0,0.99016123,2.422752
1816,37,15120,2160,6e2w_DP6_A_403,0,surfdock,0.65162589,0.86560127,2.7769802,0,0.98644199,3.5862724
1817,37,12419,1774,5i8s_LEA_A_202,1,unimol,0.66689698,0.86476255,3.7573445,0,0.98192232,21.32
1818,37,7960,1137,4d4u_FUC_B_950,1,unimol,0.66689698,0.86423846,3.7670078,0,0.99048334,19.73
1819,37,567,81,1fsa_F6P_A_338,0,surfdock,0.63740928,0.8639247,2.7028835,0,0.98133986,3.1487366
1820,37,5565,795,2vss_V55_D_1250,0,surfdock,0.6591836,0.86329407,2.9135261,0,0.002850117,2.6354159
1821,37,17017,2431,6s39_K5Z_A_301,0,surfdock,0.65887313,0.86257148,2.921515,0,1.0010585e-05,2.9312891
1822,37,5572,796,2vsu_V55_D_1251,0,surfdock,0.66171967,0.85923551,3.0158112,0,0.0038107567,2.7008038
1823,37,16058,2294,6lj7_EFR_A_301,0,surfdock,0.64449054,0.85775341,2.8440647,0,0.95921318,2.9586467
1824,37,17493,2499,6wdv_TWM_A_701,0,surfdock,0.62320557,0.85542442,2.7994208,0,0.9648928,3.7267135
1825,37,721,103,1gkc_NFH_A_1448,0,surfdock,0.65818699,0.85309151,3.0697517,0,0.99085417,3.5488832
1826,37,1925,275,1moo_4MZ_A_264,0,surfdock,0.62043271,0.85293637,2.740519,0,0.055030513,1.8718611
1827,37,11774,1682,5f79_4V7_A_4000,0,surfdock,0.62043271,0.85104493,2.7714388,0,0.96011011,4.4131304
1828,37,17500,2500,6wdw_TWV_A_701,0,surfdock,0.63841246,0.85025663,2.9338615,0,0,3.930541
1829,37,323,46,1diw_GAL_A_1400,1,unimol,0.66689698,0.84941616,4.0477562,0,0.97379023,17.63
1830,37,7,1,1a49_OXL_A_533,0,surfdock,0.64666584,0.84839002,3.0136991,0,0.98958419,2.1645708
1831,37,3829,547,2bdg_PBZ_A_301,0,surfdock,0.66647808,0.84831382,3.3406999,0,0.99473734,2.3940752
1832,38,14896,2128,6bkk_308_B_101,0,surfdock,0.67286353,0.99662014,2.3117704,0,0.99665064,2.602945
1833,38,12432,1776,5i93_69O_A_202,0,surfdock,0.67117118,0.99399136,2.3117704,0,0.67255295,2.5826563
1834,38,6706,958,3vq4_0NX_A_305,0,surfdock,0.67085998,0.99349064,2.3117704,0,0.99491314,2.6939806
1835,38,3836,548,2bdg_PBZ_B_302,0,surfdock,0.67358613,0.99162004,2.3906221,0,0.99058278,2.4899735
1836,38,4382,626,2fu9_MP2_B_2410,0,surfdock,0.67173529,0.94669478,2.9913471,0,0.93812531,3.4614226
1837,38,7658,1094,4cjv_IV2_A_1212,0,surfdock,0.67411805,0.94279095,3.0973706,0,0.99438721,2.6106814
1838,38,3011,430,1uk7_BUA_A_1300,1,unimol,0.67047004,0.91638127,2.8037977,0,0.97235082,16.91
1839,38,6699,957,3vq4_0NX_A_304,0,surfdock,0.66865292,0.90567691,2.3117704,0,0,2.7978799
1840,38,12418,1774,5i8s_LEA_A_202,0,surfdock,0.66829023,0.90505101,2.3117704,0,0.99427968,2.5230618
1841,38,3346,478,1xin_XYL_D_397,0,surfdock,0.66799449,0.90486324,2.3117704,0,0.98686733,2.4667065
1842,38,3332,476,1xin_XYL_B_397,0,surfdock,0.66696349,0.90398698,2.3117704,0,0.98988845,2.6014409
1843,38,6713,959,3vq4_0NX_B_303,0,surfdock,0.66681832,0.90361144,2.3117704,0,0.99589108,2.6782514
1844,38,3339,477,1xin_XYL_C_397,0,surfdock,0.66630608,0.90329849,2.3117704,0,0.98328384,2.6117917
1845,38,322,46,1diw_GAL_A_1400,0,surfdock,0.66515742,0.90248482,2.3117704,0,0,2.5777497
1846,38,4221,603,2evd_D10_A_304,0,surfdock,0.65982286,0.89797834,2.3117704,0,0.97933701,2.733718
1847,38,13832,1976,5uio_LG3_C_201,0,surfdock,0.67275873,0.89544858,3.8612304,0,0.9928667,2.1326034
1848,38,14035,2005,5vv5_9OJ_A_803,0,surfdock,0.65497525,0.89534956,2.3117704,0,0.06298845,3.3779899
1849,38,7372,1053,4b1f_DGL_A_1257,1,unimol,0.67047004,0.8944297,3.1509416,0,0.98003017,16.7
1850,38,7379,1054,4b1f_DGL_B_1256,1,unimol,0.67047004,0.8944297,3.1509416,0,0.97911739,22.33
1851,38,13839,1977,5uio_LG3_E_201,0,surfdock,0.67338292,0.89379877,3.9041438,0,0.99610047,2.1445626
1852,38,2072,296,1nrg_PLP_A_320,0,surfdock,0.65092126,0.8932841,2.3117704,0,8.6710282e-06,2.5586593
1853,38,12258,1751,5h8q_GLY_B_301,1,unimol,0.67047004,0.89246567,3.1832554,0,0,18.62
1854,38,6791,970,3w8x_FTK_B_601,1,unimol,0.67047004,0.89199839,3.1909757,0,0,18.16
1855,38,13020,1860,5la1_XYP_A_602,0,surfdock,0.66145967,0.8906606,2.4382691,0,0.088004989,2.095253
1856,38,16415,2345,6nsu_DYA_A_402,0,surfdock,0.63744296,0.88940352,2.3117704,0,0,2.5503455
1857,38,658,94,1g79_PLP_A_260,0,surfdock,0.63709729,0.88934093,2.3117704,0,8.7059167e-05,2.799278
1858,38,6902,986,3wqs_KBK_B_503,0,surfdock,0.63473063,0.8889028,2.3117704,0,0.99157589,3.6004611
1859,38,3725,532,2a5t_GLY_A_1001,1,unimol,0.67047004,0.88735809,3.2682974,0,0,16.64
1860,38,9969,1424,4rql_SNE_A_505,1,unimol,0.67047004,0.88412383,3.3229105,0,0.89078395,27.53
1861,38,1344,192,1j54_TMP_A_2000,0,surfdock,0.6224052,0.88179884,2.3117704,0,0.98734221,3.4149292
1862,38,3451,493,1yik_MM1_A_500,0,surfdock,0.6224052,0.88179884,2.3117704,0,0.89632288,2.2840993
1863,38,11319,1617,5cmb_GLY_A_301,0,surfdock,0.6224052,0.88179884,2.3117704,0,0,2.1297035
1864,38,13174,1882,5mzj_TEP_A_2401,0,surfdock,0.6224052,0.88179884,2.3117704,0,0.99759144,2.6419047
1865,38,13769,1967,5uap_82S_A_505,0,surfdock,0.65819127,0.88078132,2.5565677,0,0.042905437,2.3985072
1866,38,9129,1304,4kqx_HIO_B_401,1,unimol,0.67047004,0.88008849,3.3918974,0,0.92153853,23.55
1867,38,1785,255,1lzz_IHG_A_830,0,surfdock,0.64797835,0.87946818,2.5024097,0,0.9916934,2.3244343
1868,38,1792,256,1lzz_IHG_B_1830,0,surfdock,0.65016855,0.87919435,2.5178406,0,0.87990769,2.3465166
1869,38,9122,1303,4kqx_HIO_A_402,1,unimol,0.67047004,0.8783257,3.4223335,0,0.95520729,26.37
1870,38,9107,1301,4kqk_PCR_A_403,0,surfdock,0.6746608,0.87526245,4.2693644,0,0.99598812,2.1222956
1871,38,9114,1302,4kqk_PCR_B_703,0,surfdock,0.67436223,0.87486521,4.2749195,0,0.99704905,2.2732172
1872,38,14987,2141,6c1x_DNX_A_203,0,surfdock,0.64816834,0.87438031,2.5842316,0,0,2.8562423
1873,38,14658,2094,5zgr_ZZ7_B_303,0,surfdock,0.65172698,0.87234888,2.6310503,0,0.99201471,3.7600689
1874,38,12055,1722,5g44_SWX_A_1511,1,unimol,0.67047004,0.87229858,3.5277917,0,0.95621643,25.99
1875,38,1197,171,1isx_XYP_B_961,0,surfdock,0.66449999,0.87118698,2.7780955,0,0.94605276,1.989432
1876,38,6986,998,3wur_O4B_B_202,0,surfdock,0.55706134,0.87115854,2.3117704,0,0.63647398,2.9475527
1877,38,8505,1215,4h9x_HL4_B_404,0,surfdock,0.55647371,0.87087689,2.3117704,0,0.54444563,2.9399289
1878,38,14651,2093,5zgr_ZZ7_A_303,0,surfdock,0.65315965,0.87046828,2.6701145,0,0.53211402,3.9350395
1879,38,1190,170,1isx_XYP_A_1461,0,surfdock,0.6617943,0.86907098,2.7780955,0,0.032025759,2.0609899
1880,38,14637,2091,5zge_ZZ7_A_301,0,surfdock,0.65063395,0.86692373,2.7117658,0,0.37748873,3.6955719
1881,38,14644,2092,5zge_ZZ7_B_302,0,surfdock,0.64046996,0.86650772,2.6701145,0,0,3.7142036
1882,39,12803,1829,5jg5_EVF_B_301,0,surfdock,0.69481751,0.99849312,2.2840993,0,0.992079,2.750246
1883,39,17696,2528,7bp1_CAQ_A_401,0,surfdock,0.6858648,0.99817919,2.2840993,0,0.99365204,2.1987162
1884,39,17710,2530,7bp1_CAQ_D_401,0,surfdock,0.68564399,0.99792805,2.2840993,0,0.98569628,2.2339641
1885,39,17703,2529,7bp1_CAQ_C_401,0,surfdock,0.68549034,0.9976769,2.2840993,0,0.99441545,2.3096333
1886,39,1379,197,1jhv_PCR_A_990,0,surfdock,0.68526677,0.99748854,2.2840993,0,0.99831,1.9348193
1887,39,13265,1895,5nov_93B_A_201,0,surfdock,0.68431228,0.99642117,2.2840993,0,0.99570964,2.0028032
1888,39,11312,1616,5clo_NS8_M_101,0,surfdock,0.68253643,0.99384693,2.2840993,0,0,4.9052157
1889,39,6517,931,3ucl_CYH_A_543,0,surfdock,0.68245482,0.99378414,2.2840993,0,0.12866598,1.9711993
1890,39,1687,241,1ldo_SNR_B_350,0,surfdock,0.67653685,0.98869844,2.2840993,0,0.98395114,3.1708224
1891,39,17318,2474,6tor_PMP_A_504,0,surfdock,0.6805471,0.9851207,2.3677981,0,0.98598829,3.3116397
1892,39,378,54,1dy3_87Y_A_201,0,surfdock,0.67820426,0.98311049,2.3688171,0,0,3.7817185
1893,39,1939,277,1mrj_ADN_A_300,0,surfdock,0.68209125,0.98261617,2.4230556,0,0.99255623,2.3574394
1894,39,4641,663,2ij7_TPF_B_2470,0,surfdock,0.67414519,0.97019241,2.5089512,0,2.9298203e-05,3.5893013
1895,39,4648,664,2ij7_TPF_C_2471,0,surfdock,0.67403257,0.9692894,2.5205977,0,8.3067248e-05,5.5540348
1896,39,5250,750,2qs2_UBF_A_603,0,surfdock,0.68269041,0.95847956,2.7747722,0,0,3.7279463
1897,39,9457,1351,4n9v_AZA_A_401,0,surfdock,0.67730184,0.94756175,2.8662496,0,0.017437472,2.16655
1898,39,6069,867,2zka_AZA_A_302,0,surfdock,0.6758009,0.94708437,2.8572247,0,0.1524748,2.1536613
1899,39,6727,961,3vq5_MMJ_B_307,0,surfdock,0.68596145,0.94297928,3.0660453,0,0.9934769,3.0018508
1900,39,9577,1368,4ocj_NDG_A_401,1,unimol,0.67122131,0.93819992,2.3404274,0,0,17.64
1901,39,8071,1153,4do1_ANN_B_502,0,surfdock,0.68145104,0.93091474,3.1695287,0,0.99638973,2.6886339
1902,39,3535,505,1zdq_MSM_C_1509,0,surfdock,0.68530532,0.93035502,3.2541797,0,0.99417647,1.8576223
1903,39,8064,1152,4do1_ANN_A_502,0,surfdock,0.68002329,0.92938353,3.1695287,0,0.99576008,2.5992281
1904,39,15870,2267,6jz6_CKX_B_701,1,unimol,0.67122131,0.92891953,2.4717116,0,0.96911284,18.98
1905,39,8078,1154,4do1_ANN_D_502,0,surfdock,0.67889954,0.92891239,3.1695287,0,0.99500566,2.5249288
1906,39,3528,504,1zdq_MSM_B_1508,0,surfdock,0.68242014,0.92666592,3.2541797,0,0.95106816,1.9850852
1907,39,7833,1119,4cno_9PY_D_301,0,surfdock,0.67707312,0.92568016,3.2003849,0,0.99007119,2.9303323
1908,39,3402,486,1y2x_NAG_D_3144,0,surfdock,0.67195334,0.92381185,3.1747959,0,0.96231023,2.8085134
1909,39,3395,485,1y2x_NAG_B_1144,0,surfdock,0.67186091,0.92369411,3.1747959,0,0,2.9002376
1910,39,4760,680,2ji6_TPW_B_1566,0,surfdock,0.68090297,0.92226224,3.2979636,0,0,4.8316653
1911,39,6720,960,3vq5_MMJ_A_1007,0,surfdock,0.68344067,0.92117842,3.3651586,0,0.99438716,2.9761187
1912,39,8673,1239,4i4v_NGA_D_201,0,surfdock,0.67994616,0.91966311,3.3232198,0,0.98665319,2.5786067
1913,39,8680,1240,4i4v_NGA_D_202,0,surfdock,0.67680709,0.91519918,3.369833,0,0,2.6642417
1914,39,4312,616,2fhk_MFN_C_601,0,surfdock,0.6764931,0.90834578,3.4805512,0,0.80400458,5.2324632
1915,39,16800,2400,6qo4_97T_A_301,0,surfdock,0.68428096,0.90828822,3.6009772,0,0.33094554,2.729493
1916,39,4067,581,2d0e_NQ_A_410,0,surfdock,0.6824307,0.90593852,3.6010277,0,0.99111416,2.4412293
1917,39,3144,449,1vzu_UDP_B_2371,1,unimol,0.67122131,0.90368322,2.8493946,0,0.95794339,19.33
1918,39,9121,1303,4kqx_HIO_A_402,0,surfdock,0.66906381,0.89885101,2.2840993,0,0.81156222,2.644021
1919,39,4060,580,2d0e_NQ_A_409,0,surfdock,0.67232622,0.89849731,3.6010277,0,0.02018451,2.3615509
1920,39,12313,1759,5hgz_MLA_A_302,0,surfdock,0.66784024,0.89784642,2.2840993,0,0.87498562,2.2657783
1921,39,16737,2391,6qa7_HTW_A_901,0,surfdock,0.68337691,0.89587179,3.7954187,0,0,4.3105448
1922,39,8302,1186,4ekr_0R0_A_203,0,surfdock,0.66354952,0.89558611,2.2840993,0,0.0064548937,1.9321276
1923,39,10395,1485,4x3j_3WR_A_1201,0,surfdock,0.67593918,0.89534596,3.6981015,0,0.98624027,4.8412606
1924,39,11376,1625,5d8u_0N8_A_203,1,unimol,0.67122131,0.89466373,2.9921951,0,0.98452081,22.28
1925,39,2639,377,1s2c_FLF_A_2002,0,surfdock,0.65963951,0.89458153,2.2840993,0,0,3.3011161
1926,39,12936,1848,5kjw_53C_A_800,0,surfdock,0.68211011,0.89340074,3.8123274,0,0.94584594,2.4249618
1927,39,9128,1304,4kqx_HIO_B_401,0,surfdock,0.65535838,0.89338859,2.2840993,0,0.80305821,2.7135876
1928,39,105,15,1anc_BEN_A_384,0,surfdock,0.63963241,0.89031205,2.2840993,0,0.010602554,1.9715919
1929,39,140,20,1axg_ETF_B_404,0,surfdock,0.680977,0.89009213,3.8515918,0,0.99135464,2.2104692
1930,39,14959,2137,6c17_DNX_A_202,0,surfdock,0.65312574,0.88812138,2.3492277,0,0.0062003955,2.9046743
1931,39,6749,964,3vv5_SLZ_B_301,1,unimol,0.76926553,0.88746381,4.0145493,0,0.88280155,18.76
1932,40,623,89,1g6n_CMP_A_621,0,surfdock,0.69621608,0.99811047,2.2527037,0,5.0567369e-07,3.7318588
1933,40,630,90,1g6n_CMP_B_622,0,surfdock,0.69476705,0.99678781,2.2527037,0,0,3.7591926
1934,40,14686,2098,6a1f_9OF_A_807,0,surfdock,0.69401271,0.99596901,2.2527037,0,0.97926501,3.2909702
1935,40,8631,1233,4i0b_CMP_A_302,0,surfdock,0.68774924,0.99099326,2.2527037,0,0.97462773,3.5402613
1936,40,16149,2307,6md2_GW9_A_501,0,surfdock,0.68547992,0.9887455,2.2680914,0,0.98498776,3.4047518
1937,40,2331,333,1pl6_572_D_411,0,surfdock,0.6788162,0.98614348,2.2527037,0,0,2.9646837
1938,40,5873,839,2y00_Y00_B_601,0,surfdock,0.69163986,0.98596552,2.3511341,0,0.99473563,3.9578664
1939,40,1400,200,1jtk_THU_A_138,0,surfdock,0.67853922,0.98589154,2.2527037,0,0,3.2125064
1940,40,6468,924,3tky_N7I_B_369,0,surfdock,0.68841781,0.97495379,2.47122,0,0.08238235,2.8915246
1941,40,11375,1625,5d8u_0N8_A_203,0,surfdock,0.69127158,0.96596988,2.6210992,0,0.96603555,3.4497401
1942,40,12894,1842,5kcj_6RM_B_302,0,surfdock,0.71863617,0.95775131,2.8156307,0,0,4.1154145
1943,40,15155,2165,6e43_BEZ_B_502,0,surfdock,0.69276065,0.95762756,2.7599723,0,0.99747155,2.5640354
1944,40,2016,288,1ngp_NPA_H_302,0,surfdock,0.67738667,0.95678512,2.642035,0,0,2.8359082
1945,40,15162,2166,6e43_BEZ_D_502,0,surfdock,0.68630183,0.95443472,2.7490377,0,0.99779232,2.4963526
1946,40,15148,2164,6e43_BEZ_A_502,0,surfdock,0.68437274,0.95235121,2.7599723,0,0.99782941,2.3891681
1947,40,9366,1338,4mol_2FG_A_802,0,surfdock,0.68597124,0.95010945,2.8098333,0,0,2.8034945
1948,40,13244,1892,5njb_BB2_A_502,0,surfdock,0.68060947,0.94868766,2.7808361,0,0.95977064,4.4224969
1949,40,9373,1339,4mol_2FG_B_802,0,surfdock,0.68360749,0.94865908,2.8098333,0,0.0084512268,5.714799
1950,40,13251,1893,5njb_BB2_C_502,0,surfdock,0.67802918,0.94774222,2.7769189,0,0.96875337,4.3337833
1951,40,9387,1341,4mol_2FG_D_802,0,surfdock,0.67899458,0.94624181,2.8098333,0,0.0070901202,3.717067
1952,40,14966,2138,6c1i_EEY_A_501,0,surfdock,0.68404945,0.94453649,2.8739195,0,0.9899883,3.342108
1953,40,10206,1458,4v2z_Y70_A_151,0,surfdock,0.6942185,0.94280247,3.0072057,0,0.99272155,3.288723
1954,40,13455,1922,5r28_RDJ_A_401,1,unimol,0.67332636,0.94101531,2.2527037,0,0.97562402,18.73
1955,40,7035,1005,3wzo_ZOE_B_201,0,surfdock,0.68463676,0.94007119,2.9495397,0,0,4.1346229
1956,40,10213,1459,4v2z_Y70_B_151,0,surfdock,0.69070224,0.93920951,3.0083821,0,0.99349922,3.0837612
1957,40,6531,933,3uud_EST_B_600,0,surfdock,0.6950321,0.93613823,3.1223094,0,0.98162337,3.5459477
1958,40,7049,1007,3wzo_ZOE_D_201,0,surfdock,0.67723049,0.9359423,2.9495397,0,0.94673785,4.1417433
1959,40,6524,932,3uud_EST_A_600,0,surfdock,0.68879284,0.9308757,3.1223094,0,0.98777222,3.5493838
1960,41,5733,819,2x0u_X0U_B_1291,0,surfdock,0.70300592,0.99829642,2.2609978,0,7.3080386e-05,2.5582846
1961,41,3010,430,1uk7_BUA_A_1300,0,surfdock,0.69211104,0.99110354,2.2609978,0,0.99759868,2.2564102
1962,41,6300,900,3r3z_GOA_A_305,0,surfdock,0.69118772,0.99072497,2.2609978,0,0.99377237,2.0396516
1963,41,6307,901,3r3z_GOA_C_305,0,surfdock,0.68867275,0.98914758,2.2609978,0,0.99618025,2.0810081
1964,41,4095,585,2dm5_ODI_A_312,0,surfdock,0.6878044,0.9888321,2.2609978,0,0,2.9760139
1965,41,5341,763,2r4j_13P_A_1968,0,surfdock,0.68324262,0.98681305,2.2609978,0,0,2.6625365
1966,41,6314,902,3r3z_GOA_D_305,0,surfdock,0.68272072,0.98674995,2.2609978,0,0.9932017,2.1340351
1967,41,13601,1943,5tde_2HP_B_902,0,surfdock,0.68141513,0.98618209,2.2609978,0,0,1.8370169
1968,41,13594,1942,5tde_2HP_B_901,0,surfdock,0.67887411,0.98498328,2.2609978,0,0.9961562,2.1390357
1969,41,15429,2204,6g3f_FUM_A_601,1,unimol,0.67478619,0.9416367,2.2609978,0,0,16.38
1970,41,665,95,1g8z_GAL_D_104,0,surfdock,0.6933849,0.93985159,2.9874179,0,0.94144543,2.4078918
1971,41,679,97,1g8z_GAL_H_104,0,surfdock,0.68696467,0.93710016,2.9874179,0,0.96352562,2.3549966
1972,41,15869,2267,6jz6_CKX_B_701,0,surfdock,0.69060553,0.93403045,3.0595152,0,0.85205996,2.9694935
1973,41,672,96,1g8z_GAL_G_104,0,surfdock,0.68598071,0.93369428,3.0287595,0,0.99236488,2.4077871
1974,41,13979,1997,5vl0_BNF_B_404,0,surfdock,0.6964166,0.93024565,3.1539576,0,0.9898405,2.6030538
1975,41,2947,421,1u1g_BBB_A_3300,0,surfdock,0.68890104,0.92613324,3.1694672,0,0,4.4793731
1976,41,16808,2401,6qo4_97T_B_301,1,unimol,0.67478619,0.91216391,2.6840823,0,0,14.6
1977,41,12040,1720,5g0v_JDD_B_1271,0,surfdock,0.66686361,0.89683892,2.2609978,0,2.0925589e-10,4.3098058
1978,41,147,21,1axg_ETF_C_404,0,surfdock,0.68751429,0.89473393,3.6864622,0,0.99069673,2.1600829
1979,41,8569,1224,4hrq_AZG_A_201,1,unimol,0.67478619,0.8928566,2.9842393,0,0.97877727,19.05
1980,41,14273,2039,5xh2_NPO_A_305,0,surfdock,0.69075574,0.89273738,3.7489557,0,0.99645798,2.3087063
1981,41,10367,1481,4x36_CHT_A_409,0,surfdock,0.69189256,0.89150415,3.7790208,0,0.99646917,2.0876424
1982,41,15582,2226,6hmw_FUL_D_204,0,surfdock,0.68613219,0.89012608,3.7539392,0,0.98560724,2.2932097
1983,41,6160,880,2zyv_NPO_X_1602,0,surfdock,0.702148,0.89010978,3.9111173,0,0.99812404,3.8124425
1984,41,2716,388,1sjc_SMG_D_1300,0,surfdock,0.6817282,0.89005955,3.7308114,0,0,3.2672914
1985,41,1603,229,1kuj_MMA_G_504,0,surfdock,0.68907658,0.88962448,3.7882841,0,0,2.7042118
1986,41,1274,182,1j0y_BGC_B_2601,0,surfdock,0.69680668,0.88923015,3.8503866,0,0.9543416,2.6449362
1987,41,154,22,1axg_ETF_D_404,0,surfdock,0.69152264,0.88922293,3.8178813,0,0.41097855,2.1747948
1988,41,10374,1482,4x36_CHT_A_410,0,surfdock,0.68112815,0.88823961,3.7592056,0,0.95947472,2.1412371
1989,41,1596,228,1kuj_MMA_E_503,0,surfdock,0.68660567,0.88822146,3.790046,0,0.97973905,2.6474568
1990,41,1120,160,1hsb_ALA_C_1,0,surfdock,0.64839084,0.8881002,2.2609978,0,0,3.394277
1991,41,5761,823,2xhk_AKG_B_519,0,surfdock,0.64839084,0.8881002,2.2609978,0,0.95040386,2.6028196
1992,41,5929,847,2ynf_WHU_A_1563,0,surfdock,0.64839084,0.8881002,2.2609978,0,0,4.4764038
1993,41,6790,970,3w8x_FTK_B_601,0,surfdock,0.64839084,0.8881002,2.2609978,0,0,3.9395112
1994,41,7497,1071,4buv_16I_A_2165,0,surfdock,0.64839084,0.8881002,2.2609978,0,0.99517154,3.9562545
1995,41,7504,1072,4buv_16I_C_2165,0,surfdock,0.64839084,0.8881002,2.2609978,0,0.9953134,4.0411038
1996,41,10150,1450,4upd_7P9_A_1550,0,surfdock,0.64839084,0.8881002,2.2609978,0,0,3.964178
1997,41,10430,1490,4xp3_DX4_A_401,0,surfdock,0.64839084,0.8881002,2.2609978,0,0,2.3439056
1998,41,10458,1494,4xti_IMP_A_601,0,surfdock,0.64839084,0.8881002,2.2609978,0,0.96372754,3.7365336
1999,41,10465,1495,4xti_IMP_B_601,0,surfdock,0.64839084,0.8881002,2.2609978,0,0.96915676,3.9686258
2000,41,11172,1596,5bwr_4VT_A_402,0,surfdock,0.64839084,0.8881002,2.2609978,0,0,3.2322174
2001,41,11179,1597,5bwr_4VT_B_402,0,surfdock,0.64839084,0.8881002,2.2609978,0,2.370869e-05,3.2950947
2002,41,14126,2018,5wcz_NOJ_A_601,0,surfdock,0.64839084,0.8881002,2.2609978,0,0,2.6505941
2003,41,14994,2142,6cdy_EY1_B_501,0,surfdock,0.64839084,0.8881002,2.2609978,0,0,4.3587562
2004,41,2695,385,1sjc_SMG_A_1000,0,surfdock,0.6758164,0.88795297,3.7308114,0,0.93247286,3.2808589
2005,41,10360,1480,4x36_CHT_A_408,0,surfdock,0.69338757,0.88784013,3.8540666,0,0.99463491,2.1051645
2006,41,3024,432,1uqx_MMA_A_1116,0,surfdock,0.66932211,0.88698386,2.4142382,0,0.90406872,2.4706624
2007,41,1589,227,1kuj_MMA_C_502,0,surfdock,0.6814555,0.88675999,3.7887876,0,0.99014569,2.7220013
2008,41,1582,226,1kuj_MMA_A_501,0,surfdock,0.68144793,0.88671723,3.7885363,0,0.97735509,4.4967705
2009,41,1288,184,1j0y_BGC_D_4601,0,surfdock,0.69644322,0.88645878,3.8976085,0,0.99550916,4.6779681
2010,42,4543,649,2hi4_BHF_A_800,0,surfdock,0.72202645,0.99860751,2.2361672,0,0.99774251,3.7382557
2011,42,7959,1137,4d4u_FUC_B_950,0,surfdock,0.7181596,0.99024053,2.3148048,0,0.99300574,2.3591384
2012,42,15344,2192,6fld_NAG_A_603,0,surfdock,0.69229898,0.98626495,2.2361672,0,0,2.4289316
2013,42,7091,1013,3zks_WZV_A_1398,0,surfdock,0.7058582,0.98233176,2.3413196,0,0,4.6789556
2014,42,8568,1224,4hrq_AZG_A_201,0,surfdock,0.71217116,0.97190888,2.5116119,0,0.012747853,2.4478447
2015,42,3465,495,1yw9_A84_A_482,0,surfdock,0.70736661,0.94824772,2.8303697,0,0,4.4864508
2016,42,16821,2403,6qol_JB5_B_301,0,surfdock,0.71955919,0.93537521,3.1217718,0,0.00073635277,2.5432824
2017,42,16814,2402,6qol_JB5_A_301,0,surfdock,0.71885427,0.93497925,3.1186764,0,0.99391945,2.4951829
2018,42,9408,1344,4mpr_TPP_A_602,0,surfdock,0.70042588,0.93154688,3.0495932,0,0,4.1714944
2019,42,4788,684,2npq_BOG_A_1000,0,surfdock,0.70738857,0.92415625,3.2029753,0,0,3.7603235
2020,42,10381,1483,4x36_CHT_A_411,0,surfdock,0.68545177,0.92023657,3.1701372,0,0.87202325,2.0835108
2021,42,10388,1484,4x36_CHT_A_412,0,surfdock,0.67750055,0.91925349,3.1631327,0,0,2.1112943
2022,42,3549,507,1zei_CRS_B_56,0,surfdock,0.71585927,0.91638797,3.3792613,0,0.99702477,2.231295
2023,42,3542,506,1zei_CRS_A_54,0,surfdock,0.71468734,0.91619297,3.3709009,0,0.99802931,1.6021035
2024,42,3556,508,1zei_CRS_C_56,0,surfdock,0.71890037,0.91534442,3.4382436,0,0.99600051,2.0594273
2025,42,3577,511,1zei_CRS_F_54,0,surfdock,0.71830125,0.91487957,3.4382436,0,0.99545588,2.1275344
2026,42,3563,509,1zei_CRS_D_54,0,surfdock,0.70749996,0.91397515,3.3709009,0,0.036488016,2.1399407
2027,42,4711,673,2j1s_FUL_A_1153,0,surfdock,0.70228317,0.91380415,3.3408587,0,0,2.2353107
2028,42,3570,510,1zei_CRS_E_54,0,surfdock,0.71644418,0.9131945,3.4382436,0,0.99604346,2.2079328
2029,42,15414,2202,6fw0_E92_A_602,0,surfdock,0.71899731,0.91183273,3.4982185,0,0.54614392,3.7660483
2030,42,3584,512,1zei_CRS_F_55,0,surfdock,0.71603563,0.90997877,3.4894307,0,0.24575348,2.1300459
2031,42,12775,1825,5jeh_EVF_B_302,0,surfdock,0.67982948,0.90825357,3.3504963,0,0.99037332,2.7972509
2032,42,168,24,1bit_BEN_A_246,0,surfdock,0.69400483,0.89457153,3.6306112,0,0.97175269,2.2913345
2033,42,6321,903,3r51_MMA_A_200,0,surfdock,0.70541448,0.89406265,3.6949997,0,0.97276311,2.6289074
2034,42,2800,400,1tf8_TRP_A_913,0,surfdock,0.66027814,0.89027787,2.2361672,0,0,3.5147696
2035,42,15330,2190,6fld_NAG_A_601,0,surfdock,0.66027814,0.89027787,2.2361672,0,0,4.977785
2036,42,5292,756,2qx4_ML1_A_233,0,surfdock,0.71562905,0.88876298,3.8550735,0,0.43266812,3.0179436
2037,42,5334,762,2r3d_ACM_A_303,0,surfdock,0.71932942,0.88815561,3.9175792,0,0.72149965,1.895362
2038,42,2590,370,1ruk_BEZ_H_601,0,surfdock,0.70732724,0.88780996,3.8200126,0,0.99225605,2.3468564
2039,42,84,12,1aj8_CIT_A_1000,0,surfdock,0.69080178,0.88552172,3.7793057,0,0,2.9107914
2040,42,8652,1236,4i4v_NGA_A_201,0,surfdock,0.69637448,0.88529661,3.8110907,0,0,2.8976884
2041,42,10591,1513,4z2w_AKG_A_401,0,surfdock,0.65887551,0.88435977,2.2361672,0,0.99517206,2.5862603
2042,42,9464,1352,4n9v_AZA_A_403,0,surfdock,0.65644382,0.88391531,2.2398789,0,0,2.1034608
2043,42,5299,757,2qx4_ML1_B_233,0,surfdock,0.70109172,0.88301458,3.8722239,0,0.98086065,3.2205622
2044,42,7651,1093,4cju_JNS_B_1214,0,surfdock,0.71419469,0.88285849,3.9466274,0,0,3.3328344
2045,42,133,19,1axg_ETF_A_404,0,surfdock,0.69843845,0.88086928,3.9001932,0,0,2.7284513
2046,42,4396,628,2fyd_NGA_B_404,0,surfdock,0.59535303,0.88081524,2.2361672,0,0.97698155,2.7596668
2047,42,1085,155,1ho5_ADN_A_1604,0,surfdock,0.69533705,0.87746279,3.9465201,0,0.98369689,3.3804761
2048,42,7644,1092,4cju_JNS_A_1217,0,surfdock,0.68286145,0.87396395,3.9666724,0,0,3.2726874
2049,42,8659,1237,4i4v_NGA_A_202,0,surfdock,0.68784436,0.87315584,3.9997177,0,0.96863382,2.6645247
2050,42,7637,1091,4cjs_L0Y_B_1217,0,surfdock,0.70603474,0.87256718,4.095459,0,0.98314179,4.4628124
2051,42,1491,213,1kar_HSM_A_502,0,surfdock,0.66027814,0.87135114,2.5190871,0,0.0014684532,4.3518207
2052,42,8666,1238,4i4v_NGA_B_201,0,surfdock,0.69915052,0.8711683,4.0828042,0,0,2.7348689
2053,42,3059,437,1v3v_5OP_A_1360,0,surfdock,0.71598252,0.86903918,4.2305226,0,0.94873098,2.6387926
2054,42,5803,829,2xul_AKG_B_201,0,surfdock,0.67655133,0.86703138,4.0754824,0,0.92692556,2.5153854
2055,42,5817,831,2xul_AKG_E_201,0,surfdock,0.67838061,0.8651638,4.11449,0,0.99308964,2.7004374
2056,42,4151,593,2eb5_OXL_B_2002,0,surfdock,0.70492774,0.86466231,4.238224,0,0.98365441,2.2528923
2057,42,4158,594,2eb5_OXL_C_2003,0,surfdock,0.70474046,0.86455173,4.238224,0,0.98853298,2.2476412
2058,42,3066,438,1v3v_5OP_B_2360,0,surfdock,0.71531036,0.86444655,4.311729,0,0,2.5473173
2059,42,4165,595,2eb5_OXL_D_2004,0,surfdock,0.6977298,0.86283789,4.238224,0,0.99310695,2.2351063
2060,43,3213,459,1wc7_PP3_A_1214,0,surfdock,0.68835407,0.98679281,2.2233055,0,0,3.5430115
2061,43,1778,254,1luq_BTN_B_5200,0,surfdock,0.71257244,0.96848486,2.5339744,0,0.98717775,3.311904
2062,43,7665,1095,4cjw_CBJ_A_1215,0,surfdock,0.70304957,0.95678569,2.6727257,0,0.975414,3.6972605
2063,43,7672,1096,4cjw_CBJ_B_1217,0,surfdock,0.69290875,0.95475977,2.6727257,0,0.99189749,3.7812356
2064,43,10927,1561,5a2r_MLT_A_1615,0,surfdock,0.67815064,0.94781691,2.7444339,0,0,2.4027936
2065,43,17053,2436,6s9g_L1Q_A_306,1,unimol,0.67741306,0.94282177,2.2233055,0,0.86333119,18.1
2066,43,8401,1200,4gcq_0JM_B_401,1,unimol,0.67741306,0.92240863,2.5116856,0,0.97055429,21.85
2067,43,11795,1685,5faj_DCS_D_401,0,surfdock,0.71685365,0.91138163,3.422595,0,0,3.8993945
2068,43,11459,1637,5die_5CJ_B_601,0,surfdock,0.72608002,0.90231852,3.6318793,0,0,3.6271002
2069,43,546,78,1fp2_HMO_A_2000,0,surfdock,0.68813468,0.90177887,3.4936285,0,0,3.4037544
2070,43,17046,2435,6s9g_L1Q_A_305,1,unimol,0.67741306,0.8961282,2.912364,0,0.97132235,16.52
2071,43,16947,2421,6rgr_RM4_A_403,0,surfdock,0.71364234,0.89215914,3.7442944,0,0.22235516,2.1348385
2072,43,1078,154,1hkn_N2M_D_5139,0,surfdock,0.62777943,0.88475459,2.2233055,0,0.99528217,2.556798
2073,43,6497,928,3u3o_3QV_A_296,1,unimol,0.67741306,0.88429937,3.1044757,0,0.99201587,22.9
2074,43,4704,672,2izf_BTN_B_300,0,surfdock,0.62343847,0.88037433,2.2847884,0,0.99576395,3.2528317
2075,43,7546,1078,4bz6_SHH_A_700,0,surfdock,0.69853315,0.88024529,3.9048939,0,0.95973613,3.2416638
2076,43,16940,2420,6rgr_RM4_A_402,0,surfdock,0.70233651,0.87975872,3.9285226,0,0.054839278,2.2098548
2077,43,7553,1079,4bz6_SHH_B_700,0,surfdock,0.7050599,0.87820697,3.9667985,0,0.97872213,3.3909103
2078,43,7560,1080,4bz6_SHH_C_700,0,surfdock,0.70237465,0.87775632,3.9667985,0,0.93851565,3.245294
2079,43,175,25,1bit_BEN_A_247,0,surfdock,0.64210706,0.87760134,2.3391311,0,0.010075766,2.1390975
2080,43,4081,583,2d3n_GLC_A_608,0,surfdock,0.69820786,0.87423057,4.0139141,0,0.013895512,2.24977
2081,43,9164,1309,4kwl_3SS_A_302,1,unimol,0.67741306,0.87265645,3.3012481,0,0.99136081,18.31
2082,43,1771,253,1luq_BTN_A_5100,0,surfdock,0.66596583,0.87143223,2.5473382,0,0.99249329,3.2579777
2083,43,16262,2323,6nbw_LAB_A_403,1,unimol,0.67741306,0.86754866,3.3900852,0,0.99437893,22.7
2084,43,11788,1684,5faj_DCS_C_401,0,surfdock,0.70273503,0.86503138,4.2116218,0,0,3.8692547
2085,43,11781,1683,5faj_DCS_A_401,0,surfdock,0.70047653,0.86116057,4.2745013,0,0,3.969093
2086,43,10031,1433,4u2a_A2G_A_303,0,surfdock,0.69285217,0.85860794,4.3020554,0,0.99307719,2.7081124
2087,43,16471,2353,6o2z_LJV_B_500,0,surfdock,0.66596583,0.85623988,2.7896483,0,0.98356638,4.1275777
2088,43,11445,1635,5did_5CK_A_601,0,surfdock,0.73044858,0.85241617,4.6242862,0,0.99497961,3.6881318
2089,43,13006,1858,5l9v_OGA_B_502,0,surfdock,0.64608369,0.85029104,2.7783275,0,0.99753535,2.7653912
2090,43,9100,1300,4kp7_1UQ_B_502,0,surfdock,0.70192743,0.84978404,4.5102143,0,0.99343385,3.3514633
2091,43,16464,2352,6o2z_LJV_A_500,0,surfdock,0.66596583,0.84941675,2.9027283,0,0.98556962,4.1146221
2092,43,17591,2513,6xzx_O5H_A_302,0,surfdock,0.72560686,0.84915982,4.6413245,0,0.86854814,3.9064581
2093,43,17598,2514,6xzx_O5H_B_302,0,surfdock,0.72448885,0.84801141,4.6540146,0,0.97270403,4.0864214
2094,43,16891,2413,6r73_LMP_A_301,0,surfdock,0.66596583,0.8469806,2.9437661,0,0,3.9980953
2095,43,2597,371,1rum_BEZ_H_1601,0,surfdock,0.71817567,0.84582131,4.6579642,0,0.98712959,2.4060336
2096,43,9835,1405,4qya_LU2_A_201,0,surfdock,0.66172583,0.84117806,2.9405422,0,0.98717476,2.9218322
2097,43,14154,2022,5wgv_PM7_A_712,0,surfdock,0.6857437,0.8399117,4.6651101,0,0,3.8781465
2098,43,1960,280,1n1i_HIS_C_501,0,surfdock,0.66596583,0.83963246,3.0697196,0,0.8243796,2.2569443
2099,43,1134,162,1if4_FBS_A_555,0,surfdock,0.56569407,0.83960886,2.2233055,0,0.99666889,2.6735158
2100,43,1897,271,1ml4_PAL_A_385,0,surfdock,0.56569407,0.83960886,2.2233055,0,0.98836746,3.2942324
2101,43,1988,284,1ne4_RP1_A_401,0,surfdock,0.56569407,0.83960886,2.2233055,0,0.9695519,3.6174853
2102,43,3514,502,1z8p_DEB_A_420,0,surfdock,0.56569407,0.83960886,2.2233055,0,0,4.235781
2103,43,4032,576,2cjz_PTR_A_1537,0,surfdock,0.56569407,0.83960886,2.2233055,0,0.80875484,2.6931803
2104,43,4571,653,2huu_ALA_A_701,0,surfdock,0.56569407,0.83960886,2.2233055,0,0.96467164,2.1274596
2105,43,5621,803,2wd2_MS5_A_1263,0,surfdock,0.56569407,0.83960886,2.2233055,0,0.67091075,4.0607433
2106,43,6048,864,2zgw_BTN_A_1401,0,surfdock,0.56569407,0.83960886,2.2233055,0,0.95145951,3.2053579
2107,43,6055,865,2zgw_BTN_B_1402,0,surfdock,0.56569407,0.83960886,2.2233055,0,0.96774481,3.321372
2108,43,6496,928,3u3o_3QV_A_296,0,surfdock,0.56569407,0.83960886,2.2233055,0,0,2.7611647
2109,43,6916,988,3wsg_CIT_B_302,0,surfdock,0.56569407,0.83960886,2.2233055,0,0.98773373,2.7750901
2110,44,10962,1566,5a86_D7E_B_1432,0,surfdock,0.73822693,0.99726097,2.2159333,0,0,4.5542455
2111,44,2184,312,1o68_KIV_D_275,0,surfdock,0.73686836,0.99668769,2.2159333,0,0.92939119,2.2865782
2112,44,10955,1565,5a86_D7E_A_1433,0,surfdock,0.73556554,0.99547742,2.2159333,0,0.98957987,4.4317822
2113,44,2177,311,1o68_KIV_B_275,0,surfdock,0.7292686,0.99299318,2.2159333,0,0.9921679,2.3555968
2114,44,3948,564,2c3d_COM_A_1526,0,surfdock,0.72916595,0.99292949,2.2159333,0,0.97782818,2.4483888
2115,44,3962,566,2c3d_COM_B_1526,0,surfdock,0.73204394,0.99221554,2.23756,0,0.98382622,2.2666719
2116,44,2170,310,1o68_KIV_A_275,0,surfdock,0.72384452,0.99165552,2.2159333,0,0.98739086,2.3435445
2117,44,4319,617,2fhn_BNI_X_501,0,surfdock,0.72244214,0.98986404,2.234231,0,0.97362038,4.120018
2118,44,3941,563,2c3d_COM_A_1525,0,surfdock,0.71933422,0.98967174,2.2301128,0,0.99153815,2.3981563
2119,44,6811,973,3wca_FPS_B_401,0,surfdock,0.71346697,0.98942608,2.2159333,0,0,4.1531931
2120,44,7819,1117,4cno_9PY_B_301,0,surfdock,0.71178222,0.98929868,2.2159333,0,0,2.8305119
2121,44,3955,565,2c3d_COM_B_1525,0,surfdock,0.70999228,0.98902385,2.2161944,0,0.97631434,2.3856056
2122,44,4326,618,2fhn_BNI_Y_502,0,surfdock,0.71602716,0.98852828,2.234231,0,0,4.0550336
2123,44,7826,1118,4cno_9PY_C_301,0,surfdock,0.70093169,0.98764253,2.2159333,0,0,2.7404877
2124,44,2191,313,1o68_KIV_E_275,0,surfdock,0.69646027,0.98706924,2.2159333,0,0.9968964,2.4482266
2125,44,6825,975,3wca_FPS_C_402,0,surfdock,0.69299242,0.98662335,2.2159333,0,0,3.9739704
2126,44,196,28,1ca7_ENO_A_501,0,surfdock,0.68752824,0.98611377,2.2159333,0,0,2.8526239
2127,44,6818,974,3wca_FPS_C_401,0,surfdock,0.68602416,0.98598637,2.2159333,0,0.93488302,4.0652777
2128,44,203,29,1ca7_ENO_C_701,0,surfdock,0.68544842,0.98585897,2.2159333,0,0.97770249,2.8566682
2129,44,112,16,1aog_MAE_A_501,0,surfdock,0.68208606,0.98566788,2.2159333,0,0.99516562,2.2007926
2130,44,13167,1881,5mxh_GAL_A_402,0,surfdock,0.70739118,0.98368416,2.2802491,0,0.11106635,2.4394946
2131,44,13160,1880,5mxh_GAL_A_401,0,surfdock,0.69911039,0.98235314,2.2802491,0,0.11528099,2.5169932
2132,44,14413,2059,5yb7_ORN_A_603,0,surfdock,0.69394181,0.97011986,2.4379904,0,0.98024333,2.567118
2133,44,1106,158,1hot_16G_B_271,0,surfdock,0.72351164,0.96797846,2.5330551,0,0.27312227,2.4670409
2134,44,560,80,1fs5_16G_A_1267,0,surfdock,0.72815422,0.96654864,2.5686448,0,0.22979798,2.7611592
2135,44,1099,157,1hot_16G_A_269,0,surfdock,0.7280457,0.96636259,2.5686448,0,0.00032804334,2.9092965
2136,44,4809,687,2nry_STU_B_502,0,surfdock,0.69435184,0.96519858,2.5067775,0,0.93096274,4.9967589
2137,44,9163,1309,4kwl_3SS_A_302,0,surfdock,0.73672757,0.95710913,2.757112,0,0.98946674,2.3327833
2138,45,5824,832,2xul_AKG_F_201,0,surfdock,0.68537292,0.96479152,2.5206454,0,0.99389446,2.6161709
2139,45,15617,2231,6hnz_GH5_A_301,0,surfdock,0.73695324,0.9451311,2.8968496,0,0.97526871,4.2329427
2140,45,17739,2534,7c7g_FJR_A_402,1,unimol,0.68141952,0.94489822,2.2166402,0,0,16.53
2141,45,17746,2535,7c7g_FJR_B_402,1,unimol,0.68141952,0.94489822,2.2166402,0,0.99128371,19.32
2142,45,16261,2323,6nbw_LAB_A_403,0,surfdock,0.7437891,0.94178106,2.9941182,0,0,4.0939715
2143,45,15932,2276,6krs_CIT_I_301,0,surfdock,0.71078895,0.92766675,3.0991952,0,0.014972373,2.8803471
2144,45,15939,2277,6krs_CIT_J_301,0,surfdock,0.68532039,0.92563279,3.0991952,0,0.015352468,2.82186
2145,45,16548,2364,6ooi_PGA_B_301,0,surfdock,0.72924877,0.92517891,3.1810045,0,0.98859826,2.6196375
2146,45,16569,2367,6ooi_PGA_G_301,0,surfdock,0.72756764,0.92494096,3.1810045,0,0,2.5711845
2147,45,16555,2365,6ooi_PGA_C_302,0,surfdock,0.7237511,0.92416759,3.1810045,0,0,2.3664186
2148,45,16576,2368,6ooi_PGA_H_302,0,surfdock,0.72083802,0.92369168,3.1810045,0,0.98955924,2.4886914
2149,45,16541,2363,6ooi_PGA_A_301,0,surfdock,0.72040294,0.92301262,3.1908977,0,0.92030802,2.4227927
2150,45,16562,2366,6ooi_PGA_F_301,0,surfdock,0.71234736,0.92268036,3.1810045,0,0.99383737,2.5150154
2151,45,3920,560,2bxh_IOS_A_1001,0,surfdock,0.73869552,0.90884271,3.4855974,0,0.99680824,2.9934537
2152,45,9394,1342,4mop_2H5_A_802,0,surfdock,0.69690111,0.89817031,3.5635464,0,0.011034262,2.6123004
2153,45,420,60,1e5f_PLP_A_405,0,surfdock,0.67173598,0.89569906,2.2166402,0,0.4238894,3.2790116
2154,45,427,61,1e5f_PLP_B_405,0,surfdock,0.67173598,0.89569906,2.2166402,0,0.39337695,3.3245858
2155,45,728,104,1gsi_TMP_A_1210,0,surfdock,0.67173598,0.89569906,2.2166402,0,0.97981491,3.8479637
2156,45,1715,245,1lqp_FCN_A_4002,0,surfdock,0.67173598,0.89569906,2.2166402,0,0.99596532,2.2907317
2157,45,1729,247,1lqp_FCN_B_4001,0,surfdock,0.67173598,0.89569906,2.2166402,0,0,1.620167
2158,45,1981,283,1n5i_TMP_A_217,0,surfdock,0.67173598,0.89569906,2.2166402,0,0.98863951,3.6620313
2159,45,4487,641,2gx5_PCG_C_514,0,surfdock,0.67173598,0.89569906,2.2166402,0,0.85691377,2.99121
2160,45,16807,2401,6qo4_97T_B_301,0,surfdock,0.67173598,0.89569906,2.2166402,0,0.9439596,2.8150725
2161,45,2884,412,1toq_AMG_A_501,0,surfdock,0.72259999,0.89521521,3.6612144,0,0.99549451,2.4576737
2162,45,2898,414,1toq_AMG_G_504,0,surfdock,0.71483637,0.8943506,3.6612144,0,0.9657646,2.5033382
2163,45,13329,1904,5o4j_PJL_A_304,1,unimol,0.68141952,0.89378344,2.9699607,0,0.93433296,24.27
2164,45,2891,413,1toq_AMG_C_502,0,surfdock,0.70377722,0.89302487,3.6612144,0,0,2.567387
2165,45,4116,588,2e40_LGC_B_2001,0,surfdock,0.65284325,0.8890626,2.2166402,0,0,2.7662462
2166,45,12922,1846,5kcp_PFB_B_379,0,surfdock,0.67170887,0.88669859,2.2651587,0,0.91561617,2.3727113
2167,45,6923,989,3wsg_CIT_C_302,0,surfdock,0.57193129,0.8859358,2.2166402,0,0.91616998,2.8828145
2168,45,10052,1436,4u8p_UDP_C_603,0,surfdock,0.67173598,0.88414603,2.385071,0,0.97078699,2.6824547
2169,45,13959,1994,5ved_STU_A_601,1,unimol,0.68141952,0.88355953,3.1365359,0,0.89515545,19.72
2170,45,16394,2342,6nni_CP6_B_203,0,surfdock,0.74151926,0.87930067,4.0371375,0,0.99069624,3.1632869
2171,45,1204,172,1itw_ICT_A_743,0,surfdock,0.70449694,0.87801466,3.9328773,0,0.98770296,2.7458521
2172,45,1211,173,1itw_ICT_B_744,0,surfdock,0.69999638,0.87704468,3.9445462,0,0,2.8329707
2173,45,2835,405,1tiw_TFB_A_2002,0,surfdock,0.73017844,0.87620065,4.0319123,0,0.62811862,2.1351296
2174,45,5796,828,2xul_AKG_A_201,0,surfdock,0.67173598,0.87516455,2.5206454,0,0,2.6641111
2175,45,17192,2456,6t10_M6Z_B_601,0,surfdock,0.67173598,0.87007549,2.5993345,0,0,2.5565506
2176,45,357,51,1dpm_EBP_B_902,0,surfdock,0.69811082,0.86914484,4.0908899,0,0.75421767,3.0546961
2177,45,6881,983,3wlf_FEH_B_401,0,surfdock,0.67173598,0.86844825,2.6247878,0,0.99680978,3.009972
2178,45,6895,985,3wlf_FEH_D_401,0,surfdock,0.67173598,0.86819998,2.6286833,0,0.99676535,2.4651729
2179,45,6874,982,3wlf_FEH_A_401,0,surfdock,0.67173598,0.86803449,2.6312823,0,0.99626471,2.5177062
2180,45,5810,830,2xul_AKG_D_201,0,surfdock,0.67173597,0.86695828,2.5652103,0,0,2.3223233
2181,45,12110,1730,5g6k_M94_A_904,0,surfdock,0.7372003,0.86649334,4.2430344,0,0,3.4031997
2182,45,6888,984,3wlf_FEH_C_401,0,surfdock,0.67173598,0.86637789,2.6573806,0,0.9948248,2.3959558
2183,45,1337,191,1j3k_WRA_B_709,0,surfdock,0.74455552,0.85741433,4.4856052,0,0.98990463,4.0548766
2184,45,1330,190,1j3k_WRA_A_609,0,surfdock,0.74322045,0.85686601,4.4856052,0,0.97624103,4.1311499
2185,45,2709,387,1sjc_SMG_C_1200,0,surfdock,0.70774302,0.85363508,4.4110374,0,0,3.49194
2186,45,2702,386,1sjc_SMG_B_1100,0,surfdock,0.71100604,0.85307572,4.4300919,0,0.97844694,3.5033967
2187,45,11991,1713,5fuv_THM_B_1385,0,surfdock,0.67173598,0.85301703,2.8734508,0,0.97727579,2.2315414
2188,46,4039,577,2coj_GBN_A_420,0,surfdock,0.75225723,0.99699123,2.2190976,0,0.99037458,2.6722282
2189,46,4046,578,2coj_GBN_B_420,0,surfdock,0.74681504,0.99436656,2.2190976,0,0.99002875,2.8197495
2190,46,6090,870,2ztl_3HL_C_301,0,surfdock,0.73748728,0.99270213,2.2190976,0,0.99514346,2.1943142
2191,46,6076,868,2ztl_3HL_A_301,0,surfdock,0.73328096,0.99206197,2.2190976,0,0.99795886,2.0843456
2192,46,6083,869,2ztl_3HL_B_301,0,surfdock,0.72941389,0.99135779,2.2190976,0,0.987304,2.2379403
2193,46,13328,1904,5o4j_PJL_A_304,0,surfdock,0.71675186,0.99014148,2.2190976,0,0.24224215,2.8153998
2194,46,4452,636,2g9z_VNP_B_601,0,surfdock,0.70487432,0.98937328,2.2190976,0,0,4.1621263
2195,46,5698,814,2wu4_HBP_A_1544,0,surfdock,0.74245408,0.98511483,2.3269551,0,0.12293251,4.2157806
2196,46,385,55,1e26_GPB_A_208,0,surfdock,0.74719912,0.97371793,2.493432,0,0.61697191,4.7087464
2197,46,13811,1973,5uio_8DM_C_202,0,surfdock,0.73559495,0.96921162,2.5278137,0,0,2.3758216
2198,46,13804,1972,5uio_8DM_A_202,0,surfdock,0.73399587,0.96737125,2.5506909,0,0.98649564,3.3342614
2199,46,3605,515,1zgj_P1S_A_0,0,surfdock,0.74848478,0.96043504,2.6858253,0,0,3.3084767
2200,46,7008,1001,3wwc_BUA_A_403,1,unimol,0.6811365,0.93996541,2.2930088,0,0.98285024,14.45
2201,46,13090,1870,5m0t_AKG_B_302,0,surfdock,0.71259128,0.93025433,3.0605133,0,0.99435051,2.8556848
2202,46,4669,667,2ipf_FFA_B_4,0,surfdock,0.74728448,0.92612074,3.1959922,0,0.99172463,3.2523732
2203,46,7001,1000,3wwc_BUA_A_402,1,unimol,0.6811365,0.92470379,2.5078175,0,0,15.67
2204,46,8225,1175,4e7v_CRS_Y_101,0,surfdock,0.75077921,0.92232247,3.2806108,0,0.99746277,2.0818356
2205,46,12684,1812,5j5i_6GM_I_302,0,surfdock,0.75481197,0.92122609,3.3252065,0,0.96099703,4.4780568
2206,46,8134,1162,4e7v_CRS_1_101,0,surfdock,0.74758387,0.92095914,3.2806108,0,0,2.0024688
2207,46,8141,1163,4e7v_CRS_3_101,0,surfdock,0.74356439,0.92001073,3.2806108,0,0.99789088,2.1265068
2208,46,8169,1167,4e7v_CRS_G_101,0,surfdock,0.75429125,0.91670307,3.3982959,0,0.99448582,2.1405284
2209,46,12677,1811,5j5i_6GM_F_303,0,surfdock,0.75011142,0.91587351,3.3789926,0,0.95778132,4.5239596
2210,46,8148,1164,4e7v_CRS_A_101,0,surfdock,0.74871565,0.91586313,3.3694708,0,0.99772182,2.1133608
2211,46,8211,1173,4e7v_CRS_S_101,0,surfdock,0.74824892,0.91574528,3.3694708,0,0.18070844,2.1735846
2212,46,8155,1165,4e7v_CRS_C_101,0,surfdock,0.7516828,0.91564445,3.3982959,0,0.039583284,3.9563222
2213,46,8162,1166,4e7v_CRS_E_101,0,surfdock,0.7514226,0.91546802,3.3982959,0,0.25271518,2.2444065
2214,46,8218,1174,4e7v_CRS_U_101,0,surfdock,0.75095993,0.91517396,3.3982959,0,0.99700699,2.2591896
2215,46,12642,1806,5j5i_6GM_A_302,0,surfdock,0.75417309,0.91452064,3.4334469,0,0.86870557,4.5440763
2216,46,8204,1172,4e7v_CRS_Q_101,0,surfdock,0.74956969,0.9144094,3.3982959,0,0.99832261,2.0923158
2217,46,8190,1170,4e7v_CRS_M_101,0,surfdock,0.74950853,0.91435059,3.3982959,0,0.99555703,1.5826159
2218,46,8197,1171,4e7v_CRS_O_101,0,surfdock,0.74946521,0.91429178,3.3982959,0,0.9942327,2.2200898
2219,46,8176,1168,4e7v_CRS_I_101,0,surfdock,0.74928078,0.91417415,3.3982959,0,0.9978539,2.2362911
2220,46,12663,1809,5j5i_6GM_C_302,0,surfdock,0.75503579,0.91320983,3.4591739,0,0.94990699,4.5631315
2221,46,8183,1169,4e7v_CRS_K_101,0,surfdock,0.74621302,0.91235976,3.4127767,0,0.99652202,2.2220873
2222,46,14945,2135,6bxk_MTA_A_401,0,surfdock,0.73140878,0.9112639,3.394866,0,0.95733431,3.2100823
2223,46,12670,1810,5j5i_6GM_E_302,0,surfdock,0.75034105,0.91115965,3.4591739,0,0,4.4943838
2224,46,14952,2136,6bxk_MTA_B_401,0,surfdock,0.72044659,0.9104037,3.3915691,0,0.99068009,3.2735543
2225,46,1281,183,1j0y_BGC_C_3601,0,surfdock,0.7434843,0.9061787,3.5085464,0,0.99731894,2.7467204
2226,46,4907,701,2o7b_HC4_G_701,0,surfdock,0.75143444,0.90443381,3.5858696,0,0.99643873,3.0117049
2227,46,4893,699,2o7b_HC4_C_701,0,surfdock,0.74966796,0.90338808,3.5858696,0,0.99752334,2.9806997
2228,46,12649,1807,5j5i_6GM_A_303,0,surfdock,0.74986705,0.90330995,3.5882072,0,0,4.5241258
2229,46,12691,1813,5j5i_6GM_I_303,0,surfdock,0.74653219,0.90214821,3.5882072,0,0,4.5971177
2230,46,12656,1808,5j5i_6GM_B_302,0,surfdock,0.75176846,0.90202065,3.6303792,0,0.95485162,4.4297776
2231,46,15428,2204,6g3f_FUM_A_601,0,surfdock,0.6751525,0.89757378,2.2190976,0,0.97490132,2.2722554
2232,46,12124,1732,5goo_FRU_A_501,0,surfdock,0.74436129,0.89411686,3.7199271,0,0.97635857,2.6561236
2233,46,4935,705,2o7d_DHC_G_701,0,surfdock,0.75273754,0.89275448,3.798075,0,0.98389492,3.0795984
2234,46,16856,2408,6qrn_RIP_A_500,0,surfdock,0.65814639,0.88869146,2.262145,0,0.026538018,2.0622046
2235,46,4914,702,2o7d_DHC_A_701,0,surfdock,0.75170374,0.88632764,3.9077024,0,0.98973217,2.9650377
2236,46,4921,703,2o7d_DHC_B_701,0,surfdock,0.75143193,0.88615687,3.9077024,0,0.99689158,3.0411967
2237,46,9331,1333,4mig_G3F_B_802,0,surfdock,0.74216254,0.88585728,3.8603396,0,0.98360732,2.739972
2238,47,17066,2438,6si4_LEK_B_402,0,surfdock,0.76877096,0.9985229,2.198344,0,0.95633218,3.5722978
2239,47,854,122,1h1m_KMP_C_1358,0,surfdock,0.76587815,0.99762379,2.198344,0,0,3.8149461
2240,47,7007,1001,3wwc_BUA_A_403,0,surfdock,0.7620565,0.99711001,2.198344,0,0.97680429,2.1917833
2241,47,13146,1878,5mot_HBD_A_401,0,surfdock,0.72689802,0.99255025,2.198344,0,0.001269066,2.5441215
2242,47,13153,1879,5mot_HBD_A_402,0,surfdock,0.71353822,0.99184381,2.198344,0,0.94229475,2.187132
2243,47,161,23,1bcs_ARG_A_426,0,surfdock,0.68524704,0.98510051,2.198344,0,0,2.7195772
2244,47,5355,765,2r4t_250_A_503,0,surfdock,0.68524704,0.98510051,2.198344,0,1.2679296e-07,3.2222263
2245,47,7000,1000,3wwc_BUA_A_402,0,surfdock,0.68524704,0.98510051,2.198344,0,0,2.1412961
2246,47,2520,360,1qxa_GLY_B_245,0,surfdock,0.68524,0.98002697,2.198344,0,0.93014715,2.6404344
2247,47,11151,1593,5bkd_RCF_A_503,0,surfdock,0.68524704,0.95380714,2.6232138,0,0,4.3048471
2248,47,13818,1974,5uio_LG3_A_201,0,surfdock,0.68524704,0.95027469,2.6738274,0,0.9922251,2.1984508
2249,47,9513,1359,4nkw_PLO_D_601,0,surfdock,0.76926728,0.942014,2.9864759,0,0.98034375,3.9260768
2250,47,4795,685,2npq_BOG_A_2000,0,surfdock,0.7380927,0.94156015,2.9216707,0,0,3.0044944
2251,47,2940,420,1u18_HSM_B_402,0,surfdock,0.68696937,0.9363921,2.953903,0,0.99603017,2.2336785
2252,47,434,62,1e7h_PLM_A_1007,0,surfdock,0.75342017,0.93548904,3.0363553,0,0.99092652,2.7458142
2253,47,4942,706,2o7d_DHC_H_701,0,surfdock,0.76564714,0.92645699,3.2127328,0,0.99861374,6.0677179
2254,47,9401,1343,4mop_2H5_B_802,0,surfdock,0.7015903,0.92403297,3.159095,0,0.99591975,2.7138877
2255,47,9478,1354,4ni1_2JX_A_204,0,surfdock,0.68524704,0.92317367,3.0816684,0,0,2.6870492
2256,47,7315,1045,4ajj_MLI_D_1333,0,surfdock,0.69844178,0.92232272,3.1805878,0,0,2.0752333
2257,47,10185,1455,4uy7_HIS_B_800,0,surfdock,0.68524704,0.91876885,3.1513875,0,0,2.4339585
2258,47,12572,1796,5ip6_6C9_A_301,0,surfdock,0.68524704,0.91876609,3.151433,0,0.88842373,3.205158
2259,47,17045,2435,6s9g_L1Q_A_305,0,surfdock,0.75456276,0.91723323,3.331959,0,0.99700611,3.2533709
2260,47,56,8,1aia_PMP_A_411,0,surfdock,0.68524704,0.91663305,3.1855564,0,0.21621794,3.3163292
2261,47,4928,704,2o7d_DHC_E_701,0,surfdock,0.68524704,0.91477604,3.2154586,0,0.99706755,2.8678815
2262,47,4900,700,2o7b_HC4_D_701,0,surfdock,0.68524704,0.91298725,3.2444346,0,0.99309925,2.9847246
2263,47,17389,2484,6ur0_ETM_A_401,1,unimol,0.68392299,0.91184524,2.5629449,0,0.76054029,16.53
2264,47,98,14,1amq_PMP_A_413,0,surfdock,0.68524704,0.91154911,3.2678549,0,0,3.1383996
2265,47,17396,2485,6ur0_ETM_B_401,1,unimol,0.68392299,0.90961869,2.595958,0,0.96809039,21.65
2266,47,11999,1714,5fv3_OGA_A_1770,1,unimol,0.68392299,0.9075837,2.6263413,0,0.98032821,23.36
2267,47,16289,2327,6ncx_ADA_D_601,0,surfdock,0.68524704,0.90742183,3.3356881,0,0,2.6086906
2268,47,9968,1424,4rql_SNE_A_505,0,surfdock,0.70220849,0.90714689,3.4355533,0,0.99305665,2.5333557
2269,47,16268,2324,6ncx_ADA_A_601,0,surfdock,0.68524704,0.90638314,3.3529065,0,0,2.6376895
2270,47,7701,1100,4cle_JR2_A_1270,1,unimol,0.68392299,0.90285752,2.6977031,0,0,24.04
2271,47,7722,1103,4cle_JR2_C_1270,1,unimol,0.68392299,0.90285752,2.6977031,0,0,22.51
2272,47,7729,1104,4cle_JR2_D_1270,1,unimol,0.68392299,0.90285752,2.6977031,0,0,17.73
2273,47,5159,737,2qd4_CHD_A_801,0,surfdock,0.76334702,0.90222634,3.6117115,0,3.7933756e-08,4.2062896
2274,47,7715,1102,4cle_JR2_B_1270,1,unimol,0.68392299,0.90138012,2.7202418,0,0,21.53
2275,47,9380,1340,4mol_2FG_C_703,0,surfdock,0.68524704,0.89903155,3.4764767,0,0.0074979064,2.7600281
2276,47,5194,742,2qd4_CHD_B_928,0,surfdock,0.73610668,0.89856607,3.6117115,0,0,4.254858
2277,47,399,57,1e2j_THM_B_500,0,surfdock,0.68524704,0.8957213,3.5331137,0,0.98410595,3.3150911
2278,47,13783,1969,5ud3_P6F_A_404,0,surfdock,0.6764148,0.89474022,2.198344,0,0,3.6362939
2279,47,4025,575,2ci0_1CM_A_1450,0,surfdock,0.66692074,0.89403378,2.198344,0,2.7426361e-05,3.24652
2280,47,14735,2105,6a3j_SOE_A_402,0,surfdock,0.66692074,0.89403378,2.198344,0,0.0089691686,2.70716
2281,47,392,56,1e2j_THM_A_500,0,surfdock,0.68524704,0.89333373,3.5743546,0,0.98420793,3.3469871
2282,47,6797,971,3wat_BMA_B_404,0,surfdock,0.68524704,0.89312634,3.5779529,0,0.99042,2.7335768
2283,47,13790,1970,5ud3_P6F_B_404,0,surfdock,0.63643061,0.89274934,2.198344,0,0,3.6443343
2284,47,6860,980,3wjz_NUP_A_301,0,surfdock,0.68524704,0.88540499,3.7137127,0,0,3.6776969
2285,47,15701,2243,6i6r_H62_A_704,0,surfdock,0.59503654,0.88270843,2.3281684,0,0.92511346,2.6941482
2286,47,6958,994,3wug_XYP_C_2,0,surfdock,0.68524704,0.88172981,3.7795882,0,0.24022558,2.1871986
2287,47,9345,1335,4mig_G3F_D_802,0,surfdock,0.76202146,0.88123697,3.9827137,0,0.96683168,2.7636333
2288,48,3143,449,1vzu_UDP_B_2371,0,surfdock,0.74976102,0.99465241,2.1949294,0,0.97566077,3.923967
2289,48,1617,231,1kwu_MMA_A_501,0,surfdock,0.7467559,0.99439469,2.1949294,0,0,2.5232085
2290,48,1624,232,1kwu_MMA_B_601,0,surfdock,0.73319481,0.99342826,2.1949294,0,0.017913055,2.5269657
2291,48,7371,1053,4b1f_DGL_A_1257,0,surfdock,0.76456955,0.99052468,2.2802553,0,0.0014380996,2.895579
2292,48,7378,1054,4b1f_DGL_B_1256,0,surfdock,0.76395756,0.99039668,2.2802553,0,0.0023638514,2.6219227
2293,48,231,33,1cib_HDA_A_437,0,surfdock,0.7313709,0.98451069,2.3086743,0,0,2.4593843
2294,48,700,100,1gim_HDA_A_438,0,surfdock,0.7316772,0.98377681,2.3191483,0,0,2.3985263
2295,48,5754,822,2xhk_AKG_A_519,0,surfdock,0.68254446,0.96277386,2.5754988,0,0.92365457,2.4277778
2296,48,10886,1555,5a02_GOL_A_1341,1,unimol,0.68085483,0.9488435,2.1949294,0,0.86432338,24.55
2297,48,10893,1556,5a02_GOL_B_1342,1,unimol,0.68085483,0.9488435,2.1949294,0,0.75620879,22.16
2298,48,10900,1557,5a02_GOL_C_1341,1,unimol,0.68085483,0.9488435,2.1949294,0,0.84873149,25.93
2299,48,10907,1558,5a02_GOL_D_1341,1,unimol,0.68085483,0.9488435,2.1949294,0,0.58751,20.04
2300,48,10914,1559,5a02_GOL_E_1341,1,unimol,0.68085483,0.9488435,2.1949294,0,0,23.96
2301,48,10921,1560,5a02_GOL_F_1342,1,unimol,0.68085483,0.9488435,2.1949294,0,0.84756922,21.16
2302,48,12538,1791,5in3_G1P_A_416,1,unimol,0.68085483,0.94174868,2.290854,0,0.98369825,19.81
2303,48,12545,1792,5in3_G1P_B_418,1,unimol,0.68085483,0.94174868,2.290854,0,0.98134431,23.55
2304,48,5187,741,2qd4_CHD_B_927,0,surfdock,0.7715329,0.94012452,3.0036075,0,2.0706733e-09,3.3122245
2305,48,280,40,1d7a_AIR_A_300,0,surfdock,0.75244987,0.93913452,2.9762039,0,0.67609753,3.3867431
2306,48,5173,739,2qd4_CHD_A_803,0,surfdock,0.77085476,0.93904602,3.0163422,0,0,3.5896988
2307,48,294,42,1d7a_AIR_C_400,0,surfdock,0.72818074,0.93700676,2.9762039,0,0,3.386709
2308,48,301,43,1d7a_AIR_D_450,0,surfdock,0.71957902,0.936642,2.9762039,0,0.97994517,3.3899028
2309,48,287,41,1d7a_AIR_B_350,0,surfdock,0.70290889,0.93610306,2.9733036,0,0.95471767,3.5235584
2310,48,1316,188,1j3i_WRA_B_709,0,surfdock,0.77453603,0.93471908,3.0958982,0,0.97842315,3.9564379
2311,48,1309,187,1j3i_WRA_A_609,0,surfdock,0.7713581,0.93428883,3.0922852,0,0,3.989063
2312,48,5166,738,2qd4_CHD_A_802,0,surfdock,0.74528827,0.92863033,3.1231916,0,0.83353854,4.1455653
2313,48,5180,740,2qd4_CHD_B_926,0,surfdock,0.77039713,0.92703301,3.2003667,0,0,3.6507416
2314,48,5264,752,2qse_1HP_A_1,0,surfdock,0.76194202,0.92509378,3.2178714,0,0.99307504,3.305021
2315,48,6406,915,3se2_3AB_D_3,1,unimol,0.68085483,0.91875418,2.6171691,0,0.98617436,21.6
2316,48,6399,914,3se2_3AB_C_4,1,unimol,0.68085483,0.91705426,2.6422708,0,0.97637724,21.86
2317,49,11998,1714,5fv3_OGA_A_1770,0,surfdock,0.76257559,0.99741802,2.1967325,0,0.99799561,2.8540856
2318,49,16163,2309,6mry_FLC_A_101,0,surfdock,0.75031935,0.99561064,2.1967325,0,0.98769566,2.8375034
2319,49,735,105,1gsq_GDN_A_203,0,surfdock,0.73925681,0.9945133,2.1967325,0,0.73101184,2.927866
2320,49,3388,484,1y2x_NAG_A_144,0,surfdock,0.69766939,0.99257681,2.1967325,0,0,2.793322
2321,49,1057,151,1h8p_PC_A_1110,0,surfdock,0.69418343,0.98934121,2.2365563,0,0,2.6176915
2322,49,1064,152,1h8p_PC_B_1110,0,surfdock,0.71798336,0.98748976,2.2746189,0,0.98868054,2.554675
2323,49,1071,153,1h8p_PC_B_1111,0,surfdock,0.73203546,0.98236378,2.3492575,0,0,2.5585804
2324,49,10416,1488,4xp0_42A_A_404,0,surfdock,0.76910306,0.97520153,2.5005052,0,0.99687933,2.5282739
2325,49,12537,1791,5in3_G1P_A_416,0,surfdock,0.76486892,0.96838607,2.5864003,0,0.98500283,2.1236215
2326,49,12544,1792,5in3_G1P_B_418,0,surfdock,0.76326705,0.96813547,2.5864003,0,0,2.9894035
2327,49,581,83,1fuq_CIT_A_1001,0,surfdock,0.70287701,0.95028517,2.7773173,0,0.7328087,2.6607767
2328,49,6483,926,3u1t_MLI_A_351,1,unimol,0.68254905,0.95016783,2.1967325,0,0.93668993,22.09
2329,49,6490,927,3u1t_MLI_B_350,1,unimol,0.68254905,0.95016783,2.1967325,0,0.94240646,20.24
2330,49,588,84,1fuq_CIT_B_1002,0,surfdock,0.75345831,0.95013711,2.821789,0,0.42350044,2.4601984
2331,49,6027,861,2z7s_P01_A_1,0,surfdock,0.74526244,0.945646,2.8716447,0,0.73019444,4.2077217
2332,49,12047,1721,5g21_YN4_A_1002,0,surfdock,0.7167201,0.92500345,3.1688519,0,0.95834817,5.0657047
2333,49,17052,2436,6s9g_L1Q_A_306,0,surfdock,0.68295852,0.91514293,3.3057709,0,0.94764216,2.7907181
2334,49,13454,1922,5r28_RDJ_A_401,0,surfdock,0.75937436,0.90309114,3.5834324,0,0.9852464,3.0764899
2335,49,126,18,1aua_BOG_A_2,0,surfdock,0.67442772,0.90301446,2.1967325,0,0.15718129,3.2993286
2336,49,7154,1022,3zyx_MBT_A_601,0,surfdock,0.67442772,0.90301446,2.1967325,0,0.99571843,5.0978006
2337,49,7161,1023,3zyx_MBT_B_601,0,surfdock,0.67442772,0.90301446,2.1967325,0,0,3.5303049
2338,49,8400,1200,4gcq_0JM_B_401,0,surfdock,0.75592438,0.9005046,3.621805,0,0.00023758942,3.5591604
2339,49,4144,592,2eb5_OXL_A_2001,0,surfdock,0.66662219,0.89781823,2.1967325,0,0.98917454,2.2354571
2340,49,7028,1004,3wxo_NIZ_A_804,0,surfdock,0.6744268,0.89775011,2.2068024,0,0.0010568972,2.3119009
2341,49,119,17,1aua_BOG_A_1,0,surfdock,0.65541101,0.89717273,2.1967325,0,0,3.3150406
2342,49,16184,2312,6mry_FLC_I_102,0,surfdock,0.64358781,0.89672089,2.1967325,0,0,2.7492009
2343,49,16170,2310,6mry_FLC_B_101,0,surfdock,0.61744682,0.89601084,2.1967325,0,0.81909782,2.889825
2344,49,16177,2311,6mry_FLC_C_102,0,surfdock,0.61410113,0.89588175,2.1967325,0,0.76872413,1.878073
2345,49,7938,1134,4d0z_BBK_E_1584,0,surfdock,0.67442772,0.89511808,2.3089323,0,0.92336522,2.8271555
2346,49,7931,1133,4d0z_BBK_B_1580,0,surfdock,0.67442772,0.89419869,2.3221896,0,0.95713481,2.6668645
2347,49,12320,1760,5hgz_MLA_A_303,0,surfdock,0.57345636,0.89407436,2.1967325,0,0.97848244,1.9900539
2348,49,2010,287,1nf0_13P_B_1150,1,unimol,0.68254905,0.8906105,3.0718451,0,0,16.5
2349,49,10766,1538,4zsy_RW2_A_502,0,surfdock,0.72836704,0.89002501,3.7613757,0,0,4.4133668
2350,49,2003,286,1nf0_13P_A_5001,1,unimol,0.68254905,0.8897704,3.0854595,0,0.9324785,21.82
2351,49,9289,1327,4lz7_GLU_A_802,0,surfdock,0.67442772,0.8877827,2.4158545,0,0,2.614759
2352,49,5586,798,2vzu_PNJ_B_1904,0,surfdock,0.71343324,0.88736225,3.7995532,0,0.99140071,3.3208998
2353,49,15470,2210,6gl4_GLU_A_301,0,surfdock,0.67442772,0.88707076,2.426373,0,0,2.676258
2354,49,15477,2211,6gl4_GLU_B_301,0,surfdock,0.67442772,0.88707076,2.426373,0,0,2.6146568
2355,49,12257,1751,5h8q_GLY_B_301,0,surfdock,0.67442772,0.88662762,2.4329331,0,0,2.152815
2356,49,4291,613,2fc0_DGP_A_239,0,surfdock,0.6742903,0.88506989,2.3874681,0,0.0015877382,3.1155697
2357,49,6294,899,3qxx_8AC_A_221,1,unimol,0.68254905,0.88150564,3.2214835,0,0.97202613,23.89
2358,49,4879,697,2o1o_RIS_A_400,0,surfdock,0.75165624,0.88093732,3.9534175,0,0,3.2806648
2359,49,4886,698,2o1o_RIS_B_400,0,surfdock,0.7575581,0.88052953,3.9808669,0,0.92457638,3.2041633
2360,49,13405,1915,5oew_GLU_A_301,0,surfdock,0.67442772,0.88021919,2.5289118,0,0,2.3361478
2361,49,13412,1916,5oew_GLU_B_902,0,surfdock,0.67442772,0.88021919,2.5289118,0,0,2.7533071
2362,49,13419,1917,5oew_GLU_C_302,0,surfdock,0.67442772,0.88021919,2.5289118,0,0,2.5678235
2363,49,17619,2517,6yk5_PVK_A_312,0,surfdock,0.67442772,0.87955149,2.5390334,0,0.99633508,3.3265446
2364,49,17626,2518,6yk6_OUB_A_311,0,surfdock,0.67442772,0.87955149,2.5390334,0,0.99551536,3.3345739
2365,49,3724,532,2a5t_GLY_A_1001,0,surfdock,0.67442772,0.87909808,2.5459189,0,0,2.2861217
2366,49,10199,1457,4uzi_IMD_B_1456,0,surfdock,0.77119278,0.87873265,4.0426097,0,0.8941696,3.9603235
2367,50,12145,1735,5gto_MYR_A_502,0,surfdock,0.71459808,0.99417174,2.1948268,0,0,3.2528566
2368,50,6685,955,3vnm_SDD_B_301,0,surfdock,0.70723138,0.96419238,2.5899034,0,0.5488338,3.0005467
2369,50,6405,915,3se2_3AB_D_3,0,surfdock,0.7698701,0.93859103,3.0208154,0,0.99562959,2.5658703
2370,50,6398,914,3se2_3AB_C_4,0,surfdock,0.76302894,0.93385308,3.0850039,0,0.9965687,2.4909066
2371,50,4375,625,2fu9_MP2_A_1410,0,surfdock,0.76736742,0.92778027,3.1843243,0,0.98379741,3.3610752
2372,50,3360,480,1xl0_OX2_A_998,0,surfdock,0.77437756,0.91311541,3.4314785,0,0.99585109,3.3628527
2373,50,1561,223,1klz_U_A_2001,0,surfdock,0.66985273,0.90438415,2.1948268,0,0.96733147,2.4806588
2374,50,5285,755,2qvr_FDP_A_333,0,surfdock,0.66985273,0.90438415,2.1948268,0,0.97305232,5.0605215
2375,50,6867,981,3wk1_O7E_A_301,0,surfdock,0.66985273,0.90438415,2.1948268,0,0.98620248,3.5634024
2376,50,7854,1122,4cvb_PQQ_A_1608,0,surfdock,0.66985273,0.90438415,2.1948268,0,0,3.8820325
2377,50,10045,1435,4u8p_UDP_A_603,0,surfdock,0.66985273,0.90438415,2.1948268,0,0.89250141,1.9156895
2378,50,15645,2235,6hsg_GM5_A_504,0,surfdock,0.75220184,0.90092104,3.6090579,0,0,3.6036237
2379,50,14105,2015,5w7b_MYR_B_208,0,surfdock,0.57456358,0.8972931,2.1948268,0,0.98258875,3.0239843
2380,50,5348,764,2r4j_13P_B_816,0,surfdock,0.67086957,0.89565509,2.3780231,0,0,2.5773163
2381,50,805,115,1h18_DTL_B_9010,0,surfdock,0.66985273,0.89563314,2.3187613,0,0.97209303,2.4914823
2382,50,791,113,1h18_DTL_A_9010,0,surfdock,0.66985273,0.8949067,2.3292129,0,0.99086552,2.3909501
2383,50,784,112,1h18_DTL_A_9009,0,surfdock,0.66985273,0.89345229,2.3502147,0,0.99448401,2.2306867
2384,50,217,31,1cdk_MYR_B_403,0,surfdock,0.69581198,0.89238485,3.7064896,0,0.9745238,2.3054236
2385,50,798,114,1h18_DTL_B_9009,0,surfdock,0.66985273,0.89130717,2.3813798,0,0.99240068,2.281551
2386,50,12600,1800,5iuy_BOG_C_503,0,surfdock,0.75899873,0.89063347,3.7947249,0,0.084318658,2.4073598
2387,50,9338,1334,4mig_G3F_C_802,0,surfdock,0.76150595,0.88959502,3.8173256,0,0.95042455,2.8007799
2388,50,15652,2236,6hsg_GM5_B_504,0,surfdock,0.74110243,0.88811035,3.8087685,0,0.99615439,3.5827768
2389,50,2500,357,1qjc_PNS_B_1163,1,unimol,0.68185116,0.88778219,3.1307557,0,0,18.78
2390,50,15659,2237,6hsg_GM5_C_504,0,surfdock,0.69369305,0.88110463,3.9049377,0,0,3.5754749
2391,50,13657,1951,5thu_B3N_B_404,0,surfdock,0.62779886,0.88009163,2.4629002,0,0,3.6837984
2392,50,1974,282,1n3o_GYP_B_1101,0,surfdock,0.75231641,0.87969161,3.9874868,0,0.042341654,2.7036229
2393,50,6293,899,3qxx_8AC_A_221,0,surfdock,0.75999064,0.87957592,3.9959393,0,0.9584796,2.5159338
2394,50,1967,281,1n3o_GYP_A_1001,0,surfdock,0.74237614,0.87832004,3.9874868,0,0,2.7042053
2395,50,17395,2485,6ur0_ETM_B_401,0,surfdock,0.75724238,0.87741385,4.0338507,0,0.98154439,2.1910813
2396,50,6678,954,3vnm_SDD_A_301,0,surfdock,0.66985273,0.87734093,2.5899034,0,0.5634226,2.9686438
2397,50,11648,1664,5eo7_SFU_C_402,0,surfdock,0.57453642,0.87662425,2.4949944,0,0,2.4691404
2398,50,12586,1798,5ita_6DC_B_801,0,surfdock,0.76703495,0.87528695,4.0852151,0,0.51378784,4.4532884
2399,50,6692,956,3vnm_SDD_C_301,0,surfdock,0.66985273,0.87335662,2.6512322,0,0.49332286,2.7772493
2400,50,1183,169,1iri_E4P_D_604,0,surfdock,0.76008514,0.86639589,4.2457213,0,0.99168967,2.8925561
2401,50,1176,168,1iri_E4P_C_603,0,surfdock,0.75216869,0.86588955,4.2457213,0,0.99298605,2.9215186
2402,50,1169,167,1iri_E4P_B_602,0,surfdock,0.75152699,0.86521444,4.2457213,0,0.98966565,2.8570735
2403,50,1162,166,1iri_E4P_A_601,0,surfdock,0.74821316,0.86510192,4.2457213,0,0.99636509,4.7028776
2404,50,17339,2477,6tt4_FT8_A_709,0,surfdock,0.73469221,0.86509931,4.2294655,0,0.99238354,4.0421916
2405,50,4781,683,2nos_AGU_A_903,0,surfdock,0.71870695,0.86413553,4.2382951,0,0.15479364,2.0964395
2406,50,17745,2535,7c7g_FJR_B_402,0,surfdock,0.77343786,0.85765326,4.4381428,0,0.99153711,3.8066775
2407,50,7966,1138,4d5e_TPP_A_1589,0,surfdock,0.74075639,0.85740982,4.385366,0,0.36990274,4.8050634
2408,50,13902,1986,5uo3_8EY_B_804,0,surfdock,0.56982838,0.85556009,2.8145378,0,0.9837912,3.803672
2409,50,469,67,1ei6_PPF_D_412,0,surfdock,0.69946544,0.85513252,4.4040313,0,0.99636031,2.3249696
2410,50,3444,492,1yee_PNB_H_551,0,surfdock,0.76567124,0.85504864,4.4769487,0,0.98948095,3.9869009
2411,50,224,32,1cgk_NAR_A_390,0,surfdock,0.56903328,0.85471442,2.1948268,0,0,3.6420491
2412,50,651,93,1g72_PQQ_C_703,0,surfdock,0.56903328,0.85471442,2.1948268,0,7.0264733e-06,3.9703358
2413,50,1365,195,1jho_NIO_A_991,0,surfdock,0.56903328,0.85471442,2.1948268,0,0.74250038,2.4856904
2414,50,1372,196,1jhv_NIO_A_991,0,surfdock,0.56903328,0.85471442,2.1948268,0,0.74166281,2.4130963
2415,50,1519,217,1kdo_C_A_5407,0,surfdock,0.56903328,0.85471442,2.1948268,0,0.96351685,3.7210304
2416,50,1652,236,1l4f_NCN_A_991,0,surfdock,0.56903328,0.85471442,2.1948268,0,0.9681295,3.9795237
2417,51,11823,1689,5fe1_12Q_A_901,0,surfdock,0.78740416,0.99870062,2.1936986,0,0.99711882,2.4373441
2418,51,6573,939,3v7u_MTA_A_302,0,surfdock,0.75321593,0.9403705,2.9775357,0,0.98556534,3.2286413
2419,51,1484,212,1kae_HSO_A_1001,0,surfdock,0.67555221,0.90628248,2.1936986,0,0.97038463,2.5879972
2420,51,2121,303,1o28_UFP_B_708,0,surfdock,0.67555221,0.90628248,2.1936986,0,0,3.5742421
2421,51,2128,304,1o28_UFP_C_713,0,surfdock,0.67555221,0.90628248,2.1936986,0,0,3.6866722
2422,51,2135,305,1o28_UFP_D_718,0,surfdock,0.67555221,0.90628248,2.1936986,0,9.5050001e-05,3.593496
2423,51,2142,306,1o29_UFP_A_803,0,surfdock,0.67555221,0.90628248,2.1936986,0,0.00012005399,3.5447023
2424,51,2149,307,1o29_UFP_B_808,0,surfdock,0.67555221,0.90628248,2.1936986,0,0,5.2532266
2425,51,2156,308,1o29_UFP_C_813,0,surfdock,0.67555221,0.90628248,2.1936986,0,0.0001942159,3.6100121
2426,51,2163,309,1o29_UFP_D_818,0,surfdock,0.67555221,0.90628248,2.1936986,0,0,3.4974421
2427,51,6328,904,3ro7_TDR_A_300,0,surfdock,0.67555221,0.90628248,2.1936986,0,0,2.2216026
2428,51,6951,993,3wug_XYP_B_2,0,surfdock,0.67555221,0.90628248,2.1936986,0,0,2.0131156
2429,51,11592,1656,5edh_5MF_C_803,0,surfdock,0.67555221,0.90628248,2.1936986,0,0.98998004,3.9792925
2430,51,11599,1657,5edh_5MF_D_803,0,surfdock,0.67555221,0.90628248,2.1936986,0,0,4.0315676
2431,51,11984,1712,5fuv_THM_A_1388,0,surfdock,0.67555221,0.90628248,2.1936986,0,0,3.1884797
2432,51,6783,969,3w7f_FPS_B_301,0,surfdock,0.67555221,0.90482191,2.2140834,0,0,4.1114917
2433,51,518,74,1fds_EST_A_350,0,surfdock,0.66960306,0.90202703,2.1936986,0,0.99721255,3.3758382
2434,51,11585,1655,5edh_5MF_A_803,0,surfdock,0.67555221,0.90194437,2.254535,0,0,4.0937483
2435,51,4971,710,2p1e_LAC_A_303,1,unimol,0.68133545,0.90136645,2.9280105,0,0,13.77
2436,51,210,30,1cdk_MYR_A_403,0,surfdock,0.67555221,0.90074803,2.2714658,0,0.97867701,2.2744141
2437,51,14175,2025,5wgw_MB5_A_715,0,surfdock,0.57488018,0.8991684,2.1936986,0,0.54284463,3.1914601
2438,51,6489,927,3u1t_MLI_B_350,0,surfdock,0.74909491,0.89857021,3.6386232,0,0.99701817,2.2558361
2439,51,13048,1864,5lu8_5KN_A_306,0,surfdock,0.67555221,0.8978467,2.2599254,0,0,2.8563441
2440,51,6482,926,3u1t_MLI_A_351,0,surfdock,0.74501481,0.89747501,3.6514778,0,0.99667549,2.1334625
2441,51,6776,968,3w7f_FPS_A_301,0,surfdock,0.6481467,0.89690072,2.2549992,0,0,4.0122563
2442,51,10780,1540,4zsy_RW2_C_502,0,surfdock,0.67555221,0.894888,2.3553874,0,0,4.5498309
2443,51,10773,1539,4zsy_RW2_B_502,0,surfdock,0.67555221,0.89361144,2.3738868,0,0,4.3207179
2444,51,10787,1541,4zsy_RW2_D_502,0,surfdock,0.67555221,0.89342378,2.3766136,0,0,4.4039708
2445,51,12054,1722,5g44_SWX_A_1511,0,surfdock,0.7589516,0.89075664,3.7917297,0,1.3399904e-05,2.8507837
2446,51,1568,224,1km6_OMP_A_2001,0,surfdock,0.67555221,0.89068411,2.4166126,0,0.97817557,4.0283383
2447,51,17325,2475,6tor_PMP_B_504,0,surfdock,0.67555221,0.88571414,2.490124,0,0,3.1503947
2448,51,5880,840,2y2f_YI1_A_1469,0,surfdock,0.67555221,0.88450611,2.5081799,0,0.83272339,3.5093002
2449,51,5740,820,2x6o_2TC_A_1209,0,surfdock,0.67555221,0.88355636,2.5224264,0,0,4.4002253
2450,51,3913,559,2bs8_NAG_A_1177,0,surfdock,0.70336139,0.88216859,3.9044704,0,0.91733601,2.698787
2451,51,13293,1899,5o3b_9HZ_D_501,0,surfdock,0.67555221,0.88120975,2.5578268,0,7.0236726e-05,4.4564101
2452,51,13286,1898,5o3b_9HZ_B_501,0,surfdock,0.67555221,0.8807732,2.5644429,0,0,4.3418617
2453,51,13279,1897,5o3b_9HZ_A_501,0,surfdock,0.67555221,0.88017259,2.573561,0,0,4.537199
2454,51,9227,1318,4lo1_GAL_A_301,1,unimol,0.68133545,0.8771506,3.3222773,0,0.96615984,19.86
2455,51,9234,1319,4lo1_GAL_B_301,1,unimol,0.68133545,0.8771506,3.3222773,0,0.95478858,22.25
2456,51,6580,940,3v8n_5NB_A_301,0,surfdock,0.7657223,0.87640895,4.0559387,0,0.25908289,3.2216833
2457,51,9086,1298,4kfj_1R0_A_202,0,surfdock,0.64690819,0.87414994,2.5899398,0,0,4.4056958
2458,51,182,26,1bo8_U_A_318,0,surfdock,0.67555221,0.87098412,2.7154365,0,0.95434796,3.4683795
2459,51,17038,2434,6s7u_KZK_C_501,0,surfdock,0.67894088,0.87076098,2.7783477,0,0,4.4994345
2460,51,13636,1948,5tdt_MBN_D_501,0,surfdock,0.78392314,0.863458,4.3193574,0,0.088836549,2.1487033
2461,51,2359,337,1pr6_XYA_A_1245,0,surfdock,0.67555221,0.8603581,2.88521,0,0.98852205,3.0507016
2462,51,462,66,1ei6_PPF_C_413,0,surfdock,0.68721583,0.85866112,4.3462806,0,0,2.0903972
2463,51,497,71,1eyw_TEN_A_403,0,surfdock,0.67555221,0.85778708,2.927238,0,0.98636349,2.853019
2464,51,812,116,1h18_PYR_A_1001,0,surfdock,0.57370632,0.85719854,2.1936986,0,0,2.2281665
2465,51,1540,220,1ki2_GA2_A_1,0,surfdock,0.57370632,0.85719854,2.1936986,0,0.95137752,3.498913
2466,51,1547,221,1ki2_GA2_B_2,0,surfdock,0.57370632,0.85719854,2.1936986,0,0.98928761,3.4817345
2467,52,504,72,1f5f_DHT_A_253,0,surfdock,0.7851618,0.99856603,2.1918004,0,0.98975694,3.4907207
2468,52,9646,1378,4p7q_NAG_A_704,0,surfdock,0.66412784,0.90721549,2.1918004,0,0,2.5964143
2469,52,406,58,1e2s_CSN_P_701,0,surfdock,0.63632735,0.90359797,2.1918004,0,0.89353797,2.9647421
2470,52,5033,719,2ptm_CMP_A_401,0,surfdock,0.66412784,0.89580495,2.3532746,0,0,3.4552826
2471,52,6566,938,3v7u_MTA_A_301,0,surfdock,0.58584871,0.88470376,2.4447496,0,0.14848019,3.1576531
2472,52,5495,785,2v7o_DRN_A_1303,0,surfdock,0.71839235,0.8683304,4.1663227,0,0.94648488,4.4563874
2473,52,5915,845,2yjd_YJD_A_1498,0,surfdock,0.78625279,0.86097279,4.3668432,0,0.99391657,3.6635991
2474,52,5922,846,2yjd_YJD_B_1498,0,surfdock,0.78491861,0.8608042,4.3668432,0,0,6.6417426
2475,52,1953,279,1msv_PUT_B_355,0,surfdock,0.56321945,0.85982923,2.1918004,0,0.93965909,2.4776504
2476,52,1995,285,1ne4_RP1_A_601,0,surfdock,0.56321945,0.85982923,2.1918004,0,0,3.7086809
2477,52,2240,320,1owz_4FA_A_409,0,surfdock,0.56321945,0.85982923,2.1918004,0,0.98487937,5.7590995
2478,52,2534,362,1r4s_MUA_A_800,0,surfdock,0.56321945,0.85982923,2.1918004,0,0.082806303,2.4548227
2479,52,2611,373,1rvz_NAG_A_3321,0,surfdock,0.56321945,0.85982923,2.1918004,0,2.3336708e-05,2.1828092
2480,52,2618,374,1rvz_NAG_F_3331,0,surfdock,0.56321945,0.85982923,2.1918004,0,8.6951221e-05,2.6566408
2481,52,2653,379,1s5s_PG3_A_1,0,surfdock,0.56321945,0.85982923,2.1918004,0,0.97213715,2.5485703
2482,52,2751,393,1t5z_DHT_A_931,0,surfdock,0.56321945,0.85982923,2.1918004,0,0.98484995,3.7836678
2483,52,3276,468,1x7j_GEN_A_201,0,surfdock,0.56321945,0.85982923,2.1918004,0,0.99605635,3.7463858
2484,52,3283,469,1x7j_GEN_B_202,0,surfdock,0.56321945,0.85982923,2.1918004,0,0,3.7543114
2485,52,4200,600,2eup_LG4_A_400,0,surfdock,0.56321945,0.85982923,2.1918004,0,0.99484732,2.2853423
2486,52,4207,601,2euq_BVC_A_401,0,surfdock,0.56321945,0.85982923,2.1918004,0,0.73427898,3.275539
2487,52,4529,647,2gzm_DGL_C_503,0,surfdock,0.56321945,0.85982923,2.1918004,0,0,2.6148527
2488,52,4536,648,2gzm_DGL_D_504,0,surfdock,0.56321945,0.85982923,2.1918004,0,0,2.7958326
2489,52,4977,711,2pir_DHT_A_931,0,surfdock,0.56321945,0.85982923,2.1918004,0,0.99481516,3.7586699
2490,52,5390,770,2rbx_3AY_X_2001,0,surfdock,0.56321945,0.85982923,2.1918004,0,0,2.3335885
2491,52,5397,771,2rhx_MLY_A_537,0,surfdock,0.56321945,0.85982923,2.1918004,0,0.95165604,2.6795228
2492,52,5656,808,2whq_HI6_A_1543,0,surfdock,0.56321945,0.85982923,2.1918004,0,0.0044690692,2.6967645
2493,52,5663,809,2whq_HI6_B_1545,0,surfdock,0.56321945,0.85982923,2.1918004,0,0.00242729,2.8310324
2494,52,5957,851,2z26_DOR_A_1410,0,surfdock,0.56321945,0.85982923,2.1918004,0,0,2.557549
2495,53,2569,367,1rf2_BV4_H_108,0,surfdock,0.7534412,0.9533295,2.7776086,0,0.022685385,3.4339892
2496,53,2555,365,1rf2_BV4_F_106,0,surfdock,0.74113575,0.95139337,2.7776086,0,0,3.4730275
2497,53,2562,366,1rf2_BV4_G_107,0,surfdock,0.74076675,0.95133091,2.7776086,0,0.028399354,3.5566514
2498,53,2548,364,1rf2_BV4_E_105,0,surfdock,0.73534839,0.95114354,2.7776086,0,0,3.4562252
2499,53,2541,363,1rf2_BV4_D_104,0,surfdock,0.73085152,0.95089372,2.7776086,0,0,3.4777054
2500,53,9226,1318,4lo1_GAL_A_301,0,surfdock,0.76389253,0.94199507,2.9486749,0,0.97194241,2.4374802
2501,53,9233,1319,4lo1_GAL_B_301,0,surfdock,0.75560707,0.94174829,2.9486749,0,0,2.3114595
2502,53,17199,2457,6t5p_VD8_A_302,0,surfdock,0.70794509,0.92338476,3.1885812,0,0.99121313,3.3118705
2503,53,17388,2484,6ur0_ETM_A_401,0,surfdock,0.61407155,0.90342171,2.1918275,0,0.75018752,2.2895578
2504,53,17752,2536,7cne_SIN_A_402,0,surfdock,0.59546061,0.90276871,2.1918275,0,0,2.3433013
2505,53,10885,1555,5a02_GOL_A_1341,0,surfdock,0.68969123,0.89631179,3.6313365,0,0.9922155,2.1168342
2506,53,10899,1557,5a02_GOL_C_1341,0,surfdock,0.67833048,0.89619398,3.6313365,0,0.99558525,2.1927317
2507,53,10920,1560,5a02_GOL_F_1342,0,surfdock,0.67748361,0.89577119,3.6365993,0,0.99547269,2.0625073
2508,53,11564,1652,5dzh_5KG_B_901,0,surfdock,0.78052349,0.88517404,3.8949165,0,0,4.1346289
2509,53,15673,2239,6i4b_E2N_A_603,0,surfdock,0.65997087,0.88439706,2.4805264,0,0.99096788,3.7158556
2510,53,11557,1651,5dzh_5KG_A_900,0,surfdock,0.76373865,0.87620311,4.0455475,0,0.98964519,4.2396554
2511,53,7042,1006,3wzo_ZOE_C_201,0,surfdock,0.66082498,0.87602114,2.6500754,0,0,4.2061552
2512,53,17262,2466,6tgi_N8Z_A_508,0,surfdock,0.66082498,0.87502112,2.6655068,0,0.99346529,2.872143
2513,53,4662,666,2ipf_FFA_A_3,0,surfdock,0.66082498,0.87360177,2.6875029,0,0.97721847,3.2124498
2514,53,3437,491,1y8j_STS_A_900,0,surfdock,0.66082498,0.86552259,2.8147688,0,0.87107372,3.3909367
2515,53,1659,237,1l4n_NIO_A_991,0,surfdock,0.56025217,0.86074833,2.1918275,0,0.76503037,2.4799379
2516,53,2282,326,1p7c_THM_B_501,0,surfdock,0.56025217,0.86074833,2.1918275,0,0.98834238,3.3331892
2517,53,2422,346,1q20_PLO_A_401,0,surfdock,0.56025217,0.86074833,2.1918275,0,4.5957738e-07,3.7948015
2518,53,2730,390,1sz6_NAG_A_5003,0,surfdock,0.56025217,0.86074833,2.1918275,0,0,2.2485242
2519,53,2737,391,1sz6_NAG_B_5001,0,surfdock,0.56025217,0.86074833,2.1918275,0,7.7799723e-05,2.6207427
2520,53,2744,392,1sz6_NAG_B_5004,0,surfdock,0.56025217,0.86074833,2.1918275,0,6.220312e-05,2.4406199
2521,53,2926,418,1tvw_CB3_A_318,0,surfdock,0.56025217,0.86074833,2.1918275,0,0.18547571,4.6013381
2522,53,3129,447,1vzd_CB3_A_318,0,surfdock,0.56025217,0.86074833,2.1918275,0,0,4.5719371
2523,53,3255,465,1x09_IPE_A_902,0,surfdock,0.56025217,0.86074833,2.1918275,0,0.90629933,2.9396694
2524,53,3409,487,1y42_TYR_X_701,0,surfdock,0.56025217,0.86074833,2.1918275,0,0.85924668,2.8970069
2525,53,4984,712,2pnz_UDP_A_250,0,surfdock,0.56025217,0.86074833,2.1918275,0,0.92954455,3.7173076
2526,53,5054,722,2pwf_BGC_D_9999,0,surfdock,0.56025217,0.86074833,2.1918275,0,0.95640016,2.7718168
2527,53,5068,724,2q6m_P34_A_1001,0,surfdock,0.56025217,0.86074833,2.1918275,0,0.93265115,3.3662043
2528,53,6258,894,3qt8_FM0_A_328,0,surfdock,0.56025217,0.86074833,2.1918275,0,0.99100529,3.7257301
2529,53,6265,895,3qt8_FM0_B_328,0,surfdock,0.56025217,0.86074833,2.1918275,0,0,3.6703055
2530,53,6377,911,3ryd_SRT_A_267,0,surfdock,0.56025217,0.86074833,2.1918275,0,0.977592,2.3872554
2531,53,6391,913,3ryd_SRT_C_268,0,surfdock,0.56025217,0.86074833,2.1918275,0,0.54297982,2.1861244
2532,53,6734,962,3vqe_FMQ_A_1006,0,surfdock,0.56025217,0.86074833,2.1918275,0,0.98665076,2.7816948
2533,53,6741,963,3vqe_FMQ_B_306,0,surfdock,0.56025217,0.86074833,2.1918275,0,0.9924809,2.8516755
2534,53,7126,1018,3zwe_FUC_A_110,0,surfdock,0.56025217,0.86074833,2.1918275,0,0,2.2958933
2535,53,7133,1019,3zwe_FUC_B_110,0,surfdock,0.56025217,0.86074833,2.1918275,0,0.94357148,2.2897966
2536,53,7140,1020,3zwe_FUC_C_110,0,surfdock,0.56025217,0.86074833,2.1918275,0,0.99039133,2.1546953
2537,53,7581,1083,4c67_L5S_A_1170,0,surfdock,0.56025217,0.86074833,2.1918275,0,0,3.2432911
2538,53,7588,1084,4c7g_NGO_A_1495,0,surfdock,0.56025217,0.86074833,2.1918275,0,0,2.8809428
2539,53,7952,1136,4d3s_BOG_F_1000,0,surfdock,0.56025217,0.86074833,2.1918275,0,0.96742037,3.6085243
2540,53,8106,1158,4du7_DP6_A_401,0,surfdock,0.56025217,0.86074833,2.1918275,0,0.98583086,3.5652661
2541,53,8414,1202,4ghf_4NC_D_402,0,surfdock,0.56025217,0.86074833,2.1918275,0,0,2.5168662
2542,53,8848,1264,4ioq_BAQ_A_201,0,surfdock,0.56025217,0.86074833,2.1918275,0,0.99515791,1.9965713
2543,53,8862,1266,4itu_1HS_A_302,0,surfdock,0.56025217,0.86074833,2.1918275,0,7.9335427e-06,4.5421114
2544,53,8869,1267,4itu_1HS_B_302,0,surfdock,0.56025217,0.86074833,2.1918275,0,7.3478855e-06,2.9050543
2545,54,9065,1295,4k5u_GAL_D_301,0,surfdock,0.78234428,0.9878101,2.3023593,0,0,2.4100229
2546,54,9058,1294,4k5u_GAL_C_301,0,surfdock,0.78021262,0.98482033,2.3395162,0,0.92530297,2.489696
2547,54,9044,1292,4k5u_GAL_A_301,0,surfdock,0.78405497,0.9847837,2.3433735,0,0.99269207,2.616546
2548,54,9051,1293,4k5u_GAL_B_301,0,surfdock,0.77984084,0.98446012,2.3433735,0,0,3.1451917
2549,54,2002,286,1nf0_13P_A_5001,0,surfdock,0.74162539,0.95299263,2.7326298,0,0.99053029,2.6340857
2550,54,13958,1994,5ved_STU_A_601,0,surfdock,0.71402811,0.94909279,2.7760928,0,0,4.8539559
2551,54,14133,2019,5wcz_NOJ_B_601,0,surfdock,0.60920444,0.90421908,2.1877811,0,0.9846017,2.6408458
2552,54,16898,2414,6r7w_CIT_A_406,0,surfdock,0.58498978,0.90362945,2.1877811,0,0.96275909,2.7976271
2553,54,6987,998,3wur_O4B_B_202,1,unimol,0.71992143,0.88954284,3.7296965,0,0.86049093,23.87
2554,54,10605,1515,4z69_DIF_A_1007,0,surfdock,0.78049647,0.88928897,3.7951651,0,0.9943386,3.4811523
2555,54,1022,146,1h69_ARH_C_1275,0,surfdock,0.65933507,0.88841109,2.4682317,0,0,3.4816126
2556,54,4970,710,2p1e_LAC_A_303,0,surfdock,0.65933507,0.88703183,2.4886296,0,0,1.9634558
2557,54,3787,541,2b04_CHO_A_200,0,surfdock,0.65933507,0.88698328,2.4893491,0,0,4.7680131
2558,54,1015,145,1h69_ARH_B_1275,0,surfdock,0.65933507,0.88331696,2.544044,0,0,3.5616722
2559,54,1008,144,1h69_ARH_A_1275,0,surfdock,0.65933507,0.88185748,2.5660074,0,0,3.5700642
2560,54,6966,995,3wur_O4B_A_201,1,unimol,0.67708088,0.8817104,3.2275705,0,0.18494934,39.83
2561,54,6994,999,3wur_O4B_B_204,1,unimol,0.67708088,0.8817104,3.2275705,0,0.057226008,23.25
2562,54,5530,790,2vlf_PLI_A_1457,0,surfdock,0.65933507,0.87852109,2.6166267,0,0.88468094,4.0419328
2563,54,707,101,1gim_IMP_A_440,0,surfdock,0.65933507,0.87501219,2.6704895,0,0,3.8100446
2564,54,7238,1034,4a8p_PAO_B_1340,0,surfdock,0.78259166,0.86989621,4.1526318,0,0.98914774,3.270282
2565,54,238,34,1cib_IMP_A_440,0,surfdock,0.65933507,0.86887908,2.7662065,0,0,3.874648
2566,54,2009,287,1nf0_13P_B_1150,0,surfdock,0.65933507,0.86641931,2.8051679,0,0,2.6236737
2567,54,477,68,1eow_U2G_A_130,1,unimol,0.67708088,0.8660505,3.4944413,0,0,22.35
2568,54,476,68,1eow_U2G_A_130,0,surfdock,0.55887363,0.86255241,2.1877811,0,0,3.1242892
2569,54,770,110,1gz5_UDP_D_900,0,surfdock,0.55887363,0.86255241,2.1877811,0,0,4.3763847
2570,54,1232,176,1iwe_IMP_B_1443,0,surfdock,0.55887363,0.86255241,2.1877811,0,0.97852813,3.9338565
2571,54,1239,177,1iwe_IMP_B_1452,0,surfdock,0.55887363,0.86255241,2.1877811,0,0,3.855453
2572,54,1498,214,1kbq_936_A_703,0,surfdock,0.55887363,0.86255241,2.1877811,0,0.99387654,4.0565085
2573,54,1505,215,1kbq_936_C_701,0,surfdock,0.55887363,0.86255241,2.1877811,0,0.99192282,3.9413596
2574,54,1512,216,1kbq_936_D_702,0,surfdock,0.55887363,0.86255241,2.1877811,0,0.98438844,3.9774864
2575,54,1701,243,1lnf_VAL_E_1321,0,surfdock,0.55887363,0.86255241,2.1877811,0,0.98727058,3.211068
2576,54,1932,276,1moo_4MZ_A_265,0,surfdock,0.55887363,0.86255241,2.1877811,0,0.99139843,1.8446556
2577,54,2254,322,1p1w_AMQ_A_428,0,surfdock,0.55887363,0.86255241,2.1877811,0,0.99363753,3.0575603
2578,54,2261,323,1p1w_AMQ_B_427,0,surfdock,0.55887363,0.86255241,2.1877811,0,0.99633263,2.8826369
2579,54,2408,344,1pym_OXL_A_1001,0,surfdock,0.55887363,0.86255241,2.1877811,0,0.99587261,2.1789846
2580,54,2415,345,1pym_OXL_B_1002,0,surfdock,0.55887363,0.86255241,2.1877811,0,0.9971198,2.0648777
2581,54,2576,368,1rnd_DGP_A_126,0,surfdock,0.55887363,0.86255241,2.1877811,0,0,3.1727591
2582,54,3507,501,1z6k_OAA_A_274,0,surfdock,0.55887363,0.86255241,2.1877811,0,0,2.3472255
2583,54,4088,584,2dcf_ACA_A_501,0,surfdock,0.55887363,0.86255241,2.1877811,0,9.6187547e-07,3.0627425
2584,54,4431,633,2g21_L1B_B_985,0,surfdock,0.55887363,0.86255241,2.1877811,0,0.98792541,4.3942794
2585,54,4494,642,2gyv_HBP_A_1409,0,surfdock,0.55887363,0.86255241,2.1877811,0,0,3.9260173
2586,54,5124,732,2qca_DGP_A_200,0,surfdock,0.55887363,0.86255241,2.1877811,0,0.95858971,3.3449634
2587,54,5131,733,2qca_DGP_A_300,0,surfdock,0.55887363,0.86255241,2.1877811,0,0.97119515,3.5347667
2588,54,5369,767,2r5e_QLP_A_430,0,surfdock,0.55887363,0.86255241,2.1877811,0,0,4.5880256
2589,54,5551,793,2vp5_DCZ_A_1210,0,surfdock,0.55887363,0.86255241,2.1877811,0,0.99219234,3.2652953
2590,54,5558,794,2vp5_DCZ_B_1210,0,surfdock,0.55887363,0.86255241,2.1877811,0,0.98266904,3.2209315
2591,54,5887,841,2y4j_LAC_A_400,0,surfdock,0.55887363,0.86255241,2.1877811,0,0.98384052,2.1792451
2592,54,5894,842,2y4j_LAC_B_400,0,surfdock,0.55887363,0.86255241,2.1877811,0,0.9640357,2.190249
2593,54,5936,848,2yp6_C6W_B_1186,0,surfdock,0.55887363,0.86255241,2.1877811,0,1.2670129e-07,3.0936335
2594,54,6629,947,3vca_PRO_A_504,0,surfdock,0.55887363,0.86255241,2.1877811,0,0.90096218,2.069561
2595,55,5866,838,2xyj_WLM_B_1442,0,surfdock,0.74279706,0.9950046,2.1833274,0,0.92627018,4.93018
2596,55,2423,346,1q20_PLO_A_401,1,unimol,0.74168605,0.99283555,2.1833274,0,0.98976784,17.55
2597,55,6609,944,3vc3_C6P_B_501,1,unimol,0.67593385,0.9516235,2.1833274,0,0.93850982,24.87
2598,55,6616,945,3vc3_C6P_C_501,1,unimol,0.67593385,0.9516235,2.1833274,0,0.95290279,29.03
2599,55,6623,946,3vc3_C6P_F_501,1,unimol,0.67593385,0.9516235,2.1833274,0,0.95816048,28.7
2600,55,17564,2509,6xp1_T2C_A_401,1,unimol,0.67593385,0.94952639,2.210947,0,0.98470695,23.2
2601,55,13105,1872,5m62_BGC_A_409,1,unimol,0.67593385,0.91038563,2.7619865,0,0,15.22
2602,55,5712,816,2wzv_FMN_A_801,0,surfdock,0.65907659,0.90876824,2.1833274,0,0.00037572046,4.9633476
2603,55,5719,817,2wzv_FMN_B_801,0,surfdock,0.65907659,0.90876824,2.1833274,0,0.98355615,4.6948491
2604,55,8960,1280,4jh6_FCN_B_202,0,surfdock,0.65907659,0.90876824,2.1833274,0,0,2.8943924
2605,55,17164,2452,6t07_M45_B_601,0,surfdock,0.65907659,0.90876824,2.1833274,0,0.00023881849,2.6244922
2606,55,2430,347,1q22_AND_A_401,1,unimol,0.67593385,0.90614981,2.8259394,0,0.99136811,15.91
2607,55,17136,2448,6szt_M4Q_A_601,0,surfdock,0.63148971,0.90548179,2.1833274,0,0,3.3181746
2608,55,6041,863,2zgw_ADN_B_1302,0,surfdock,0.60416969,0.90508742,2.1833274,0,0.36922621,3.2594951
2609,55,2268,324,1p2s_ETF_A_400,0,surfdock,0.5713868,0.90449586,2.1833274,0,0,1.9618461
2610,55,6762,966,3w4i_8LG_B_402,0,surfdock,0.65907659,0.89593123,2.3635941,0,0.34595657,2.161602
2611,55,12593,1799,5iuy_BOG_B_503,0,surfdock,0.65907659,0.89558052,2.3686275,0,0.86112427,3.2271973
2612,55,10998,1571,5ack_SVQ_A_600,1,unimol,0.67593385,0.89415998,3.0119157,0,0.78258648,19.68
2613,55,1302,186,1j3i_UMP_D_711,0,surfdock,0.65907659,0.89101258,2.4347396,0,0.98312368,3.5666614
2614,55,1323,189,1j3k_UMP_C_611,0,surfdock,0.65907659,0.89052911,2.4417951,0,0.98438715,3.6307775
2615,55,1295,185,1j3i_UMP_C_611,0,surfdock,0.65907659,0.88916727,2.4617345,0,0.95413995,3.4782145
2616,55,6769,967,3w4i_8LG_D_402,0,surfdock,0.65907659,0.88838039,2.4732978,0,0.98985977,2.1518189
2617,55,3591,513,1zfj_IMP_A_500,0,surfdock,0.5608272,0.88653988,2.4370093,0,0.98325547,3.9429367
2618,55,15051,2150,6cut_FEJ_D_401,1,unimol,0.67593385,0.88353348,3.1831133,0,0.93343857,28.33
2619,55,15030,2147,6cut_FEJ_A_401,1,unimol,0.67593385,0.88347276,3.1841087,0,0.92714295,22.07
2620,55,15037,2148,6cut_FEJ_B_401,1,unimol,0.67593385,0.88347276,3.1841087,0,0.9377936,24
2621,55,15044,2149,6cut_FEJ_C_401,1,unimol,0.67593385,0.88347276,3.1841087,0,0.93209002,23.59
2622,55,10752,1536,4zo7_GLC_A_806,0,surfdock,0.66559124,0.87543956,2.7069547,0,0.99400109,2.7212385
2623,55,70,10,1aiq_UMP_A_265,0,surfdock,0.65257775,0.87228394,2.6756146,0,0.97899523,3.5748086
2624,55,686,98,1gck_PLP_B_913,0,surfdock,0.55865014,0.86440121,2.1833274,0,0,3.2080356
2625,55,763,109,1gz5_UDP_C_900,0,surfdock,0.55865014,0.86440121,2.1833274,0,0.95703959,4.3172244
2626,55,861,123,1h48_C5P_A_203,0,surfdock,0.55865014,0.86440121,2.1833274,0,0.99086604,3.5160553
2627,55,868,124,1h48_C5P_B_901,0,surfdock,0.55865014,0.86440121,2.1833274,0,0,3.5731786
2628,55,875,125,1h48_C5P_E_901,0,surfdock,0.55865014,0.86440121,2.1833274,0,0.98758089,3.4027642
2629,55,882,126,1h48_C5P_F_901,0,surfdock,0.55865014,0.86440121,2.1833274,0,0.9961927,3.5018595
2630,55,931,133,1h5r_G1P_A_1294,0,surfdock,0.55865014,0.86440121,2.1833274,0,0.84403737,3.161929
2631,55,938,134,1h5r_G1P_B_1294,0,surfdock,0.55865014,0.86440121,2.1833274,0,0.9828736,3.1666865
2632,55,945,135,1h5r_G1P_C_1294,0,surfdock,0.55865014,0.86440121,2.1833274,0,0,3.1865425
2633,55,952,136,1h5r_G1P_D_1294,0,surfdock,0.55865014,0.86440121,2.1833274,0,0,3.1967115
2634,55,959,137,1h5r_THM_A_1292,0,surfdock,0.55865014,0.86440121,2.1833274,0,0.99569826,3.134831
2635,55,966,138,1h5r_THM_A_1293,0,surfdock,0.55865014,0.86440121,2.1833274,0,0.98071657,3.039413
2636,55,973,139,1h5r_THM_B_1292,0,surfdock,0.55865014,0.86440121,2.1833274,0,0.95763577,2.9801892
2637,55,980,140,1h5r_THM_C_1292,0,surfdock,0.55865014,0.86440121,2.1833274,0,0,3.0909877
2638,55,987,141,1h5r_THM_C_1293,0,surfdock,0.55865014,0.86440121,2.1833274,0,0,3.2340477
2639,55,994,142,1h5r_THM_D_1292,0,surfdock,0.55865014,0.86440121,2.1833274,0,0.98919434,3.1655211
2640,55,1001,143,1h5r_THM_D_1293,0,surfdock,0.55865014,0.86440121,2.1833274,0,0.45179086,3.2316316
2641,55,1750,250,1lti_GAL_D_104,0,surfdock,0.55865014,0.86440121,2.1833274,0,0.99229857,2.4170301
2642,55,1757,251,1lti_GAL_E_104,0,surfdock,0.55865014,0.86440121,2.1833274,0,0.99412383,2.5128518
2643,55,1764,252,1lti_GAL_H_104,0,surfdock,0.55865014,0.86440121,2.1833274,0,0.98568147,2.4903479
2644,55,2079,297,1ns4_BGC_A_1400,0,surfdock,0.55865014,0.86440121,2.1833274,0,0.071644719,2.5279651
2645,56,12328,1761,5hpu_IPH_A_101,1,unimol,0.67668755,0.95063967,2.1829288,0,0.98832659,18.52
2646,56,4208,601,2euq_BVC_A_401,1,unimol,0.76782506,0.93388396,3.017024,0,0.70256923,14.56
2647,56,17563,2509,6xp1_T2C_A_401,0,surfdock,0.78549413,0.91827763,3.2675862,0,0.9852694,2.4550054
2648,56,4215,602,2eus_ABN_A_400,1,unimol,0.67668755,0.91206895,2.7225943,0,0.99203182,16.45
2649,56,455,65,1ei6_PPF_A_410,0,surfdock,0.67248104,0.91176471,2.1829288,0,0.97993212,2.294692
2650,56,11431,1633,5di7_5CQ_A_601,0,surfdock,0.66246541,0.91117119,2.1829288,0,0.99054191,3.5499709
2651,56,364,52,1duc_DUD_A_201,0,surfdock,0.66132566,0.90909391,2.1829288,0,0.49790609,2.388787
2652,56,11438,1634,5di7_5CQ_B_601,0,surfdock,0.66132566,0.90909391,2.1829288,0,0.98966724,3.6158434
2653,56,13629,1947,5tdt_MBN_A_504,0,surfdock,0.66128943,0.90695067,2.1829288,0,0.99857112,2.1953006
2654,56,13622,1946,5tdt_MBN_A_503,0,surfdock,0.66103963,0.90681878,2.1829288,0,0.08580802,2.1556942
2655,56,13615,1945,5tdt_MBN_A_502,0,surfdock,0.65878441,0.90675284,2.1829288,0,0,2.2099794
2656,56,13643,1949,5tdt_MBN_D_502,0,surfdock,0.64863568,0.906555,2.1829288,0,0.97062039,2.2278538
2657,56,16751,2393,6qdb_HWQ_A_1003,0,surfdock,0.66132566,0.89507685,2.3801672,0,0.98756333,3.6584325
2658,56,6231,890,3qhd_MSR_A_166,1,unimol,0.67668755,0.88458481,3.1509659,0,0.99091825,18.27
2659,56,1827,261,1m3u_KPL_E_265,0,surfdock,0.76758228,0.88452932,3.8284125,0,0.99436588,2.5224493
2660,56,1855,265,1m3u_KPL_J_265,0,surfdock,0.7508345,0.88417729,3.8284125,0,0.99584105,2.5730411
2661,56,1820,260,1m3u_KPL_D_265,0,surfdock,0.72230676,0.88053967,3.8284125,0,0.77151058,2.5396945
2662,56,1806,258,1m3u_KPL_B_265,0,surfdock,0.71960162,0.88048099,3.8284125,0,0.5774203,2.7065992
2663,56,1848,264,1m3u_KPL_I_265,0,surfdock,0.71427789,0.88036365,3.8284125,0,0.23320502,5.6368989
2664,56,1813,259,1m3u_KPL_C_265,0,surfdock,0.71242837,0.88030498,3.8284125,0,0.63416872,2.738891
2665,56,1841,263,1m3u_KPL_H_265,0,surfdock,0.70569679,0.88024631,3.8284125,0,0.2487361,2.504068
2666,56,1799,257,1m3u_KPL_A_265,0,surfdock,0.68330077,0.88018764,3.8284125,0,0.42182256,2.5474979
2667,56,14,2,1a49_OXL_D_2333,0,surfdock,0.5602801,0.87510675,2.6128094,0,0.99569192,2.031792
2668,56,13825,1975,5uio_LG3_B_201,0,surfdock,0.62978393,0.87389656,2.6518371,0,0.99814409,4.6748922
2669,56,308,44,1daf_DSD_A_225,0,surfdock,0.5602801,0.86619625,2.1829288,0,0.87448279,3.0556372
2670,56,315,45,1dai_DSD_A_225,0,surfdock,0.5602801,0.86619625,2.1829288,0,0.89260721,2.9957464
2671,56,1246,178,1ixo_G3P_A_1001,0,surfdock,0.5602801,0.86619625,2.1829288,0,0.86584543,2.5525683
2672,56,1253,179,1ixo_G3P_B_1002,0,surfdock,0.5602801,0.86619625,2.1829288,0,0.83841247,2.644568
2673,57,4214,602,2eus_ABN_A_400,0,surfdock,0.79578915,0.99451638,2.1827502,0,0.9957896,2.8986423
2674,57,6230,890,3qhd_MSR_A_166,0,surfdock,0.79495316,0.99438425,2.1827502,0,0,2.0303482
2675,57,12327,1761,5hpu_IPH_A_101,0,surfdock,0.79300752,0.99431818,2.1827502,0,0.99360749,3.9853029
2676,57,7386,1055,4b1f_KRH_A_1256,1,unimol,0.67700464,0.9508787,2.1827502,0,0.97506368,21.41
2677,57,7393,1056,4b1f_KRH_B_1257,1,unimol,0.67700464,0.9508787,2.1827502,0,0.95203713,18.9
2678,57,11089,1584,5av2_KMP_A_300,1,unimol,0.67700464,0.9180955,2.6364541,0,0,15.7
2679,57,11096,1585,5av3_KMP_A_300,1,unimol,0.67700464,0.91679567,2.6554518,0,0.97086888,18.07
2680,57,4235,605,2exs_TRP_B_2100,0,surfdock,0.66544375,0.90981765,2.1827502,0,0,2.9568051
2681,57,5516,788,2vjb_CCD_B_1539,0,surfdock,0.66544375,0.90981765,2.1827502,0,0,2.8112015
2682,57,7182,1026,4a01_2PN_A_1773,0,surfdock,0.66544375,0.90981765,2.1827502,0,0,2.6098961
2683,57,16730,2390,6q4r_HJ5_A_1009,0,surfdock,0.63877782,0.90737315,2.1827502,0,0,4.7933326
2684,57,1218,174,1itw_ICT_D_743,0,surfdock,0.6385284,0.90724101,2.1827502,0,0.98668586,2.7827767
2685,57,5958,851,2z26_DOR_A_1410,1,unimol,0.74320346,0.90553362,3.4307215,0,0,18.97
2686,57,11810,1687,5fay_CHT_B_906,1,unimol,0.67700464,0.89771953,2.9438343,0,0.96335208,25.33
2687,57,1834,262,1m3u_KPL_F_265,0,surfdock,0.68038868,0.89232548,3.6130388,0,0.27282851,2.7092743
2688,57,2429,347,1q22_AND_A_401,0,surfdock,0.79529089,0.88216695,3.872736,0,0.97766242,3.3329799
2689,57,4138,591,2e56_MYR_A_701,1,unimol,0.67700464,0.88083347,3.2148962,0,0.96573115,27.22
2690,57,4131,590,2e56_MYR_A_601,1,unimol,0.67700464,0.88071297,3.216887,0,0.89674376,25.62
2691,57,7098,1014,3zp7_PRE_A_1118,0,surfdock,0.66793395,0.88000086,2.6434336,0,0,3.2090018
2692,57,4124,589,2e56_MYR_A_501,1,unimol,0.67700464,0.87613203,3.293169,0,0.92168717,24.44
2693,57,11726,1675,5ewc_5SJ_A_801,1,unimol,0.67700464,0.87057872,3.3872645,0,0,15.9
2694,57,609,87,1g4s_TPS_A_2001,0,surfdock,0.56363155,0.86756739,2.1827502,0,0.98867079,4.0188
2695,57,616,88,1g4s_TPS_B_2002,0,surfdock,0.56363155,0.86756739,2.1827502,0,0,3.9905137
2696,57,2436,348,1q3a_NGH_A_480,0,surfdock,0.56363155,0.86756739,2.1827502,0,0.99064438,3.723508
2697,57,2443,349,1q3a_NGH_B_479,0,surfdock,0.56363155,0.86756739,2.1827502,0,0.96675714,3.7231677
2698,57,2450,350,1q3a_NGH_C_481,0,surfdock,0.56363155,0.86756739,2.1827502,0,0.94462054,3.9073967
2699,57,2660,380,1s6h_4BZ_A_1,0,surfdock,0.56363155,0.86756739,2.1827502,0,0.99692146,2.4632676
2700,57,2772,396,1t93_FLV_A_432,0,surfdock,0.56363155,0.86756739,2.1827502,0,0.99533845,2.8296121
2701,57,2912,416,1tt6_DES_A_129,0,surfdock,0.56363155,0.86756739,2.1827502,0,0.33418096,3.0373336
2702,57,2919,417,1tt6_DES_B_128,0,surfdock,0.56363155,0.86756739,2.1827502,0,0.3116108,3.0354246
2703,57,3073,439,1v5g_HTL_A_1602,0,surfdock,0.56363155,0.86756739,2.1827502,0,0.17612155,4.2329617
2704,57,3080,440,1v5y_4HC_A_1455,0,surfdock,0.56363155,0.86756739,2.1827502,0,0.99504592,2.2505401
2705,57,3087,441,1v5y_4HC_B_1201,0,surfdock,0.56363155,0.86756739,2.1827502,0,0.0021852445,2.2899606
2706,57,3122,446,1vkf_CIT_D_503,0,surfdock,0.56363155,0.86756739,2.1827502,0,0.7903452,2.6891382
2707,57,3171,453,1w3t_3GR_B_1297,0,surfdock,0.56363155,0.86756739,2.1827502,0,0.97220018,2.0490043
2708,57,3178,454,1w3t_3GR_D_1297,0,surfdock,0.56363155,0.86756739,2.1827502,0,0.98036883,2.0333613
2709,57,3185,455,1w55_C_A_1372,0,surfdock,0.56363155,0.86756739,2.1827502,0,1.4510704e-05,2.9015676
2710,57,3192,456,1w55_C_A_1373,0,surfdock,0.56363155,0.86756739,2.1827502,0,0.9813245,3.347471
2711,57,3374,482,1xuf_BAZ_A_246,0,surfdock,0.56363155,0.86756739,2.1827502,0,0,3.7759486
2712,57,3423,489,1y5x_E89_A_500,0,surfdock,0.56363155,0.86756739,2.1827502,0,0,4.2749783
2713,57,3430,490,1y5x_E89_D_1500,0,surfdock,0.56363155,0.86756739,2.1827502,0,0,4.2996906
2714,57,4123,589,2e56_MYR_A_501,0,surfdock,0.56363155,0.86756739,2.1827502,0,0.65949861,3.0656147
2715,57,4130,590,2e56_MYR_A_601,0,surfdock,0.56363155,0.86756739,2.1827502,0,0,2.9574193
2716,57,4137,591,2e56_MYR_A_701,0,surfdock,0.56363155,0.86756739,2.1827502,0,0.9766597,3.1923859
2717,57,4417,631,2fzb_TOL_A_700,0,surfdock,0.56363155,0.86756739,2.1827502,0,0.87667258,3.8355486
2718,57,4424,632,2fzb_TOL_A_900,0,surfdock,0.56363155,0.86756739,2.1827502,0,0,2.5189083
2719,57,4445,635,2g8t_MI2_A_401,0,surfdock,0.56363155,0.86756739,2.1827502,0,0,3.1621988
2720,57,4480,640,2gue_NAG_B_122,0,surfdock,0.56363155,0.86756739,2.1827502,0,0,2.604705
2721,57,4851,693,2nu7_COA_B_1325,0,surfdock,0.56363155,0.86756739,2.1827502,0,0,3.0978386
2722,57,4858,694,2nz5_226_A_431,0,surfdock,0.56363155,0.86756739,2.1827502,0,0.029638301,2.48304
2723,58,16030,2290,6l8a_BAL_C_504,0,surfdock,0.78385445,0.99370277,2.1826844,0,0.97370188,1.965551
2724,58,16037,2291,6l8a_BAL_D_507,0,surfdock,0.77992254,0.99343762,2.1826844,0,0.99811306,2.0140837
2725,58,2499,357,1qjc_PNS_B_1163,0,surfdock,0.66155325,0.91034734,2.1826844,0,0.57135051,3.6792356
2726,58,13104,1872,5m62_BGC_A_409,0,surfdock,0.66155325,0.9030084,2.2843904,0,0,2.4140044
2727,58,14862,2123,6b83_6NA_B_201,1,unimol,0.67649168,0.89851927,2.9214292,0,0.89047247,20.87
2728,58,10291,1470,4wqq_MAN_B_204,1,unimol,0.67649168,0.8880252,3.0871494,0,0.95570808,17.64
2729,58,10298,1471,4wqq_MAN_C_204,1,unimol,0.67649168,0.88669684,3.1085477,0,0.93793687,18.49
2730,58,10284,1469,4wqq_MAN_A_204,1,unimol,0.67649168,0.88470241,3.1408553,0,0.90842341,17.47
2731,58,10305,1472,4wqq_MAN_D_204,1,unimol,0.67649168,0.88470241,3.1408553,0,0.95995344,18.12
2732,58,15204,2172,6f3s_CKW_A_902,0,surfdock,0.66155325,0.88149416,2.5973227,0,0.99020573,4.4854593
2733,58,16240,2320,6n9r_OHN_X_305,0,surfdock,0.59203053,0.8734857,2.6739969,0,0,3.6359243
2734,58,1260,180,1ixo_G3P_D_1004,0,surfdock,0.56024239,0.86928278,2.1826844,0,0,2.6241529
2735,58,1673,239,1l5o_NCN_A_991,0,surfdock,0.56024239,0.86928278,2.1826844,0,0.96830921,4.0403109
2736,58,2058,294,1now_IFG_A_557,0,surfdock,0.56024239,0.86928278,2.1826844,0,0.93767286,2.9907985
2737,58,2065,295,1now_IFG_B_558,0,surfdock,0.56024239,0.86928278,2.1826844,0,0.98726233,2.786253
2738,58,3136,448,1vzd_UFP_A_317,0,surfdock,0.56024239,0.86928278,2.1826844,0,0.98543516,3.3424588
2739,58,3150,450,1w1a_NDG_1_1261,0,surfdock,0.56024239,0.86928278,2.1826844,0,0,2.9277173
2740,58,3157,451,1w1a_NDG_2_1261,0,surfdock,0.56024239,0.86928278,2.1826844,0,0.89520071,2.9342111
2741,58,3220,460,1wmz_A2G_B_502,0,surfdock,0.56024239,0.86928278,2.1826844,0,0.95253956,5.7626129
2742,58,3227,461,1wmz_NGA_A_501,0,surfdock,0.56024239,0.86928278,2.1826844,0,0.93263607,2.7493004
2743,58,3234,462,1wmz_NGA_C_503,0,surfdock,0.56024239,0.86928278,2.1826844,0,0,2.7714369
2744,58,3241,463,1wmz_NGA_D_504,0,surfdock,0.56024239,0.86928278,2.1826844,0,0.91030941,2.7220265
2745,58,5229,747,2qim_ZEA_A_160,0,surfdock,0.56024239,0.86928278,2.1826844,0,0,4.7104
2746,58,5313,759,2qxf_TMP_A_3000,0,surfdock,0.56024239,0.86928278,2.1826844,0,0.97848271,3.2517104
2747,58,5404,772,2ri1_GLP_A_234,0,surfdock,0.56024239,0.86928278,2.1826844,0,0,2.7824769
2748,58,5411,773,2ri1_GLP_B_234,0,surfdock,0.56024239,0.86928278,2.1826844,0,0.66481448,3.0096965
2749,58,5453,779,2v32_BEZ_A_1222,0,surfdock,0.56024239,0.86928278,2.1826844,0,0.98959182,2.496641
2750,58,5467,781,2v32_BEZ_C_1222,0,surfdock,0.56024239,0.86928278,2.1826844,0,0.99266246,2.3447701
2751,58,5474,782,2v32_BEZ_D_1221,0,surfdock,0.56024239,0.86928278,2.1826844,0,0.9705932,2.3934584
2752,58,5537,791,2vmg_MBG_A_1179,0,surfdock,0.56024239,0.86928278,2.1826844,0,0.98019659,2.4895842
2753,58,5614,802,2w5t_GP9_A_1644,0,surfdock,0.56024239,0.86928278,2.1826844,0,0,2.6654587
2754,58,5901,843,2y5a_3AP_A_1295,0,surfdock,0.56024239,0.86928278,2.1826844,0,0.15692001,2.1697903
2755,58,6139,877,2zvq_1NP_X_501,0,surfdock,0.56024239,0.86928278,2.1826844,0,0.18870299,2.3296509
2756,58,6146,878,2zvq_1NP_X_502,0,surfdock,0.56024239,0.86928278,2.1826844,0,0,1.9990842
2757,58,6216,888,3qhd_CTN_A_165,0,surfdock,0.56024239,0.86928278,2.1826844,0,0.98127813,2.8603165
2758,58,6223,889,3qhd_CTN_B_165,0,surfdock,0.56024239,0.86928278,2.1826844,0,0.97247348,3.1484207
2759,58,6272,896,3qwi_CUE_A_272,0,surfdock,0.56024239,0.86928278,2.1826844,0,0.99717939,3.311976
2760,58,6279,897,3qwi_CUE_B_272,0,surfdock,0.56024239,0.86928278,2.1826844,0,0.99810223,3.0944767
2761,58,6286,898,3qwi_CUE_D_272,0,surfdock,0.56024239,0.86928278,2.1826844,0,3.9190748e-06,3.2344193
2762,58,6559,937,3v1v_GST_A_511,0,surfdock,0.56024239,0.86928278,2.1826844,0,0.89846807,3.770861
2763,58,7406,1058,4b5v_E8U_A_1253,0,surfdock,0.56024239,0.86928278,2.1826844,0,0,2.79272
2764,58,7413,1059,4b5v_E8U_B_1254,0,surfdock,0.56024239,0.86928278,2.1826844,0,0.88630508,2.8027713
2765,58,7455,1065,4bdr_KAI_B_900,0,surfdock,0.56024239,0.86928278,2.1826844,0,0.92350269,3.2464683
2766,58,7861,1123,4cw2_XDS_A_1303,0,surfdock,0.56024239,0.86928278,2.1826844,0,0,2.6790148
2767,58,8358,1194,4fra_GAL_A_402,0,surfdock,0.56024239,0.86928278,2.1826844,0,0.9772443,2.4807137
2768,58,8526,1218,4hez_1MZ_A_304,0,surfdock,0.56024239,0.86928278,2.1826844,0,0.22115159,1.9759462
2769,58,8533,1219,4hez_1MZ_A_306,0,surfdock,0.56024239,0.86928278,2.1826844,0,0.19139974,1.8470742
2770,58,8638,1234,4i0g_1B9_A_504,0,surfdock,0.56024239,0.86928278,2.1826844,0,0.80440916,3.924105
2771,58,8918,1274,4j5h_1K4_A_303,0,surfdock,0.56024239,0.86928278,2.1826844,0,0,3.7697567
2772,58,8953,1279,4jb0_FER_A_401,0,surfdock,0.56024239,0.86928278,2.1826844,0,0,3.2183945
2773,59,8281,1183,4ejh_0QA_F_502,0,surfdock,0.6639943,0.91214419,2.1770639,0,0,3.0859733
2774,59,12131,1733,5goo_FRU_B_501,0,surfdock,0.66217285,0.91028199,2.1770639,0,0,2.7413969
2775,59,343,49,1dpm_EBP_A_900,0,surfdock,0.60748107,0.90311914,2.2393079,0,0,3.1996436
2776,59,6993,999,3wur_O4B_B_204,0,surfdock,0.66215325,0.88587904,2.4979744,0,0.61499371,5.0012376
2777,59,6965,995,3wur_O4B_A_201,0,surfdock,0.65953319,0.88574932,2.4979744,0,0,1.751724
2778,59,10290,1470,4wqq_MAN_B_204,0,surfdock,0.76682967,0.88254153,3.8103595,0,0.017094036,2.2455519
2779,59,10304,1472,4wqq_MAN_D_204,0,surfdock,0.77002325,0.88227253,3.8193755,0,0.81890647,2.395596
2780,59,10297,1471,4wqq_MAN_C_204,0,surfdock,0.75346128,0.88204341,3.8139637,0,0,2.3453219
2781,59,10283,1469,4wqq_MAN_A_204,0,surfdock,0.73125979,0.87677053,3.8193755,0,0.91004476,2.3819903
2782,59,511,73,1fdk_GLE_A_150,0,surfdock,0.56065202,0.8707103,2.1770639,0,0,4.19696
2783,59,1351,193,1ja9_PYQ_A_406,0,surfdock,0.56065202,0.8707103,2.1770639,0,0,2.707271
2784,59,2380,340,1pt8_OXL_A_802,0,surfdock,0.56065202,0.8707103,2.1770639,0,0.99584749,2.0933613
2785,59,2506,358,1qmh_CIT_A_401,0,surfdock,0.56065202,0.8707103,2.1770639,0,0,2.6658342
2786,59,2513,359,1qmh_CIT_B_401,0,surfdock,0.56065202,0.8707103,2.1770639,0,0.95803441,2.439304
2787,59,2646,378,1s3u_TQD_A_187,0,surfdock,0.56065202,0.8707103,2.1770639,0,0.5475266,4.0551084
2788,59,2814,402,1thc_FL9_A_131,0,surfdock,0.56065202,0.8707103,2.1770639,0,0.0034077821,1.9204727
2789,59,2828,404,1thc_FL9_B_131,0,surfdock,0.56065202,0.8707103,2.1770639,0,0.030091695,1.9957812
2790,59,3353,479,1xkw_188_A_1001,0,surfdock,0.56065202,0.8707103,2.1770639,0,0,3.4281484
2791,59,3794,542,2b3f_GAL_A_3310,0,surfdock,0.56065202,0.8707103,2.1770639,0,0,2.761161
2792,59,3801,543,2b3f_GAL_C_3312,0,surfdock,0.56065202,0.8707103,2.1770639,0,0,2.6916327
2793,59,3808,544,2b3f_GAL_D_3313,0,surfdock,0.56065202,0.8707103,2.1770639,0,0,2.6855147
2794,59,3815,545,2b3f_GAL_E_3314,0,surfdock,0.56065202,0.8707103,2.1770639,0,0,2.828061
2795,59,3822,546,2b3f_GAL_F_3315,0,surfdock,0.56065202,0.8707103,2.1770639,0,0.94250889,2.8313109
2796,59,4767,681,2no7_LDC_A_401,0,surfdock,0.56065202,0.8707103,2.1770639,0,0.99018967,3.3346498
2797,59,4774,682,2no7_LDC_B_401,0,surfdock,0.56065202,0.8707103,2.1770639,0,0.98605472,6.1809314
2798,59,4963,709,2oxp_THP_A_300,0,surfdock,0.56065202,0.8707103,2.1770639,0,0.96268291,3.7942803
2799,59,5362,766,2r4t_GLC_A_502,0,surfdock,0.56065202,0.8707103,2.1770639,0,0,2.8166981
2800,59,5523,789,2vjb_CCD_B_1540,0,surfdock,0.56065202,0.8707103,2.1770639,0,0.00014870783,2.4682249
2801,59,5593,799,2w0b_CMW_A_1450,0,surfdock,0.56065202,0.8707103,2.1770639,0,5.77721e-06,5.762002
2802,59,6202,886,3qgz_ADN_A_127,0,surfdock,0.56065202,0.8707103,2.1770639,0,0.99129892,3.1236053
2803,59,6636,948,3vcp_PRO_A_502,0,surfdock,0.56065202,0.8707103,2.1770639,0,0,2.3970999
2804,59,7147,1021,3zwt_ORO_A_1398,0,surfdock,0.56065202,0.8707103,2.1770639,0,0.20988912,2.5106986
2805,59,7189,1027,4a3u_NCA_A_1359,0,surfdock,0.56065202,0.8707103,2.1770639,0,0.99429191,2.2897425
2806,59,7196,1028,4a3u_NCA_B_1359,0,surfdock,0.56065202,0.8707103,2.1770639,0,0.77207458,2.3170134
2807,59,7448,1064,4bdr_CYS_B_804,0,surfdock,0.56065202,0.8707103,2.1770639,0,0,1.9929507
2808,59,7574,1082,4c2z_646_B_1498,0,surfdock,0.56065202,0.8707103,2.1770639,0,0,4.892861
2809,59,8260,1180,4ejh_0QA_A_502,0,surfdock,0.56065202,0.8707103,2.1770639,0,0.99249055,3.0687066
2810,59,8267,1181,4ejh_0QA_D_502,0,surfdock,0.56065202,0.8707103,2.1770639,0,0,3.2009156
2811,59,8274,1182,4ejh_0QA_E_502,0,surfdock,0.56065202,0.8707103,2.1770639,0,0.72563523,3.0545412
2812,59,8421,1203,4gim_PSU_A_400,0,surfdock,0.56065202,0.8707103,2.1770639,0,0,3.8323785
2813,59,8428,1204,4gim_PSU_B_400,0,surfdock,0.56065202,0.8707103,2.1770639,0,0.97830455,3.7372134
2814,59,8519,1217,4hey_4MZ_A_307,0,surfdock,0.56065202,0.8707103,2.1770639,0,0.071537657,1.8959037
2815,59,8687,1241,4i6s_FUC_A_101,0,surfdock,0.56065202,0.8707103,2.1770639,0,0.98624321,2.171519
2816,59,8701,1243,4i6s_FUC_B_101,0,surfdock,0.56065202,0.8707103,2.1770639,0,0.52744812,2.1105659
2817,59,8764,1252,4i9n_1E5_A_402,0,surfdock,0.56065202,0.8707103,2.1770639,0,0.88465507,3.5428221
2818,59,8771,1253,4i9n_1E5_B_402,0,surfdock,0.56065202,0.8707103,2.1770639,0,0.99031155,3.5943086
2819,59,8778,1254,4i9n_1E5_C_402,0,surfdock,0.56065202,0.8707103,2.1770639,0,0.8633477,3.4497281
2820,59,8785,1255,4i9n_1E5_D_402,0,surfdock,0.56065202,0.8707103,2.1770639,0,0.8644883,3.5562936
2821,59,8792,1256,4i9n_1E5_F_402,0,surfdock,0.56065202,0.8707103,2.1770639,0,0.93713698,3.6447983
2822,59,8799,1257,4i9n_1E5_G_402,0,surfdock,0.56065202,0.8707103,2.1770639,0,0.86354281,3.3980331
2823,60,14861,2123,6b83_6NA_B_201,0,surfdock,0.71454894,0.98278393,2.1678543,0,0.99297664,2.4600462
2824,60,7918,1131,4d06_NAR_F_302,1,unimol,0.67618649,0.94765114,2.1678543,0,0.22789637,22.34
2825,60,9430,1347,4n4j_HG1_A_608,1,unimol,0.67618649,0.94765114,2.1678543,0,0.86529873,18.12
2826,60,11725,1675,5ewc_5SJ_A_801,0,surfdock,0.65665459,0.91034966,2.1678543,0,0.99223491,2.9480854
2827,60,2395,342,1pwz_RSO_A_256,1,unimol,0.67618649,0.88146318,3.1349504,0,0.95304311,16.54
2828,60,2402,343,1pwz_RSO_B_256,1,unimol,0.67618649,0.88146318,3.1349504,0,0.93489993,15.09
2829,60,1141,163,1ij8_BNI_A_501,0,surfdock,0.55580186,0.8721807,2.1678543,0,0.74154892,3.661177
2830,60,1148,164,1ij8_BNI_B_502,0,surfdock,0.55580186,0.8721807,2.1678543,0,0.83194396,3.6198572
2831,60,1421,203,1jyw_147_A_2001,0,surfdock,0.55580186,0.8721807,2.1678543,0,0.98575778,3.5371734
2832,60,1428,204,1jyw_147_C_2001,0,surfdock,0.55580186,0.8721807,2.1678543,0,0.97471888,3.6078683
2833,60,2394,342,1pwz_RSO_A_256,0,surfdock,0.55580186,0.8721807,2.1678543,0,0.99704689,2.2953551
2834,60,2401,343,1pwz_RSO_B_256,0,surfdock,0.55580186,0.8721807,2.1678543,0,0.9951624,1.698808
2835,60,2492,356,1qit_MAE_A_411,0,surfdock,0.55580186,0.8721807,2.1678543,0,0,2.2978116
2836,60,3633,519,1zmt_RNO_B_1001,0,surfdock,0.55580186,0.8721807,2.1678543,0,0.98887301,2.8061384
2837,60,3640,520,1zmt_RNO_C_1003,0,surfdock,0.55580186,0.8721807,2.1678543,0,0.00013013306,2.6935252
2838,60,3647,521,1zmt_RNO_D_1004,0,surfdock,0.55580186,0.8721807,2.1678543,0,0,2.7522154
2839,60,3906,558,2bs3_CIT_A_1657,0,surfdock,0.55580186,0.8721807,2.1678543,0,0,3.0046197
2840,60,5005,715,2prl_R2C_A_400,0,surfdock,0.55580186,0.8721807,2.1678543,0,0.98308756,4.1368645
2841,60,5012,716,2pt6_S4M_A_501,0,surfdock,0.55580186,0.8721807,2.1678543,0,0,4.3588629
2842,60,5019,717,2pt6_S4M_B_502,0,surfdock,0.55580186,0.8721807,2.1678543,0,0,5.8572961
2843,60,5026,718,2pt6_S4M_C_503,0,surfdock,0.55580186,0.8721807,2.1678543,0,0.93775205,4.3937556
2844,60,5278,754,2qvr_CIT_A_335,0,surfdock,0.55580186,0.8721807,2.1678543,0,0.88736328,2.5612403
2845,60,5544,792,2vmp_PLP_A_501,0,surfdock,0.55580186,0.8721807,2.1678543,0,0.99157569,3.7390362
2846,60,6188,884,3qfx_CP6_A_602,0,surfdock,0.55580186,0.8721807,2.1678543,0,0.99170231,3.1645906
2847,60,6195,885,3qfx_CP6_B_702,0,surfdock,0.55580186,0.8721807,2.1678543,0,0.98832834,3.1758338
2848,60,6909,987,3wr4_GDE_B_502,0,surfdock,0.55580186,0.8721807,2.1678543,0,0.98247533,2.8273422
2849,60,7266,1038,4adl_LMR_D_1468,0,surfdock,0.55580186,0.8721807,2.1678543,0,0,2.5132483
2850,60,7273,1039,4adm_SRT_C_1466,0,surfdock,0.55580186,0.8721807,2.1678543,0,0,2.726333
2851,61,2289,327,1p7l_MET_A_485,0,surfdock,0.65826226,0.91048268,2.1686695,0,0.98409624,2.678224
2852,61,2296,328,1p7l_MET_B_385,0,surfdock,0.65826226,0.91048268,2.1686695,0,0.97969341,2.526783
2853,61,6657,951,3vnj_PSJ_A_301,0,surfdock,0.65826226,0.91048268,2.1686695,0,0,2.818328
2854,61,6664,952,3vnj_PSJ_C_301,0,surfdock,0.65826226,0.91048268,2.1686695,0,0,2.8133487
2855,61,6671,953,3vnj_PSJ_D_301,0,surfdock,0.65826226,0.91048268,2.1686695,0,0.91312897,2.797116
2856,61,10913,1559,5a02_GOL_E_1341,0,surfdock,0.65826226,0.91048268,2.1686695,0,0.99371558,2.0697913
2857,61,10892,1556,5a02_GOL_B_1342,0,surfdock,0.61476101,0.90807595,2.1686695,0,0.99563457,2.1654127
2858,61,10997,1571,5ack_SVQ_A_600,0,surfdock,0.63464039,0.90776184,2.1756773,0,0.98842987,3.790792
2859,61,10906,1558,5a02_GOL_D_1341,0,surfdock,0.57465803,0.90760797,2.1686695,0,0.99496701,2.1384999
2860,61,9527,1361,4npm_SIN_B_301,0,surfdock,0.55825163,0.90747426,2.1686695,0,0.99470736,2.5451785
2861,61,5446,778,2uza_HTL_B_1236,0,surfdock,0.55810717,0.90730713,2.1686695,0,0,5.1718785
2862,61,6615,945,3vc3_C6P_C_501,0,surfdock,0.76299819,0.90213794,3.4244559,0,0,4.1588311
2863,61,6608,944,3vc3_C6P_B_501,0,surfdock,0.75215102,0.90189415,3.4244559,0,3.2435431e-05,4.2278885
2864,61,11207,1601,5c8w_PCG_B_303,0,surfdock,0.65826226,0.90023833,2.3101041,0,0,3.6234255
2865,61,11228,1604,5c8w_PCG_E_302,0,surfdock,0.65826226,0.89748212,2.3489852,0,0.90661575,3.7300509
2866,61,11809,1687,5fay_CHT_B_906,0,surfdock,0.77087324,0.89746826,3.5071044,0,0.98960278,2.3812653
2867,61,6622,946,3vc3_C6P_F_501,0,surfdock,0.76696062,0.89619169,3.5275192,0,0.64304037,4.1961572
2868,61,11200,1600,5c8w_PCG_A_302,0,surfdock,0.65826226,0.89102485,2.4414947,0,0.99197156,3.7918229
2869,61,595,85,1fwn_PEP_A_1268,0,surfdock,0.55713342,0.8730111,2.1686695,0,0,2.3554295
2870,61,602,86,1fwn_PEP_B_2268,0,surfdock,0.55713342,0.8730111,2.1686695,0,0.9953144,2.6197872
2871,61,777,111,1h0v_UN4_A_1299,0,surfdock,0.55713342,0.8730111,2.1686695,0,0,5.1399468
2872,61,1736,248,1lro_PEP_A_1268,0,surfdock,0.55713342,0.8730111,2.1686695,0,0,2.2685667
2873,61,2793,399,1tf8_TRP_A_911,0,surfdock,0.55713342,0.8730111,2.1686695,0,0,2.1431558
2874,61,2856,408,1tl2_NDG_A_237,0,surfdock,0.55713342,0.8730111,2.1686695,0,0.98017459,2.7604079
2875,61,2863,409,1tl2_NDG_A_238,0,surfdock,0.55713342,0.8730111,2.1686695,0,0.00028478674,2.746407
2876,61,2870,410,1tl2_NDG_A_239,0,surfdock,0.55713342,0.8730111,2.1686695,0,0.97786416,2.8054267
2877,61,2877,411,1tl2_NDG_A_241,0,surfdock,0.55713342,0.8730111,2.1686695,0,0.98446654,2.8102498
2878,61,3297,471,1x8i_BMH_A_2,0,surfdock,0.55713342,0.8730111,2.1686695,0,0.95697267,3.8202074
2879,61,3311,473,1xdj_HCS_A_1049,0,surfdock,0.55713342,0.8730111,2.1686695,0,0.99616954,2.4224635
2880,61,3318,474,1xdj_HCS_A_1050,0,surfdock,0.55713342,0.8730111,2.1686695,0,0.97585257,2.5027132
2881,61,3612,516,1zha_PEP_A_1268,0,surfdock,0.55713342,0.8730111,2.1686695,0,0.99620821,2.5460073
2882,61,4186,598,2ef9_PEP_A_1268,0,surfdock,0.55713342,0.8730111,2.1686695,0,0.99276944,2.5948998
2883,61,4550,650,2hs3_FGR_A_2166,0,surfdock,0.55713342,0.8730111,2.1686695,0,0.92818262,3.9436492
2884,61,4592,656,2iht_TPP_A_600,0,surfdock,0.55713342,0.8730111,2.1686695,0,0,4.5891793
2885,61,4599,657,2iht_TPP_B_600,0,surfdock,0.55713342,0.8730111,2.1686695,0,0.8056644,4.5836029
2886,61,4606,658,2iht_TPP_C_600,0,surfdock,0.55713342,0.8730111,2.1686695,0,0.96034959,4.4852786
2887,61,4613,659,2iht_TPP_D_600,0,surfdock,0.55713342,0.8730111,2.1686695,0,0.41478749,6.4589117
2888,61,5271,753,2qui_LTN_A_501,0,surfdock,0.55713342,0.8730111,2.1686695,0,0,3.1416823
2889,61,5670,810,2wj4_HQD_A_1281,0,surfdock,0.55713342,0.8730111,2.1686695,0,0,2.157455
2890,61,5684,812,2wj4_HQD_C_1277,0,surfdock,0.55713342,0.8730111,2.1686695,0,0.026462154,2.2596126
2891,61,8232,1176,4e9z_651_A_301,0,surfdock,0.55713342,0.8730111,2.1686695,0,0.99823689,3.4438554
2892,61,8239,1177,4ea0_651_A_306,0,surfdock,0.55713342,0.8730111,2.1686695,0,0.82475567,3.6191851
2893,61,8246,1178,4ea0_651_B_305,0,surfdock,0.55713342,0.8730111,2.1686695,0,0.88660388,3.7618455
2894,61,8456,1208,4gt9_UMP_A_302,0,surfdock,0.55713342,0.8730111,2.1686695,0,0.49790126,3.110952
2895,61,8477,1211,4h4c_10D_A_402,0,surfdock,0.55713342,0.8730111,2.1686695,0,0,3.1501993
2896,61,8484,1212,4h4c_10D_B_402,0,surfdock,0.55713342,0.8730111,2.1686695,0,0,3.2391694
2897,61,8547,1221,4hon_AKG_A_401,0,surfdock,0.55713342,0.8730111,2.1686695,0,0.99662671,2.7235457
2898,61,8554,1222,4hon_AKG_B_401,0,surfdock,0.55713342,0.8730111,2.1686695,0,0.99329821,2.7992165
2899,61,8841,1263,4ict_1ED_A_406,0,surfdock,0.55713342,0.8730111,2.1686695,0,0.98235538,3.6894188
2900,61,8890,1270,4ixw_IXW_A_302,0,surfdock,0.55713342,0.8730111,2.1686695,0,0.96004684,2.6128794
2901,62,9429,1347,4n4j_HG1_A_608,0,surfdock,0.70037824,0.94583644,2.607667,0,0.0016010646,2.0092326
2902,62,7385,1055,4b1f_KRH_A_1256,0,surfdock,0.7833577,0.93932485,2.830004,0,0.9184049,4.6217898
2903,62,7392,1056,4b1f_KRH_B_1257,0,surfdock,0.76595023,0.93157687,2.9377511,0,0,4.4550356
2904,62,15232,2176,6f76_CVK_A_203,0,surfdock,0.77707027,0.88624816,3.664149,0,0,4.0684282
2905,62,1890,270,1mex_RAC_H_601,0,surfdock,0.55877063,0.87486584,2.1653705,0,0.95570862,4.0864098
2906,62,2989,427,1uay_ADN_A_1001,0,surfdock,0.55877063,0.87486584,2.1653705,0,0.96927504,3.3053453
2907,62,2996,428,1uay_ADN_B_1002,0,surfdock,0.55877063,0.87486584,2.1653705,0,0.99461596,3.2733912
2908,62,3045,435,1uxq_G1P_A_1503,0,surfdock,0.55877063,0.87486584,2.1653705,0,0.95994683,2.9915234
2909,62,3472,496,1z11_8MO_A_501,0,surfdock,0.55877063,0.87486584,2.1653705,0,0.97855457,3.1553193
2910,62,3479,497,1z11_8MO_B_501,0,surfdock,0.55877063,0.87486584,2.1653705,0,0.97544795,2.9342403
2911,62,3486,498,1z11_8MO_D_501,0,surfdock,0.55877063,0.87486584,2.1653705,0,0.99423373,2.9986612
2912,62,5201,743,2qg6_NMN_A_301,0,surfdock,0.55877063,0.87486584,2.1653705,0,0,3.6988981
2913,62,5964,852,2z48_A2G_A_1001,0,surfdock,0.55877063,0.87486584,2.1653705,0,0,2.6642257
2914,62,5971,853,2z48_A2G_A_1005,0,surfdock,0.55877063,0.87486584,2.1653705,0,0.98852892,2.7728808
2915,62,5978,854,2z48_A2G_B_2001,0,surfdock,0.55877063,0.87486584,2.1653705,0,0,2.7870599
2916,62,5985,855,2z48_A2G_B_2005,0,surfdock,0.55877063,0.87486584,2.1653705,0,0,2.6952069
2917,62,5992,856,2z48_NGA_A_1002,0,surfdock,0.55877063,0.87486584,2.1653705,0,0,2.6916391
2918,62,6013,859,2z48_NGA_B_2004,0,surfdock,0.55877063,0.87486584,2.1653705,0,0,2.6591698
2919,62,6426,918,3sru_Q26_X_169,0,surfdock,0.55877063,0.87486584,2.1653705,0,0,4.4777316
2920,62,8085,1155,4dt8_ADN_A_401,0,surfdock,0.55877063,0.87486584,2.1653705,0,0,3.1961926
2921,62,8092,1156,4dt8_ADN_B_401,0,surfdock,0.55877063,0.87486584,2.1653705,0,0.9783334,3.3349645
2922,62,8288,1184,4ek1_CAM_B_502,0,surfdock,0.55877063,0.87486584,2.1653705,0,0.072793645,2.383185
2923,62,8344,1192,4f8n_GAL_A_204,0,surfdock,0.55877063,0.87486584,2.1653705,0,0.98184816,2.4209852
2924,62,8379,1197,4g1q_T27_A_601,0,surfdock,0.55877063,0.87486584,2.1653705,0,0,3.5897501
2925,62,8435,1205,4gmu_OXL_A_705,0,surfdock,0.55877063,0.87486584,2.1653705,0,0,2.1004316
2926,62,8442,1206,4gnp_PEP_A_703,0,surfdock,0.55877063,0.87486584,2.1653705,0,0.99025742,2.5087848
2927,62,9170,1310,4l4d_CAM_A_503,0,surfdock,0.55877063,0.87486584,2.1653705,0,0,2.4387107
2928,62,9247,1321,4lvb_20N_A_601,0,surfdock,0.55877063,0.87486584,2.1653705,0,0.99175998,3.2958316
2929,62,9254,1322,4lvb_20N_B_601,0,surfdock,0.55877063,0.87486584,2.1653705,0,0.99380289,2.351584
2930,62,9443,1349,4n6w_FLC_A_203,0,surfdock,0.55877063,0.87486584,2.1653705,0,0,2.854984
2931,62,9639,1377,4p7q_NAG_A_703,0,surfdock,0.55877063,0.87486584,2.1653705,0,0.084504057,2.6983645
2932,62,9653,1379,4p7q_NAG_A_706,0,surfdock,0.55877063,0.87486584,2.1653705,0,0.11122306,2.8605044
2933,62,9695,1385,4pik_MAN_A_501,0,surfdock,0.55877063,0.87486584,2.1653705,0,0,2.4636457
2934,62,9709,1387,4pik_MAN_B_503,0,surfdock,0.55877063,0.87486584,2.1653705,0,0,2.4944872
2935,62,9716,1388,4pik_MAN_C_503,0,surfdock,0.55877063,0.87486584,2.1653705,0,0.76768728,2.5434219
2936,62,9723,1389,4pik_MAN_D_503,0,surfdock,0.55877063,0.87486584,2.1653705,0,0,2.4570805
2937,62,9828,1404,4qxc_OGA_C_600,0,surfdock,0.55877063,0.87486584,2.1653705,0,0,2.7186117
2938,62,9919,1417,4rje_PYR_A_402,0,surfdock,0.55877063,0.87486584,2.1653705,0,0.74839893,2.16723
2939,62,9926,1418,4rje_PYR_B_402,0,surfdock,0.55877063,0.87486584,2.1653705,0,0.99591366,2.0832032
2940,62,9933,1419,4rje_PYR_C_402,0,surfdock,0.55877063,0.87486584,2.1653705,0,0,2.143351
2941,62,9940,1420,4rje_PYR_D_402,0,surfdock,0.55877063,0.87486584,2.1653705,0,0,2.1047124
2942,62,10136,1448,4umd_CIT_A_1174,0,surfdock,0.55877063,0.87486584,2.1653705,0,0.75898469,2.7259299
2943,62,10171,1453,4ur9_OAN_A_1718,0,surfdock,0.55877063,0.87486584,2.1653705,0,0,3.8598224
2944,62,10178,1454,4ur9_OAN_B_1718,0,surfdock,0.55877063,0.87486584,2.1653705,0,0.89753483,3.9499942
2945,62,10409,1487,4xh4_PPI_A_504,0,surfdock,0.55877063,0.87486584,2.1653705,0,0.99779281,1.9700955
2946,62,10437,1491,4xpq_FUL_A_1002,0,surfdock,0.55877063,0.87486584,2.1653705,0,0.99573926,2.1616638
2947,62,10444,1492,4xpq_FUL_A_1003,0,surfdock,0.55877063,0.87486584,2.1653705,0,0.017863074,2.3307931
2948,62,10451,1493,4xpq_FUL_A_1004,0,surfdock,0.55877063,0.87486584,2.1653705,0,0.0056294515,2.0062277
2949,62,10486,1498,4xz9_G3P_B_302,0,surfdock,0.55877063,0.87486584,2.1653705,0,0.9904519,2.4148418
2950,62,10493,1499,4xz9_G3P_C_302,0,surfdock,0.55877063,0.87486584,2.1653705,0,0.99723439,2.2923259
2951,63,11095,1585,5av3_KMP_A_300,0,surfdock,0.77647235,0.9876161,2.1586375,0,0.99742038,3.5196989
2952,63,15036,2148,6cut_FEJ_B_401,0,surfdock,0.75153941,0.93112815,2.910424,0,0,4.5701004
2953,63,15043,2149,6cut_FEJ_C_401,0,surfdock,0.74723992,0.93093766,2.910424,0,0.95382874,4.7010485
2954,63,15029,2147,6cut_FEJ_A_401,0,surfdock,0.7435107,0.93081066,2.910424,0,0,3.2570074
2955,63,15050,2150,6cut_FEJ_D_401,0,surfdock,0.74825649,0.92237796,3.0389178,0,0,4.7276658
2956,63,2205,315,1o8a_NXA_A_702,0,surfdock,0.65593483,0.9107215,2.1586375,0,0.98983562,2.3559829
2957,63,2338,334,1pr0_NOS_A_1245,0,surfdock,0.65593483,0.9107215,2.1586375,0,0,3.3338473
2958,63,2345,335,1pr0_NOS_B_1246,0,surfdock,0.65593483,0.9107215,2.1586375,0,0,3.3212781
2959,63,2352,336,1pr0_NOS_C_1247,0,surfdock,0.65593483,0.9107215,2.1586375,0,0.97562186,3.2876785
2960,63,11088,1584,5av2_KMP_A_300,0,surfdock,0.65593483,0.9107215,2.1586375,0,0.99688126,3.458109
2961,63,2086,298,1nsm_GAL_A_1400,0,surfdock,0.55487734,0.87626195,2.1586375,0,0.018743792,2.4824638
2962,63,2093,299,1nsm_GLA_B_2400,0,surfdock,0.55487734,0.87626195,2.1586375,0,0.019248487,2.4858642
2963,63,2366,338,1pr6_XYA_B_1246,0,surfdock,0.55487734,0.87626195,2.1586375,0,0.98677071,3.3623586
2964,63,2373,339,1pr6_XYA_C_1247,0,surfdock,0.55487734,0.87626195,2.1586375,0,0.95218787,3.3425518
2965,63,2527,361,1r4f_AD3_B_330,0,surfdock,0.55487734,0.87626195,2.1586375,0,0,3.5738717
2966,63,3885,555,2bk3_FOF_A_1503,0,surfdock,0.55487734,0.87626195,2.1586375,0,0.91868267,3.5393407
2967,63,3892,556,2bk3_FOF_B_1498,0,surfdock,0.55487734,0.87626195,2.1586375,0,0,3.6093233
2968,63,4501,643,2gyv_HBP_B_545,0,surfdock,0.55487734,0.87626195,2.1586375,0,0,4.0471019
2969,63,4991,713,2prg_BRL_A_1,0,surfdock,0.55487734,0.87626195,2.1586375,0,0.94496135,4.1129869
2970,63,4998,714,2prg_BRL_B_2,0,surfdock,0.55487734,0.87626195,2.1586375,0,0.79932773,4.086803
2971,63,5103,729,2qb4_DSM_A_801,0,surfdock,0.55487734,0.87626195,2.1586375,0,0.9771008,3.6124669
2972,63,6440,920,3t3q_9PL_A_501,0,surfdock,0.55487734,0.87626195,2.1586375,0,0.76479508,3.0337195
2973,63,6447,921,3t3q_9PL_B_501,0,surfdock,0.55487734,0.87626195,2.1586375,0,0.00011128351,3.1155567
2974,63,6454,922,3t3q_9PL_C_501,0,surfdock,0.55487734,0.87626195,2.1586375,0,0.9875571,5.1836784
2975,63,7224,1032,4a7x_UDP_B_1241,0,surfdock,0.55487734,0.87626195,2.1586375,0,0.94721058,4.1149867
2976,63,8981,1283,4jmz_1M2_A_302,0,surfdock,0.55487734,0.87626195,2.1586375,0,0.99655803,2.5194523
2977,63,8995,1285,4jxh_HRC_A_301,0,surfdock,0.55487734,0.87626195,2.1586375,0,0.98481105,3.1521944
2978,63,9156,1308,4kwk_CSS_A_302,0,surfdock,0.55487734,0.87626195,2.1586375,0,0,2.5109496
2979,63,9177,1311,4l7p_M95_A_601,0,surfdock,0.55487734,0.87626195,2.1586375,0,0.97495861,3.8747205
2980,63,9184,1312,4l80_OXL_D_402,0,surfdock,0.55487734,0.87626195,2.1586375,0,0.99482162,2.2723322
2981,63,9191,1313,4l80_OXL_F_402,0,surfdock,0.55487734,0.87626195,2.1586375,0,0.99232612,2.1511185
2982,63,9674,1382,4p8c_Y22_B_502,0,surfdock,0.55487734,0.87626195,2.1586375,0,0,4.4290013
2983,63,9730,1390,4ptx_BGC_A_501,0,surfdock,0.55487734,0.87626195,2.1586375,0,0.99132429,2.5461298
2984,63,9737,1391,4ptx_BGC_B_501,0,surfdock,0.55487734,0.87626195,2.1586375,0,0.9378411,2.6319813
2985,63,9786,1398,4q40_VAL_A_403,0,surfdock,0.55487734,0.87626195,2.1586375,0,0,2.1967763
2986,63,9793,1399,4q40_VAL_C_404,0,surfdock,0.55487734,0.87626195,2.1586375,0,0,2.1403937
2987,63,9800,1400,4q40_VAL_D_403,0,surfdock,0.55487734,0.87626195,2.1586375,0,0.99675676,2.3675743
2988,63,9877,1411,4r2n_PHE_D_402,0,surfdock,0.55487734,0.87626195,2.1586375,0,0.74142151,2.7501152
2989,63,9884,1412,4r2n_PLP_B_401,0,surfdock,0.55487734,0.87626195,2.1586375,0,0.9848017,4.4674227
2990,63,9912,1416,4rii_TYD_B_401,0,surfdock,0.55487734,0.87626195,2.1586375,0,0.94001228,4.3053027
2991,63,10024,1432,4tsk_TLA_A_404,0,surfdock,0.55487734,0.87626195,2.1586375,0,0,2.4077408
2992,63,10248,1464,4w1v_3GS_B_502,0,surfdock,0.55487734,0.87626195,2.1586375,0,0,3.9740663
2993,63,10255,1465,4wbd_CIT_A_602,0,surfdock,0.55487734,0.87626195,2.1586375,0,0.89966864,2.7331183
2994,63,10402,1486,4xfh_CYS_A_502,0,surfdock,0.55487734,0.87626195,2.1586375,0,0,2.3085011
2995,63,10759,1537,4zqp_IMP_A_601,0,surfdock,0.55487734,0.87626195,2.1586375,0,0.99112463,3.9814826
2996,63,10969,1567,5a8k_TP7_A_558,0,surfdock,0.55487734,0.87626195,2.1586375,0,0,2.9580491
2997,63,10976,1568,5a8k_TP7_D_554,0,surfdock,0.55487734,0.87626195,2.1586375,0,0,4.0888127
2998,63,11046,1578,5agl_CCW_A_800,0,surfdock,0.55487734,0.87626195,2.1586375,0,0.92788286,3.3183287
2999,63,11053,1579,5agl_CCW_B_800,0,surfdock,0.55487734,0.87626195,2.1586375,0,0.82902421,3.176015
3000,63,11060,1580,5agn_4JK_B_800,0,surfdock,0.55487734,0.87626195,2.1586375,0,2.7294901e-06,2.9000287
3001,64,4733,676,2j5z_GAL_A_1278,1,unimol,0.85444863,0.93274829,2.9589305,0,0.85290041,16.08
3002,64,7700,1100,4cle_JR2_A_1270,0,surfdock,0.65570518,0.91092653,2.1599514,0,0.99282038,2.6102216
3003,64,7714,1102,4cle_JR2_B_1270,0,surfdock,0.65570518,0.91092653,2.1599514,0,0.99593436,2.6173222
3004,64,7721,1103,4cle_JR2_C_1270,0,surfdock,0.65570518,0.91092653,2.1599514,0,0.99120331,2.5406749
3005,64,7728,1104,4cle_JR2_D_1270,0,surfdock,0.65570518,0.91092653,2.1599514,0,0.99116582,2.5398358
3006,64,11508,1644,5dr9_SKE_A_401,0,surfdock,0.65570518,0.88085001,2.5815835,0,0,3.9061869
3007,64,11515,1645,5dt0_SKE_A_401,0,surfdock,0.65570518,0.87820205,2.6207914,0,0.96918022,3.9722193
3008,64,1575,225,1knu_YPA_A_1001,0,surfdock,0.5546094,0.87787007,2.1599514,0,0.98339956,4.53872
3009,64,2212,316,1okm_SAB_A_555,0,surfdock,0.5546094,0.87787007,2.1599514,0,0.99019112,3.4183799
3010,64,2219,317,1om5_INE_A_790,0,surfdock,0.5546094,0.87787007,2.1599514,0,0.00020521086,2.6597037
3011,64,2625,375,1s1f_PIM_A_431,0,surfdock,0.5546094,0.87787007,2.1599514,0,0,2.3478582
3012,64,2667,381,1sep_BIO_A_801,0,surfdock,0.5546094,0.87787007,2.1599514,0,0,3.1102741
3013,64,2674,382,1sff_IK2_A_450,0,surfdock,0.5546094,0.87787007,2.1599514,0,0,4.0802264
3014,64,2681,383,1sff_IK2_B_450,0,surfdock,0.5546094,0.87787007,2.1599514,0,0,4.1537638
3015,64,2688,384,1sff_IK2_D_450,0,surfdock,0.5546094,0.87787007,2.1599514,0,0.98612264,4.2180349
3016,64,2807,401,1thc_FL9_A_130,0,surfdock,0.5546094,0.87787007,2.1599514,0,3.6158123e-07,3.0397459
3017,64,2933,419,1u18_HSM_A_401,0,surfdock,0.5546094,0.87787007,2.1599514,0,0.88445605,2.3947556
3018,64,3416,488,1y5v_NE8_A_500,0,surfdock,0.5546094,0.87787007,2.1599514,0,0,4.0185554
3019,64,3598,514,1zg3_2HI_A_365,0,surfdock,0.5546094,0.87787007,2.1599514,0,0.80538256,3.2325869
3020,64,3969,567,2c5b_5F1_A_500,0,surfdock,0.5546094,0.87787007,2.1599514,0,0,3.3363655
3021,64,4284,612,2f7x_4EA_E_351,0,surfdock,0.5546094,0.87787007,2.1599514,0,0.97317141,4.3032171
3022,64,5040,720,2pvy_ACP_A_802,0,surfdock,0.5546094,0.87787007,2.1599514,0,0.98973713,3.1206346
3023,64,5047,721,2pvy_ACP_D_802,0,surfdock,0.5546094,0.87787007,2.1599514,0,0.97872743,3.0163561
3024,64,5481,783,2v60_C17_A_1503,0,surfdock,0.5546094,0.87787007,2.1599514,0,0.98825756,4.0576315
3025,64,5488,784,2v60_C17_B_1498,0,surfdock,0.5546094,0.87787007,2.1599514,0,0.9941897,5.8610365
3026,64,5726,818,2x05_X05_A_1900,0,surfdock,0.5546094,0.87787007,2.1599514,0,0.98629595,2.6149212
3027,64,5999,857,2z48_NGA_A_1006,0,surfdock,0.5546094,0.87787007,2.1599514,0,0,2.9372633
3028,64,6006,858,2z48_NGA_B_2003,0,surfdock,0.5546094,0.87787007,2.1599514,0,0.98433886,2.7226763
3029,65,16506,2358,6ofr_BOG_A_802,0,surfdock,0.78298232,0.914605,3.1422551,0,0,3.0557283
3030,65,13132,1876,5m8d_UGI_B_501,0,surfdock,0.79354001,0.91112593,3.2019999,0,0.98035145,4.6029128
3031,65,5243,749,2qim_ZEA_A_162,0,surfdock,0.65682719,0.9046839,2.2469687,0,0,2.9456981
3032,65,5236,748,2qim_ZEA_A_161,0,surfdock,0.59416643,0.896701,2.3300083,0,0,3.0332242
3033,65,14910,2130,6bmm_OLB_B_404,0,surfdock,0.65682719,0.89130718,2.4329205,0,0.41789111,4.0121179
3034,65,14903,2129,6bmm_OLB_A_404,0,surfdock,0.55605124,0.88789006,2.4505231,0,0,4.1245335
3035,65,1554,222,1klk_PMD_A_653,0,surfdock,0.55541678,0.87882273,2.1616237,0,0.99428941,4.0786649
3036,65,2100,300,1nuw_F6P_A_2336,0,surfdock,0.55541678,0.87882273,2.1616237,0,0,3.1148016
3037,65,2107,301,1nux_F6P_A_2339,0,surfdock,0.55541678,0.87882273,2.1616237,0,0.9712401,3.2576205
3038,65,2779,397,1tc2_7HP_A_800,0,surfdock,0.55541678,0.87882273,2.1616237,0,0.99734029,2.2512248
3039,65,2786,398,1tc2_7HP_B_810,0,surfdock,0.55541678,0.87882273,2.1616237,0,0.99836053,2.2698597
3040,65,3668,524,1zpd_CIT_B_610,0,surfdock,0.55541678,0.87882273,2.1616237,0,0,2.6532782
3041,65,3675,525,1zpd_CIT_F_610,0,surfdock,0.55541678,0.87882273,2.1616237,0,0.89851557,2.7713554
3042,65,5432,776,2tio_BEN_A_247,0,surfdock,0.55541678,0.87882273,2.1616237,0,0,2.4438479
3043,65,5642,806,2wdq_TEO_E_1589,0,surfdock,0.55541678,0.87882273,2.1616237,0,0,2.4780091
3044,65,5649,807,2wdq_TEO_I_1589,0,surfdock,0.55541678,0.87882273,2.1616237,0,0,2.4757382
3045,65,5747,821,2xh0_PEP_C_1440,0,surfdock,0.55541678,0.87882273,2.1616237,0,0.98802835,2.6264175
3046,65,6174,882,3mk1_NPO_A_912,0,surfdock,0.55541678,0.87882273,2.1616237,0,0,2.2563475
3047,65,6181,883,3mk1_NPO_A_913,0,surfdock,0.55541678,0.87882273,2.1616237,0,0.9948701,2.0599082
3048,65,6237,891,3qk1_BEN_A_1010,0,surfdock,0.55541678,0.87882273,2.1616237,0,0.99840518,2.3687816
3049,65,6461,923,3te7_TE7_B_1,0,surfdock,0.55541678,0.87882273,2.1616237,0,0,3.6430426
3050,65,6944,992,3wug_XYP_B_1,0,surfdock,0.55541678,0.87882273,2.1616237,0,0.98385515,2.1605216
3051,65,7511,1073,4bux_F35_A_2166,0,surfdock,0.55541678,0.87882273,2.1616237,0,0.81415458,4.0480421
3052,65,7518,1074,4bux_F35_C_2165,0,surfdock,0.55541678,0.87882273,2.1616237,0,0.80383236,3.9983329
3053,65,7847,1121,4crg_J4X_A_1493,0,surfdock,0.55541678,0.87882273,2.1616237,0,0,3.9060725
3054,65,8015,1145,4dab_HPA_A_301,0,surfdock,0.55541678,0.87882273,2.1616237,0,0.26485807,2.2526381
3055,65,8911,1273,4j4b_0TF_A_904,0,surfdock,0.55541678,0.87882273,2.1616237,0,0.97641548,3.5830967
3056,65,8925,1275,4j7u_YTZ_A_802,0,surfdock,0.55541678,0.87882273,2.1616237,0,0.95283946,3.069864
3057,65,8932,1276,4j7u_YTZ_B_802,0,surfdock,0.55541678,0.87882273,2.1616237,0,0.94858893,2.9762659
3058,65,8939,1277,4j7u_YTZ_C_802,0,surfdock,0.55541678,0.87882273,2.1616237,0,0.95342618,3.0915658
3059,65,8946,1278,4j7u_YTZ_D_802,0,surfdock,0.55541678,0.87882273,2.1616237,0,0.99379934,3.0600803
3060,65,8967,1281,4jhh_H35_A_201,0,surfdock,0.55541678,0.87882273,2.1616237,0,0.96983172,3.172112
3061,65,9002,1286,4jzx_476_A_402,0,surfdock,0.55541678,0.87882273,2.1616237,0,0.98889299,3.7889907
3062,65,9009,1287,4jzx_476_B_402,0,surfdock,0.55541678,0.87882273,2.1616237,0,0,3.7939645
3063,65,9016,1288,4jzx_IPE_A_401,0,surfdock,0.55541678,0.87882273,2.1616237,0,0,2.9595068
3064,65,9023,1289,4jzx_IPE_B_401,0,surfdock,0.55541678,0.87882273,2.1616237,0,0.98659831,3.0483309
3065,65,9072,1296,4k90_MLA_A_704,0,surfdock,0.55541678,0.87882273,2.1616237,0,0.98196275,2.1965212
3066,65,9268,1324,4lz3_BTM_A_409,0,surfdock,0.55541678,0.87882273,2.1616237,0,0.98642741,3.0659308
3067,65,10066,1438,4uc9_ASP_A_1300,0,surfdock,0.55541678,0.87882273,2.1616237,0,0,2.8285685
3068,65,10276,1468,4wdx_WDX_B_402,0,surfdock,0.55541678,0.87882273,2.1616237,0,0,3.6555675
3069,65,10339,1477,4wxb_CIT_A_501,0,surfdock,0.55541678,0.87882273,2.1616237,0,0.79853253,3.0019116
3070,65,10346,1478,4wxb_CIT_C_501,0,surfdock,0.55541678,0.87882273,2.1616237,0,0.31199923,2.6004095
3071,65,10353,1479,4wxb_CIT_D_501,0,surfdock,0.55541678,0.87882273,2.1616237,0,0,3.0249008
3072,65,10556,1508,4yu7_DHC_A_203,0,surfdock,0.55541678,0.87882273,2.1616237,0,0.43601167,2.4348103
3073,65,10570,1510,4yu7_DHC_B_204,0,surfdock,0.55541678,0.87882273,2.1616237,0,0.065174607,2.4241027
3074,65,10577,1511,4ywd_NTM_A_704,0,surfdock,0.55541678,0.87882273,2.1616237,0,0.044634742,2.6163694
3075,65,10626,1518,4za7_4LV_A_606,0,surfdock,0.55541678,0.87882273,2.1616237,0,0.98510271,1.947083
3076,65,10633,1519,4zb2_GLC_A_403,0,surfdock,0.55541678,0.87882273,2.1616237,0,0,2.5985373
3077,65,10640,1520,4zb5_GLC_A_403,0,surfdock,0.55541678,0.87882273,2.1616237,0,0.98060384,2.631438
3078,65,10647,1521,4zbc_FRU_A_410,0,surfdock,0.55541678,0.87882273,2.1616237,0,0.007092705,2.5952144
3079,66,9576,1368,4ocj_NDG_A_401,0,surfdock,0.65519396,0.91093007,2.1614399,0,0,3.1486
3080,66,10934,1562,5a66_3PO_A_1000,0,surfdock,0.65476955,0.88809564,2.4605751,0,0.98577299,2.8122869
3081,66,693,99,1gey_PPE_A_413,0,surfdock,0.55400838,0.88038018,2.1614399,0,0,3.9491909
3082,66,1694,242,1lfw_AEP_A_683,0,surfdock,0.55400838,0.88038018,2.1614399,0,0,3.3151864
3083,66,1904,272,1mmx_FUC_A_348,0,surfdock,0.55400838,0.88038018,2.1614399,0,0.12276465,2.4095924
3084,66,1911,273,1mmx_FUC_B_348,0,surfdock,0.55400838,0.88038018,2.1614399,0,0.084803449,4.8287277
3085,66,2324,332,1pl6_572_C_409,0,surfdock,0.55400838,0.88038018,2.1614399,0,0,3.0083108
3086,66,4109,587,2e40_LGC_A_1001,0,surfdock,0.55400838,0.88038018,2.1614399,0,0.9583643,2.8841988
3087,66,4172,596,2ef9_A5P_A_1269,0,surfdock,0.55400838,0.88038018,2.1614399,0,0,4.6310723
3088,66,4179,597,2ef9_A5P_B_2269,0,surfdock,0.55400838,0.88038018,2.1614399,0,0.96285241,3.0447047
3089,66,4508,644,2gyw_OBI_A_952,0,surfdock,0.55400838,0.88038018,2.1614399,0,0.98696586,3.7537951
3090,66,4515,645,2gyw_OBI_B_953,0,surfdock,0.55400838,0.88038018,2.1614399,0,0.95715683,3.7105317
3091,66,4578,654,2i1v_F6P_B_720,0,surfdock,0.55400838,0.88038018,2.1614399,0,0,3.1286495
3092,66,4585,655,2i1v_FDP_B_710,0,surfdock,0.55400838,0.88038018,2.1614399,0,0,3.6652548
3093,66,8561,1223,4hoz_GLC_A_703,0,surfdock,0.55400838,0.88038018,2.1614399,0,0.99290205,2.7397413
3094,66,9275,1325,4lz7_1YW_B_804,0,surfdock,0.55400838,0.88038018,2.1614399,0,0.19717189,3.1176897
3095,66,9282,1326,4lz7_1YW_C_804,0,surfdock,0.55400838,0.88038018,2.1614399,0,0,3.7917553
3096,66,9310,1330,4m54_AE5_A_403,0,surfdock,0.55400838,0.88038018,2.1614399,0,5.927046e-05,3.234894
3097,66,9807,1401,4qbz_D80_A_917,0,surfdock,0.55400838,0.88038018,2.1614399,0,6.5425734e-05,3.4114184
3098,66,9814,1402,4qbz_D80_B_901,0,surfdock,0.55400838,0.88038018,2.1614399,0,0.99623849,3.3853902
3099,66,10059,1437,4ubp_HAE_C_800,0,surfdock,0.55400838,0.88038018,2.1614399,0,0,1.9863715
3100,66,10696,1528,4zdz_TPF_A_602,0,surfdock,0.55400838,0.88038018,2.1614399,0,3.7063607e-05,3.5360156
3101,66,10794,1542,4zu3_4SD_B_302,0,surfdock,0.55400838,0.88038018,2.1614399,0,0.95106907,2.4259548
3102,66,10801,1543,4zu3_4SD_C_301,0,surfdock,0.55400838,0.88038018,2.1614399,0,0.030118337,2.4367526
3103,66,10808,1544,4zu3_4SD_D_301,0,surfdock,0.55400838,0.88038018,2.1614399,0,0.098106271,2.1302209
3104,66,10815,1545,4zu3_4SD_E_301,0,surfdock,0.55400838,0.88038018,2.1614399,0,0.98420085,2.4612195
3105,66,10822,1546,4zu3_4SD_F_301,0,surfdock,0.55400838,0.88038018,2.1614399,0,0.98242217,2.588405
3106,66,10983,1569,5abz_Z47_A_201,0,surfdock,0.55400838,0.88038018,2.1614399,0,0.98239623,3.5227389
3107,66,10990,1570,5abz_Z47_B_201,0,surfdock,0.55400838,0.88038018,2.1614399,0,0.18177379,3.5620317
3108,66,11354,1622,5cyf_FLC_A_301,0,surfdock,0.55400838,0.88038018,2.1614399,0,0.98374886,2.761616
3109,66,11361,1623,5cyf_FLC_C_301,0,surfdock,0.55400838,0.88038018,2.1614399,0,0.99120391,2.8115804
3110,66,11606,1658,5eo7_SFU_A_402,0,surfdock,0.55400838,0.88038018,2.1614399,0,0,3.0833849
3111,66,11613,1659,5eo7_SFU_A_405,0,surfdock,0.55400838,0.88038018,2.1614399,0,0.86463364,2.4734548
3112,66,11620,1660,5eo7_SFU_B_401,0,surfdock,0.55400838,0.88038018,2.1614399,0,0.94623429,2.44376
3113,66,11627,1661,5eo7_SFU_B_402,0,surfdock,0.55400838,0.88038018,2.1614399,0,0.97909445,2.5528808
3114,66,11634,1662,5eo7_SFU_B_404,0,surfdock,0.55400838,0.88038018,2.1614399,0,0,2.6196737
3115,66,11641,1663,5eo7_SFU_C_401,0,surfdock,0.55400838,0.88038018,2.1614399,0,0.84803217,2.5149213
3116,66,11655,1665,5eo7_SFU_C_403,0,surfdock,0.55400838,0.88038018,2.1614399,0,0.70668546,2.3554724
3117,66,11662,1666,5eo7_SFU_C_404,0,surfdock,0.55400838,0.88038018,2.1614399,0,0.96825835,2.5507333
3118,66,11669,1667,5eo7_SFU_C_405,0,surfdock,0.55400838,0.88038018,2.1614399,0,0,2.5481625
3119,66,11676,1668,5eo8_TFU_A_402,0,surfdock,0.55400838,0.88038018,2.1614399,0,0.86508143,2.4219273
3120,66,11683,1669,5eo8_TFU_A_403,0,surfdock,0.55400838,0.88038018,2.1614399,0,0.9876577,2.5016119
3121,66,11697,1671,5eo8_TFU_A_406,0,surfdock,0.55400838,0.88038018,2.1614399,0,0.89876625,2.5101829
3122,66,11732,1676,5ezp_IPJ_A_201,0,surfdock,0.55400838,0.88038018,2.1614399,0,0.98673532,3.23014
3123,66,11739,1677,5ezp_IPJ_B_201,0,surfdock,0.55400838,0.88038018,2.1614399,0,0,3.1125996
3124,66,11746,1678,5ezp_IPJ_C_201,0,surfdock,0.55400838,0.88038018,2.1614399,0,0,2.8414261
3125,66,11753,1679,5ezp_IPJ_F_201,0,surfdock,0.55400838,0.88038018,2.1614399,0,0.99677704,3.0068165
3126,66,11760,1680,5ezp_IPJ_G_202,0,surfdock,0.55400838,0.88038018,2.1614399,0,0.99217538,3.1444464
3127,66,11767,1681,5f35_FLC_A_302,0,surfdock,0.55400838,0.88038018,2.1614399,0,0.97670893,2.9875088
3128,66,11830,1690,5fe4_5WY_A_903,0,surfdock,0.55400838,0.88038018,2.1614399,0,0.9972424,2.5724385
3129,67,2317,331,1pke_2FD_C_448,0,surfdock,0.65432942,0.91066076,2.1616237,0,0.99291476,3.3048873
3130,67,4193,599,2ei7_D93_A_700,0,surfdock,0.65432942,0.91066076,2.1616237,0,0,4.5935335
3131,67,15813,2259,6jwy_PH2_A_802,0,surfdock,0.65432942,0.90863684,2.1886003,0,0.9927468,2.8593223
3132,67,3304,472,1xc7_GL6_A_998,0,surfdock,0.55323854,0.88174387,2.1616237,0,0.95675401,3.5406753
3133,67,4354,622,2fr6_CTN_A_1001,0,surfdock,0.55323854,0.88174387,2.1616237,0,0.97399279,3.3069241
3134,67,4361,623,2fr6_CTN_C_1003,0,surfdock,0.55323854,0.88174387,2.1616237,0,0.99263193,3.9908025
3135,67,4368,624,2fr6_CTN_D_1004,0,surfdock,0.55323854,0.88174387,2.1616237,0,0.99356225,3.3631786
3136,67,4753,679,2jhp_GUN_A_1648,0,surfdock,0.55323854,0.88174387,2.1616237,0,0.0013521698,2.274442
3137,67,4865,695,2nz5_226_A_432,0,surfdock,0.55323854,0.88174387,2.1616237,0,0.0022024582,2.4452958
3138,67,4872,696,2nz5_226_B_432,0,surfdock,0.55323854,0.88174387,2.1616237,0,0.99169374,2.1926391
3139,67,7287,1041,4ajj_88S_A_1332,0,surfdock,0.55323854,0.88174387,2.1616237,0,0.97726652,3.4788457
3140,67,7294,1042,4ajj_88S_B_1332,0,surfdock,0.55323854,0.88174387,2.1616237,0,0.99295854,3.3437698
3141,67,7301,1043,4ajj_88S_C_1334,0,surfdock,0.55323854,0.88174387,2.1616237,0,0.99264221,3.1753445
3142,67,7308,1044,4ajj_88S_D_1332,0,surfdock,0.55323854,0.88174387,2.1616237,0,0.96835044,3.4454768
3143,67,9219,1317,4lm7_U5P_A_201,0,surfdock,0.55323854,0.88174387,2.1616237,0,0.7553354,3.500096
3144,67,9485,1355,4nir_6DH_A_307,0,surfdock,0.55323854,0.88174387,2.1616237,0,0.99514521,2.7072676
3145,67,9492,1356,4nir_6DH_A_308,0,surfdock,0.55323854,0.88174387,2.1616237,0,0,2.6221154
3146,67,9499,1357,4nir_6DH_B_306,0,surfdock,0.55323854,0.88174387,2.1616237,0,1.003211e-05,2.758865
3147,67,9583,1369,4ocu_NDG_A_401,0,surfdock,0.55323854,0.88174387,2.1616237,0,0,3.0004684
3148,67,9758,1394,4q3a_2YC_A_904,0,surfdock,0.55323854,0.88174387,2.1616237,0,0.86737563,3.3779044
3149,67,9765,1395,4q3a_2YC_B_904,0,surfdock,0.55323854,0.88174387,2.1616237,0,0,3.3306655
3150,67,9772,1396,4q3a_2YC_C_904,0,surfdock,0.55323854,0.88174387,2.1616237,0,0.92837893,3.5834887
3151,67,9779,1397,4q3a_2YC_D_904,0,surfdock,0.55323854,0.88174387,2.1616237,0,0.95388296,3.490207
3152,67,9891,1413,4r3n_3GQ_B_404,0,surfdock,0.55323854,0.88174387,2.1616237,0,0.86026705,2.7528801
3153,67,9982,1426,4tq4_DMA_A_403,0,surfdock,0.55323854,0.88174387,2.1616237,0,0.95627539,2.8681384
3154,67,9989,1427,4tq4_DMA_B_403,0,surfdock,0.55323854,0.88174387,2.1616237,0,0,3.0358262
3155,67,9996,1428,4tq4_DMA_C_403,0,surfdock,0.55323854,0.88174387,2.1616237,0,0.95790485,3.1383623
3156,67,10003,1429,4tq4_DMA_D_403,0,surfdock,0.55323854,0.88174387,2.1616237,0,0.9842704,3.1070621
3157,67,10101,1443,4udc_DEX_A_1778,0,surfdock,0.55323854,0.88174387,2.1616237,0,0.99319767,4.4621984
3158,67,10143,1449,4uoc_NCN_A_400,0,surfdock,0.55323854,0.88174387,2.1616237,0,0.88952884,3.8517679
3159,67,10423,1489,4xp2_TT4_A_401,0,surfdock,0.55323854,0.88174387,2.1616237,0,0,2.4336346
3160,67,10542,1506,4ysx_MLI_A_701,0,surfdock,0.55323854,0.88174387,2.1616237,0,0.99129179,2.237314
3161,67,10549,1507,4ysx_MLI_E_701,0,surfdock,0.55323854,0.88174387,2.1616237,0,0.98895814,2.1752841
3162,67,10654,1522,4zbc_FRU_B_408,0,surfdock,0.55323854,0.88174387,2.1616237,0,0.0056344966,2.466939
3163,67,10661,1523,4zbc_FRU_B_409,0,surfdock,0.55323854,0.88174387,2.1616237,0,0,2.3226248
3164,67,10675,1525,4zbc_GLC_A_408,0,surfdock,0.55323854,0.88174387,2.1616237,0,0.087158684,2.2649568
3165,67,10857,1551,4zvz_4TF_A_503,0,surfdock,0.55323854,0.88174387,2.1616237,0,0,3.25305
3166,67,10864,1552,4zvz_4TF_B_503,0,surfdock,0.55323854,0.88174387,2.1616237,0,0.87903441,3.2847384
3167,67,10871,1553,4zvz_4TF_C_503,0,surfdock,0.55323854,0.88174387,2.1616237,0,0.97449052,3.232034
3168,67,10878,1554,4zvz_4TF_D_503,0,surfdock,0.55323854,0.88174387,2.1616237,0,0.7568858,3.3443443
3169,67,11123,1589,5b4u_MLA_A_302,0,surfdock,0.55323854,0.88174387,2.1616237,0,0,2.2741432
3170,67,11466,1638,5dmm_HCS_A_505,0,surfdock,0.55323854,0.88174387,2.1616237,0,0.55866903,2.5043383
3171,67,11473,1639,5dne_ASN_A_601,0,surfdock,0.55323854,0.88174387,2.1616237,0,0,2.5474067
3172,67,11480,1640,5dne_ASN_B_601,0,surfdock,0.55323854,0.88174387,2.1616237,0,0,2.5483569
3173,67,11487,1641,5dne_ASN_C_601,0,surfdock,0.55323854,0.88174387,2.1616237,0,0,2.5017056
3174,67,11494,1642,5dne_ASN_D_601,0,surfdock,0.55323854,0.88174387,2.1616237,0,0,2.420873
3175,67,11571,1653,5e4o_L57_A_201,0,surfdock,0.55323854,0.88174387,2.1616237,0,0.0010655202,2.9522823
3176,67,12061,1723,5g44_YTZ_A_1512,0,surfdock,0.55323854,0.88174387,2.1616237,0,0.00010079617,2.9993662
3177,67,12404,1772,5i5t_67X_B_402,0,surfdock,0.55323854,0.88174387,2.1616237,0,0.99593959,3.0629267
3178,67,12425,1775,5i8z_JA1_A_302,0,surfdock,0.55323854,0.88174387,2.1616237,0,0.98746334,3.8467733
3179,68,10192,1456,4uzi_IMD_B_1455,0,surfdock,0.5596316,0.90868079,2.1643662,0,0.86494796,1.9665179
3180,68,10598,1514,4z69_DIF_A_1006,0,surfdock,0.5995681,0.90672474,2.194066,0,0,3.3421721
3181,68,10612,1516,4z69_DIF_I_1006,0,surfdock,0.59204668,0.90196914,2.2563148,0,0.97985257,3.5106864
3182,68,4830,690,2ntk_IMP_A_205,0,surfdock,0.65469618,0.88365732,2.5358164,0,0,3.6712351
3183,68,4564,652,2htu_BCZ_A_801,0,surfdock,0.55349708,0.88315106,2.1643662,0,0,3.8575939
3184,68,5096,728,2qb3_PMP_A_700,0,surfdock,0.55349708,0.88315106,2.1643662,0,0,3.1583242
3185,68,5222,746,2qhv_OC9_A_1001,0,surfdock,0.55349708,0.88315106,2.1643662,0,0.9896149,2.8676035
3186,68,6412,916,3se2_LDR_B_2,0,surfdock,0.55349708,0.88315106,2.1643662,0,0.99832843,2.8723626
3187,68,6839,977,3wgc_PLG_A_401,0,surfdock,0.55349708,0.88315106,2.1643662,0,0,3.721126
3188,68,6846,978,3wgc_PLG_C_401,0,surfdock,0.55349708,0.88315106,2.1643662,0,0.98540505,3.8661146
3189,68,6853,979,3wgc_PLG_D_401,0,surfdock,0.55349708,0.88315106,2.1643662,0,0.97951194,3.7549692
3190,68,7112,1016,3zr0_8OG_B_1157,0,surfdock,0.55349708,0.88315106,2.1643662,0,0.95974371,3.9317826
3191,68,8316,1188,4evi_C9M_A_402,0,surfdock,0.55349708,0.88315106,2.1643662,0,0,2.3096986
3192,68,8736,1248,4i6y_MEV_A_501,0,surfdock,0.55349708,0.88315106,2.1643662,0,0,2.4878581
3193,68,8743,1249,4i6y_MEV_B_1001,0,surfdock,0.55349708,0.88315106,2.1643662,0,0.99439308,2.6002915
3194,68,10332,1476,4wua_3UL_A_701,0,surfdock,0.55349708,0.88315106,2.1643662,0,0.98708508,4.1555126
3195,68,10668,1524,4zbc_GLC_A_407,0,surfdock,0.55349708,0.88315106,2.1643662,0,0,2.7934014
3196,68,10682,1526,4zbc_GLC_B_406,0,surfdock,0.55349708,0.88315106,2.1643662,0,0,2.7070757
3197,68,10689,1527,4zbc_GLC_B_407,0,surfdock,0.55349708,0.88315106,2.1643662,0,0.081255711,2.4077078
3198,68,11067,1581,5ahn_IMP_A_1468,0,surfdock,0.55349708,0.88315106,2.1643662,0,0.94831195,3.4584502
3199,68,11130,1590,5bk9_SIN_A_301,0,surfdock,0.55349708,0.88315106,2.1643662,0,0.99492289,2.5050132
3200,68,11305,1615,5cjn_52F_A_809,0,surfdock,0.55349708,0.88315106,2.1643662,0,0.99020367,3.4173138
3201,68,11326,1618,5cpn_531_A_401,0,surfdock,0.55349708,0.88315106,2.1643662,0,0.9526016,2.8629017
3202,68,11333,1619,5cpn_531_B_401,0,surfdock,0.55349708,0.88315106,2.1643662,0,0.99198861,2.9442521
3203,68,11550,1650,5dz2_212_B_404,0,surfdock,0.55349708,0.88315106,2.1643662,0,0.99036767,2.9933616
3204,68,11844,1692,5fes_9SE_A_409,0,surfdock,0.55349708,0.88315106,2.1643662,0,0.00058938415,2.6339988
3205,68,11851,1693,5fh3_OXL_A_703,0,surfdock,0.55349708,0.88315106,2.1643662,0,0.99741032,1.518635
3206,68,11956,1708,5fqf_NGA_A_1588,0,surfdock,0.55349708,0.88315106,2.1643662,0,0.96236063,4.5167768
